1596 0 1600 2531 1
1600 2532 1609 2817 1.00182
1609 2818 1625 1791 1.0058
1625 1792 1625 6791 1.00486
1625 6792 1626 915 1.00604
1626 916 1634 810 1.00505
1634 811 1672 637 1.00625
1672 638 1678 544 1.00466
1678 545 1678 5544 1.00406
1678 5545 1684 1607 1.00375
1684 1608 1684 6607 1.00273
1684 6608 1689 9 1.00395
1689 10 1689 5009 1.00644
1689 5010 1689 10009 1.00338
1689 10010 1692 1719 1.00691
1692 1720 1717 1996 1.00915
1717 1997 1718 1104 1.01197
1718 1105 1718 6104 1.01135
1718 6105 1722 1281 1.01209
1722 1282 1725 330 1.01121
1725 331 1726 1637 1.01254
1726 1638 1729 3434 1.01154
1729 3435 1749 3244 1.0146
1749 3245 1769 681 1.0108
1769 682 1785 1724 1.00911
1785 1725 1787 4457 1.01003
1787 4458 1788 4147 1.01104
1788 4148 1790 3500 1.01153
1790 3501 1814 825 1.01248
1814 826 1815 4482 1.00921
1815 4483 1818 1196 1.00951
1818 1197 1826 1543 1.01118
1826 1544 1828 2560 1.01114
1828 2561 1830 2419 1.0121
1830 2420 1831 1358 1.01458
1831 1359 1837 993 1.01308
1837 994 1839 2722 1.01577
1839 2723 1839 7722 1.01571
1839 7723 1843 4380 1.02102
1843 4381 1850 3640 1.02025
1850 3641 1850 8640 1.02026
1850 8641 1850 13640 1.02502
1850 13641 1864 357 1.02644
1864 358 1867 239 1.02869
1867 240 1874 302 1.02494
1874 303 1878 2860 1.02688
1878 2861 1878 7860 1.0261
1878 7861 1879 1355 1.02415
1879 1356 1909 2369 1.02553
1909 2370 1909 7369 1.02369
1909 7370 1910 4198 1.02243
1910 4199 1914 1908 1.02243
1914 1909 1916 3446 1.02531
1916 3447 1916 8446 1.02344
1916 8447 1917 2033 1.02223
1917 2034 1922 151 1.02324
1922 152 1923 3166 1.02255
1923 3167 1930 54 1.02148
1930 55 1936 1808 1.02211
1936 1809 1940 3594 1.01947
1940 3595 1944 1517 1.01794
1944 1518 1944 6517 1.01917
1944 6518 1950 193 1.01657
1950 194 1952 1348 1.0176
1952 1349 1953 220 1.01794
