1628	0	1.00462	0.00189233
1628	1	1.00462	0.00189233
1628	2	1.00462	0.00189233
1628	3	1.00462	0.00189233
1628	4	1.00462	0.00189233
1628	5	1.00462	0.00189233
1628	6	1.00462	0.00189233
1628	7	1.00462	0.00189233
1628	8	1.00462	0.00189233
1628	9	1.00462	0.00189233
1628	10	1.00462	0.00189233
1628	11	1.00462	0.00189233
1628	12	1.00462	0.00189233
1628	13	1.00462	0.00189233
1628	14	1.00462	0.00189233
1628	15	1.00462	0.00189233
1628	16	1.00462	0.00189233
1628	17	1.00462	0.00189233
1628	18	1.00462	0.00189233
1628	19	1.00462	0.00189233
1628	20	1.00462	0.00189233
1628	21	1.00462	0.00189233
1628	22	1.00462	0.00189233
1628	23	1.00462	0.00189233
1628	24	1.00462	0.00189233
1628	25	1.00462	0.00189233
1628	26	1.00462	0.00189233
1628	27	1.00462	0.00189233
1628	28	1.00462	0.00189233
1628	29	1.00462	0.00189233
1628	30	1.00462	0.00189233
1628	31	1.00462	0.00189233
1628	32	1.00462	0.00189233
1628	33	1.00462	0.00189233
1628	34	1.00462	0.00189233
1628	35	1.00462	0.00189233
1628	36	1.00462	0.00189233
1628	37	1.00462	0.00189233
1628	38	1.00462	0.00189233
1628	39	1.00462	0.00189233
1628	40	1.00462	0.00189233
1628	41	1.00462	0.00189233
1628	42	1.00462	0.00189233
1628	43	1.00462	0.00189233
1628	44	1.00462	0.00189233
1628	45	1.00462	0.00189233
1628	46	1.00462	0.00189233
1628	47	1.00462	0.00189233
1628	48	1.00462	0.00189233
1628	49	1.00462	0.00189233
1628	50	1.00462	0.00189233
1628	51	1.00462	0.00189233
1628	52	1.00462	0.00189233
1628	53	1.00462	0.00189233
1628	54	1.00462	0.00189233
1628	55	1.00462	0.00189233
1628	56	1.00462	0.00189233
1628	57	1.00462	0.00189233
1628	58	1.00462	0.00189233
1628	59	1.00462	0.00189233
1628	60	1.00462	0.00189233
1628	61	1.00462	0.00189233
1628	62	1.00462	0.00189233
1628	63	1.00462	0.00189233
1628	64	1.00462	0.00189233
1628	65	1.00462	0.00189233
1628	66	1.00462	0.00189233
1628	67	1.00462	0.00189233
1628	68	1.00462	0.00189233
1628	69	1.00462	0.00189233
1628	70	1.00462	0.00189233
1628	71	1.00462	0.00189233
1628	72	1.00462	0.00189233
1628	73	1.00462	0.00189233
1628	74	1.00462	0.00189233
1628	75	1.00462	0.00189233
1628	76	1.00462	0.00189233
1628	77	1.00462	0.00189233
1628	78	1.00462	0.00189233
1628	79	1.00462	0.00189233
1628	80	1.00462	0.00189233
1628	81	1.00462	0.00189233
1628	82	1.00462	0.00189233
1628	83	1.00462	0.00189233
1628	84	1.00462	0.00189233
1628	85	1.00462	0.00189233
1628	86	1.00462	0.00189233
1628	87	1.00462	0.00189233
1628	88	1.00462	0.00189233
1628	89	1.00462	0.00189233
1628	90	1.00462	0.00189233
1628	91	1.00462	0.00189233
1628	92	1.00462	0.00189233
1628	93	1.00462	0.00189233
1628	94	1.00462	0.00189233
1628	95	1.00462	0.00189233
1628	96	1.00462	0.00189233
1628	97	1.00462	0.00189233
1628	98	1.00462	0.00189233
1628	99	1.00462	0.00189233
1628	100	1.00462	0.00189233
1628	101	1.00462	0.00189233
1628	102	1.00462	0.00189233
1628	103	1.00462	0.00189233
1628	104	1.00462	0.00189233
1628	105	1.00462	0.00189233
1628	106	1.00462	0.00189233
1628	107	1.00462	0.00189233
1628	108	1.00462	0.00189233
1628	109	1.00462	0.00189233
1628	110	1.00462	0.00189233
1628	111	1.00462	0.00189233
1628	112	1.00462	0.00189233
1628	113	1.00462	0.00189233
1628	114	1.00462	0.00189233
1628	115	1.00462	0.00189233
1628	116	1.00462	0.00189233
1628	117	1.00462	0.00189233
1628	118	1.00462	0.00189233
1628	119	1.00462	0.00189233
1628	120	1.00462	0.00189233
1628	121	1.00462	0.00189233
1628	122	1.00462	0.00189233
1628	123	1.00462	0.00189233
1628	124	1.00462	0.00189233
1628	125	1.00462	0.00189233
1628	126	1.00462	0.00189233
1628	127	1.00462	0.00189233
1628	128	1.00462	0.00189233
1628	129	1.00462	0.00189233
1628	130	1.00462	0.00189233
1628	131	1.00462	0.00189233
1628	132	1.00462	0.00189233
1628	133	1.00462	0.00189233
1628	134	1.00462	0.00189233
1628	135	1.00462	0.00189233
1628	136	1.00462	0.00189233
1628	137	1.00462	0.00189233
1628	138	1.00462	0.00189233
1628	139	1.00462	0.00189233
1628	140	1.00462	0.00189233
1628	141	1.00462	0.00189233
1628	142	1.00462	0.00189233
1628	143	1.00462	0.00189233
1628	144	1.00462	0.00189233
1628	145	1.00462	0.00189233
1628	146	1.00462	0.00189233
1628	147	1.00462	0.00189233
1628	148	1.00462	0.00189233
1628	149	1.00462	0.00189233
1628	150	1.00462	0.00189233
1628	151	1.00462	0.00189233
1628	152	1.00462	0.00189233
1628	153	1.00462	0.00189233
1628	154	1.00462	0.00189233
1628	155	1.00462	0.00189233
1628	156	1.00462	0.00189233
1628	157	1.00462	0.00189233
1628	158	1.00462	0.00189233
1628	159	1.00462	0.00189233
1628	160	1.00462	0.00189233
1628	161	1.00462	0.00189233
1628	162	1.00462	0.00189233
1628	163	1.00462	0.00189233
1628	164	1.00462	0.00189233
1628	165	1.00462	0.00189233
1628	166	1.00462	0.00189233
1628	167	1.00462	0.00189233
1628	168	1.00462	0.00189233
1628	169	1.00462	0.00189233
1628	170	1.00462	0.00189233
1628	171	1.00462	0.00189233
1628	172	1.00462	0.00189233
1628	173	1.00462	0.00189233
1628	174	1.00462	0.00189233
1628	175	1.00462	0.00189233
1628	176	1.00462	0.00189233
1628	177	1.00462	0.00189233
1628	178	1.00462	0.00189233
1628	179	1.00462	0.00189233
1628	180	1.00462	0.00189233
1628	181	1.00462	0.00189233
1628	182	1.00462	0.00189233
1628	183	1.00462	0.00189233
1628	184	1.00462	0.00189233
1628	185	1.00462	0.00189233
1628	186	1.00462	0.00189233
1628	187	1.00462	0.00189233
1628	188	1.00462	0.00189233
1628	189	1.00462	0.00189233
1628	190	1.00462	0.00189233
1628	191	1.00462	0.00189233
1628	192	1.00462	0.00189233
1628	193	1.00462	0.00189233
1628	194	1.00462	0.00189233
1628	195	1.00462	0.00189233
1628	196	1.00462	0.00189233
1628	197	1.00462	0.00189233
1628	198	1.00462	0.00189233
1628	199	1.00462	0.00189233
1628	200	1.00462	0.00189233
1628	201	1.00462	0.00189233
1628	202	1.00462	0.00189233
1628	203	1.00462	0.00189233
1628	204	1.00462	0.00189233
1628	205	1.00462	0.00189233
1628	206	1.00462	0.00189233
1628	207	1.00462	0.00189233
1628	208	1.00462	0.00189233
1628	209	1.00462	0.00189233
1628	210	1.00462	0.00189233
1628	211	1.00462	0.00189233
1628	212	1.00462	0.00189233
1628	213	1.00462	0.00189233
1628	214	1.00462	0.00189233
1628	215	1.00462	0.00189233
1628	216	1.00462	0.00189233
1628	217	1.00462	0.00189233
1628	218	1.00462	0.00189233
1628	219	1.00462	0.00189233
1628	220	1.00462	0.00189233
1628	221	1.00462	0.00189233
1628	222	1.00462	0.00189233
1628	223	1.00462	0.00189233
1628	224	1.00462	0.00189233
1628	225	1.00462	0.00189233
1628	226	1.00462	0.00189233
1628	227	1.00462	0.00189233
1628	228	1.00462	0.00189233
1628	229	1.00462	0.00189233
1628	230	1.00462	0.00189233
1628	231	1.00462	0.00189233
1628	232	1.00462	0.00189233
1628	233	1.00462	0.00189233
1628	234	1.00462	0.00189233
1628	235	1.00462	0.00189233
1628	236	1.00462	0.00189233
1628	237	1.00462	0.00189233
1628	238	1.00462	0.00189233
1628	239	1.00462	0.00189233
1628	240	1.00462	0.00189233
1628	241	1.00462	0.00189233
1628	242	1.00462	0.00189233
1628	243	1.00462	0.00189233
1628	244	1.00462	0.00189233
1628	245	1.00462	0.00189233
1628	246	1.00462	0.00189233
1628	247	1.00462	0.00189233
1628	248	1.00462	0.00189233
1628	249	1.00462	0.00189233
1628	250	1.00462	0.00189233
1628	251	1.00462	0.00189233
1628	252	1.00462	0.00189233
1628	253	1.00462	0.00189233
1628	254	1.00462	0.00189233
1628	255	1.00462	0.00189233
1628	256	1.00462	0.00189233
1628	257	1.00462	0.00189233
1628	258	1.00462	0.00189233
1628	259	1.00462	0.00189233
1628	260	1.00462	0.00189233
1628	261	1.00462	0.00189233
1628	262	1.00462	0.00189233
1628	263	1.00462	0.00189233
1628	264	1.00462	0.00189233
1628	265	1.00462	0.00189233
1628	266	1.00462	0.00189233
1628	267	1.00462	0.00189233
1628	268	1.00462	0.00189233
1628	269	1.00462	0.00189233
1628	270	1.00462	0.00189233
1628	271	1.00462	0.00189233
1628	272	1.00462	0.00189233
1628	273	1.00462	0.00189233
1628	274	1.00462	0.00189233
1628	275	1.00462	0.00189233
1628	276	1.00462	0.00189233
1628	277	1.00462	0.00189233
1628	278	1.00462	0.00189233
1628	279	1.00462	0.00189233
1628	280	1.00462	0.00189233
1628	281	1.00462	0.00189233
1628	282	1.00462	0.00189233
1628	283	1.00462	0.00189233
1628	284	1.00462	0.00189233
1628	285	1.00462	0.00189233
1628	286	1.00462	0.00189233
1628	287	1.00462	0.00189233
1628	288	1.00462	0.00189233
1628	289	1.00462	0.00189233
1628	290	1.00462	0.00189233
1628	291	1.00462	0.00189233
1628	292	1.00462	0.00189233
1628	293	1.00462	0.00189233
1628	294	1.00462	0.00189233
1628	295	1.00462	0.00189233
1628	296	1.00462	0.00189233
1628	297	1.00462	0.00189233
1628	298	1.00462	0.00189233
1628	299	1.00462	0.00189233
1628	300	1.00462	0.00189233
1628	301	1.00462	0.00189233
1628	302	1.00462	0.00189233
1628	303	1.00462	0.00189233
1628	304	1.00462	0.00189233
1628	305	1.00462	0.00189233
1628	306	1.00462	0.00189233
1628	307	1.00462	0.00189233
1628	308	1.00462	0.00189233
1628	309	1.00462	0.00189233
1628	310	1.00462	0.00189233
1628	311	1.00462	0.00189233
1628	312	1.00462	0.00189233
1628	313	1.00462	0.00189233
1628	314	1.00462	0.00189233
1628	315	1.00462	0.00189233
1628	316	1.00462	0.00189233
1628	317	1.00462	0.00189233
1628	318	1.00462	0.00189233
1628	319	1.00462	0.00189233
1628	320	1.00462	0.00189233
1628	321	1.00462	0.00189233
1628	322	1.00462	0.00189233
1628	323	1.00462	0.00189233
1628	324	1.00462	0.00189233
1628	325	1.00462	0.00189233
1628	326	1.00462	0.00189233
1628	327	1.00462	0.00189233
1628	328	1.00462	0.00189233
1628	329	1.00462	0.00189233
1628	330	1.00462	0.00189233
1628	331	1.00462	0.00189233
1628	332	1.00462	0.00189233
1628	333	1.00462	0.00189233
1628	334	1.00462	0.00189233
1628	335	1.00462	0.00189233
1628	336	1.00462	0.00189233
1628	337	1.00462	0.00189233
1628	338	1.00462	0.00189233
1628	339	1.00462	0.00189233
1628	340	1.00462	0.00189233
1628	341	1.00462	0.00189233
1628	342	1.00462	0.00189233
1628	343	1.00462	0.00189233
1628	344	1.00462	0.00189233
1628	345	1.00462	0.00189233
1628	346	1.00462	0.00189233
1628	347	1.00462	0.00189233
1628	348	1.00462	0.00189233
1628	349	1.00462	0.00189233
1628	350	1.00462	0.00189233
1628	351	1.00462	0.00189233
1628	352	1.00462	0.00189233
1628	353	1.00462	0.00189233
1628	354	1.00462	0.00189233
1628	355	1.00462	0.00189233
1628	356	1.00462	0.00189233
1628	357	1.00462	0.00189233
1628	358	1.00462	0.00189233
1628	359	1.00462	0.00189233
1628	360	1.00462	0.00189233
1628	361	1.00462	0.00189233
1628	362	1.00462	0.00189233
1628	363	1.00462	0.00189233
1628	364	1.00462	0.00189233
1628	365	1.00462	0.00189233
1628	366	1.00462	0.00189233
1628	367	1.00462	0.00189233
1628	368	1.00462	0.00189233
1628	369	1.00462	0.00189233
1628	370	1.00462	0.00189233
1628	371	1.00462	0.00189233
1628	372	1.00462	0.00189233
1628	373	1.00462	0.00189233
1628	374	1.00462	0.00189233
1628	375	1.00462	0.00189233
1628	376	1.00462	0.00189233
1628	377	1.00462	0.00189233
1628	378	1.00462	0.00189233
1628	379	1.00462	0.00189233
1628	380	1.00462	0.00189233
1628	381	1.00462	0.00189233
1628	382	1.00462	0.00189233
1628	383	1.00462	0.00189233
1628	384	1.00462	0.00189233
1628	385	1.00462	0.00189233
1628	386	1.00462	0.00189233
1628	387	1.00462	0.00189233
1628	388	1.00462	0.00189233
1628	389	1.00462	0.00189233
1628	390	1.00462	0.00189233
1628	391	1.00462	0.00189233
1628	392	1.00462	0.00189233
1628	393	1.00462	0.00189233
1628	394	1.00462	0.00189233
1628	395	1.00462	0.00189233
1628	396	1.00462	0.00189233
1628	397	1.00462	0.00189233
1628	398	1.00462	0.00189233
1628	399	1.00462	0.00189233
1628	400	1.00462	0.00189233
1628	401	1.00462	0.00189233
1628	402	1.00462	0.00189233
1628	403	1.00462	0.00189233
1628	404	1.00462	0.00189233
1628	405	1.00462	0.00189233
1628	406	1.00462	0.00189233
1628	407	1.00462	0.00189233
1628	408	1.00462	0.00189233
1628	409	1.00462	0.00189233
1628	410	1.00462	0.00189233
1628	411	1.00462	0.00189233
1628	412	1.00462	0.00189233
1628	413	1.00462	0.00189233
1628	414	1.00462	0.00189233
1628	415	1.00462	0.00189233
1628	416	1.00462	0.00189233
1628	417	1.00462	0.00189233
1628	418	1.00462	0.00189233
1628	419	1.00462	0.00189233
1628	420	1.00462	0.00189233
1628	421	1.00462	0.00189233
1628	422	1.00462	0.00189233
1628	423	1.00462	0.00189233
1628	424	1.00462	0.00189233
1628	425	1.00462	0.00189233
1628	426	1.00462	0.00189233
1628	427	1.00462	0.00189233
1628	428	1.00462	0.00189233
1628	429	1.00462	0.00189233
1628	430	1.00462	0.00189233
1628	431	1.00462	0.00189233
1628	432	1.00462	0.00189233
1628	433	1.00462	0.00189233
1628	434	1.00462	0.00189233
1628	435	1.00462	0.00189233
1628	436	1.00462	0.00189233
1628	437	1.00462	0.00189233
1628	438	1.00462	0.00189233
1628	439	1.00462	0.00189233
1628	440	1.00462	0.00189233
1628	441	1.00462	0.00189233
1628	442	1.00462	0.00189233
1628	443	1.00462	0.00189233
1628	444	1.00462	0.00189233
1628	445	1.00462	0.00189233
1628	446	1.00462	0.00189233
1628	447	1.00462	0.00189233
1628	448	1.00462	0.00189233
1628	449	1.00462	0.00189233
1628	450	1.00462	0.00189233
1628	451	1.00462	0.00189233
1628	452	1.00462	0.00189233
1628	453	1.00462	0.00189233
1628	454	1.00462	0.00189233
1628	455	1.00462	0.00189233
1628	456	1.00462	0.00189233
1628	457	1.00462	0.00189233
1628	458	1.00462	0.00189233
1628	459	1.00462	0.00189233
1628	460	1.00462	0.00189233
1628	461	1.00462	0.00189233
1628	462	1.00462	0.00189233
1628	463	1.00462	0.00189233
1628	464	1.00462	0.00189233
1628	465	1.00462	0.00189233
1628	466	1.00462	0.00189233
1628	467	1.00462	0.00189233
1628	468	1.00462	0.00189233
1628	469	1.00462	0.00189233
1628	470	1.00462	0.00189233
1628	471	1.00462	0.00189233
1628	472	1.00462	0.00189233
1628	473	1.00462	0.00189233
1628	474	1.00462	0.00189233
1628	475	1.00462	0.00189233
1628	476	1.00462	0.00189233
1628	477	1.00462	0.00189233
1628	478	1.00462	0.00189233
1628	479	1.00462	0.00189233
1628	480	1.00462	0.00189233
1628	481	1.00462	0.00189233
1628	482	1.00462	0.00189233
1628	483	1.00462	0.00189233
1628	484	1.00462	0.00189233
1628	485	1.00462	0.00189233
1628	486	1.00462	0.00189233
1628	487	1.00462	0.00189233
1628	488	1.00462	0.00189233
1628	489	1.00462	0.00189233
1628	490	1.00462	0.00189233
1628	491	1.00462	0.00189233
1628	492	1.00462	0.00189233
1628	493	1.00462	0.00189233
1628	494	1.00462	0.00189233
1628	495	1.00462	0.00189233
1628	496	1.00462	0.00189233
1628	497	1.00462	0.00189233
1628	498	1.00462	0.00189233
1628	499	1.00462	0.00189233
1628	500	1.00462	0.00189233
1628	501	1.00462	0.00189233
1628	502	1.00462	0.00189233
1628	503	1.00462	0.00189233
1628	504	1.00462	0.00189233
1628	505	1.00462	0.00189233
1628	506	1.00462	0.00189233
1628	507	1.00462	0.00189233
1628	508	1.00462	0.00189233
1628	509	1.00462	0.00189233
1628	510	1.00462	0.00189233
1628	511	1.00462	0.00189233
1628	512	1.00462	0.00189233
1628	513	1.00462	0.00189233
1628	514	1.00462	0.00189233
1628	515	1.00462	0.00189233
1628	516	1.00462	0.00189233
1628	517	1.00462	0.00189233
1628	518	1.00462	0.00189233
1628	519	1.00462	0.00189233
1628	520	1.00462	0.00189233
1628	521	1.00462	0.00189233
1628	522	1.00462	0.00189233
1628	523	1.00462	0.00189233
1628	524	1.00462	0.00189233
1628	525	1.00462	0.00189233
1628	526	1.00462	0.00189233
1628	527	1.00462	0.00189233
1628	528	1.00462	0.00189233
1628	529	1.00462	0.00189233
1628	530	1.00462	0.00189233
1628	531	1.00462	0.00189233
1628	532	1.00462	0.00189233
1628	533	1.00462	0.00189233
1628	534	1.00462	0.00189233
1628	535	1.00462	0.00189233
1628	536	1.00462	0.00189233
1628	537	1.00462	0.00189233
1628	538	1.00462	0.00189233
1628	539	1.00462	0.00189233
1628	540	1.00462	0.00189233
1628	541	1.00462	0.00189233
1628	542	1.00462	0.00189233
1628	543	1.00462	0.00189233
1628	544	1.00462	0.00189233
1628	545	1.00462	0.00189233
1628	546	1.00462	0.00189233
1628	547	1.00462	0.00189233
1628	548	1.00462	0.00189233
1628	549	1.00462	0.00189233
1628	550	1.00462	0.00189233
1628	551	1.00462	0.00189233
1628	552	1.00462	0.00189233
1628	553	1.00462	0.00189233
1628	554	1.00462	0.00189233
1628	555	1.00462	0.00189233
1628	556	1.00462	0.00189233
1628	557	1.00462	0.00189233
1628	558	1.00462	0.00189233
1628	559	1.00462	0.00189233
1628	560	1.00462	0.00189233
1628	561	1.00462	0.00189233
1628	562	1.00462	0.00189233
1628	563	1.00462	0.00189233
1628	564	1.00462	0.00189233
1628	565	1.00462	0.00189233
1628	566	1.00462	0.00189233
1628	567	1.00462	0.00189233
1628	568	1.00462	0.00189233
1628	569	1.00462	0.00189233
1628	570	1.00462	0.00189233
1628	571	1.00462	0.00189233
1628	572	1.00462	0.00189233
1628	573	1.00462	0.00189233
1628	574	1.00462	0.00189233
1628	575	1.00462	0.00189233
1628	576	1.00462	0.00189233
1628	577	1.00462	0.00189233
1628	578	1.00462	0.00189233
1628	579	1.00462	0.00189233
1628	580	1.00462	0.00189233
1628	581	1.00462	0.00189233
1628	582	1.00462	0.00189233
1628	583	1.00462	0.00189233
1628	584	1.00462	0.00189233
1628	585	1.00462	0.00189233
1628	586	1.00462	0.00189233
1628	587	1.00462	0.00189233
1628	588	1.00462	0.00189233
1628	589	1.00462	0.00189233
1628	590	1.00462	0.00189233
1628	591	1.00462	0.00189233
1628	592	1.00462	0.00189233
1628	593	1.00462	0.00189233
1628	594	1.00462	0.00189233
1628	595	1.00462	0.00189233
1628	596	1.00462	0.00189233
1628	597	1.00462	0.00189233
1628	598	1.00462	0.00189233
1628	599	1.00462	0.00189233
1628	600	1.00462	0.00189233
1628	601	1.00462	0.00189233
1628	602	1.00462	0.00189233
1628	603	1.00462	0.00189233
1628	604	1.00462	0.00189233
1628	605	1.00462	0.00189233
1628	606	1.00462	0.00189233
1628	607	1.00462	0.00189233
1628	608	1.00462	0.00189233
1628	609	1.00462	0.00189233
1628	610	1.00462	0.00189233
1628	611	1.00462	0.00189233
1628	612	1.00462	0.00189233
1628	613	1.00462	0.00189233
1628	614	1.00462	0.00189233
1628	615	1.00462	0.00189233
1628	616	1.00462	0.00189233
1628	617	1.00462	0.00189233
1628	618	1.00462	0.00189233
1628	619	1.00462	0.00189233
1628	620	1.00462	0.00189233
1628	621	1.00462	0.00189233
1628	622	1.00462	0.00189233
1628	623	1.00462	0.00189233
1628	624	1.00462	0.00189233
1628	625	1.00462	0.00189233
1628	626	1.00462	0.00189233
1628	627	1.00462	0.00189233
1628	628	1.00462	0.00189233
1628	629	1.00462	0.00189233
1628	630	1.00462	0.00189233
1628	631	1.00462	0.00189233
1628	632	1.00462	0.00189233
1628	633	1.00462	0.00189233
1628	634	1.00462	0.00189233
1628	635	1.00462	0.00189233
1628	636	1.00462	0.00189233
1628	637	1.00462	0.00189233
1628	638	1.00462	0.00189233
1628	639	1.00462	0.00189233
1628	640	1.00462	0.00189233
1628	641	1.00462	0.00189233
1628	642	1.00462	0.00189233
1628	643	1.00462	0.00189233
1628	644	1.00462	0.00189233
1628	645	1.00462	0.00189233
1628	646	1.00462	0.00189233
1628	647	1.00462	0.00189233
1628	648	1.00462	0.00189233
1628	649	1.00462	0.00189233
1628	650	1.00462	0.00189233
1628	651	1.00462	0.00189233
1628	652	1.00462	0.00189233
1628	653	1.00462	0.00189233
1628	654	1.00462	0.00189233
1628	655	1.00462	0.00189233
1628	656	1.00462	0.00189233
1628	657	1.00462	0.00189233
1628	658	1.00462	0.00189233
1628	659	1.00462	0.00189233
1628	660	1.00462	0.00189233
1628	661	1.00462	0.00189233
1628	662	1.00462	0.00189233
1628	663	1.00462	0.00189233
1628	664	1.00462	0.00189233
1628	665	1.00462	0.00189233
1628	666	1.00462	0.00189233
1628	667	1.00462	0.00189233
1628	668	1.00462	0.00189233
1628	669	1.00462	0.00189233
1628	670	1.00462	0.00189233
1628	671	1.00462	0.00189233
1628	672	1.00462	0.00189233
1628	673	1.00462	0.00189233
1628	674	1.00462	0.00189233
1628	675	1.00462	0.00189233
1628	676	1.00462	0.00189233
1628	677	1.00462	0.00189233
1628	678	1.00462	0.00189233
1628	679	1.00462	0.00189233
1628	680	1.00462	0.00189233
1628	681	1.00462	0.00189233
1628	682	1.00462	0.00189233
1628	683	1.00462	0.00189233
1628	684	1.00462	0.00189233
1628	685	1.00462	0.00189233
1628	686	1.00462	0.00189233
1628	687	1.00462	0.00189233
1628	688	1.00462	0.00189233
1628	689	1.00462	0.00189233
1628	690	1.00462	0.00189233
1628	691	1.00462	0.00189233
1628	692	1.00462	0.00189233
1628	693	1.00462	0.00189233
1628	694	1.00462	0.00189233
1628	695	1.00462	0.00189233
1628	696	1.00462	0.00189233
1628	697	1.00462	0.00189233
1628	698	1.00462	0.00189233
1628	699	1.00462	0.00189233
1628	700	1.00462	0.00189233
1628	701	1.00462	0.00189233
1628	702	1.00462	0.00189233
1628	703	1.00462	0.00189233
1628	704	1.00462	0.00189233
1628	705	1.00462	0.00189233
1628	706	1.00462	0.00189233
1628	707	1.00462	0.00189233
1628	708	1.00462	0.00189233
1628	709	1.00462	0.00189233
1628	710	1.00462	0.00189233
1628	711	1.00462	0.00189233
1628	712	1.00462	0.00189233
1628	713	1.00462	0.00189233
1628	714	1.00462	0.00189233
1628	715	1.00462	0.00189233
1628	716	1.00462	0.00189233
1628	717	1.00462	0.00189233
1628	718	1.00462	0.00189233
1628	719	1.00462	0.00189233
