1831	0	1.00956	0.00193245
1831	1	1.00956	0.00193245
1831	2	1.00956	0.00193245
1831	3	1.00956	0.00193245
1831	4	1.00956	0.00193245
1831	5	1.00956	0.00193245
1831	6	1.00956	0.00193245
1831	7	1.00956	0.00193245
1831	8	1.00956	0.00193245
1831	9	1.00956	0.00193245
1831	10	1.00956	0.00193245
1831	11	1.00956	0.00193245
1831	12	1.00956	0.00193245
1831	13	1.00956	0.00193245
1831	14	1.00956	0.00193245
1831	15	1.00956	0.00193245
1831	16	1.00956	0.00193245
1831	17	1.00956	0.00193245
1831	18	1.00956	0.00193245
1831	19	1.00956	0.00193245
1831	20	1.00956	0.00193245
1831	21	1.00956	0.00193245
1831	22	1.00956	0.00193245
1831	23	1.00956	0.00193245
1831	24	1.00956	0.00193245
1831	25	1.00956	0.00193245
1831	26	1.00956	0.00193245
1831	27	1.00956	0.00193245
1831	28	1.00956	0.00193245
1831	29	1.00956	0.00193245
1831	30	1.00956	0.00193245
1831	31	1.00956	0.00193245
1831	32	1.00956	0.00193245
1831	33	1.00956	0.00193245
1831	34	1.00956	0.00193245
1831	35	1.00956	0.00193245
1831	36	1.00956	0.00193245
1831	37	1.00956	0.00193245
1831	38	1.00956	0.00193245
1831	39	1.00956	0.00193245
1831	40	1.00956	0.00193245
1831	41	1.00956	0.00193245
1831	42	1.00956	0.00193245
1831	43	1.00956	0.00193245
1831	44	1.00956	0.00193245
1831	45	1.00956	0.00193245
1831	46	1.00956	0.00193245
1831	47	1.00956	0.00193245
1831	48	1.00956	0.00193245
1831	49	1.00956	0.00193245
1831	50	1.00956	0.00193245
1831	51	1.00956	0.00193245
1831	52	1.00956	0.00193245
1831	53	1.00956	0.00193245
1831	54	1.00956	0.00193245
1831	55	1.00956	0.00193245
1831	56	1.00956	0.00193245
1831	57	1.00956	0.00193245
1831	58	1.00956	0.00193245
1831	59	1.00956	0.00193245
1831	60	1.00956	0.00193245
1831	61	1.00956	0.00193245
1831	62	1.00956	0.00193245
1831	63	1.00956	0.00193245
1831	64	1.00956	0.00193245
1831	65	1.00956	0.00193245
1831	66	1.00956	0.00193245
1831	67	1.00956	0.00193245
1831	68	1.00956	0.00193245
1831	69	1.00956	0.00193245
1831	70	1.00956	0.00193245
1831	71	1.00956	0.00193245
1831	72	1.00956	0.00193245
1831	73	1.00956	0.00193245
1831	74	1.00956	0.00193245
1831	75	1.00956	0.00193245
1831	76	1.00956	0.00193245
1831	77	1.00956	0.00193245
1831	78	1.00956	0.00193245
1831	79	1.00956	0.00193245
1831	80	1.00956	0.00193245
1831	81	1.00956	0.00193245
1831	82	1.00956	0.00193245
1831	83	1.00956	0.00193245
1831	84	1.00956	0.00193245
1831	85	1.00956	0.00193245
1831	86	1.00956	0.00193245
1831	87	1.00956	0.00193245
1831	88	1.00956	0.00193245
1831	89	1.00956	0.00193245
1831	90	1.00956	0.00193245
1831	91	1.00956	0.00193245
1831	92	1.00956	0.00193245
1831	93	1.00956	0.00193245
1831	94	1.00956	0.00193245
1831	95	1.00956	0.00193245
1831	96	1.00956	0.00193245
1831	97	1.00956	0.00193245
1831	98	1.00956	0.00193245
1831	99	1.00956	0.00193245
1831	100	1.00956	0.00193245
1831	101	1.00956	0.00193245
1831	102	1.00956	0.00193245
1831	103	1.00956	0.00193245
1831	104	1.00956	0.00193245
1831	105	1.00956	0.00193245
1831	106	1.00956	0.00193245
1831	107	1.00956	0.00193245
1831	108	1.00956	0.00193245
1831	109	1.00956	0.00193245
1831	110	1.00956	0.00193245
1831	111	1.00956	0.00193245
1831	112	1.00956	0.00193245
1831	113	1.00956	0.00193245
1831	114	1.00956	0.00193245
1831	115	1.00956	0.00193245
1831	116	1.00956	0.00193245
1831	117	1.00956	0.00193245
1831	118	1.00956	0.00193245
1831	119	1.00956	0.00193245
1831	120	1.00956	0.00193245
1831	121	1.00956	0.00193245
1831	122	1.00956	0.00193245
1831	123	1.00956	0.00193245
1831	124	1.00956	0.00193245
1831	125	1.00956	0.00193245
1831	126	1.00956	0.00193245
1831	127	1.00956	0.00193245
1831	128	1.00956	0.00193245
1831	129	1.00956	0.00193245
1831	130	1.00956	0.00193245
1831	131	1.00956	0.00193245
1831	132	1.00956	0.00193245
1831	133	1.00956	0.00193245
1831	134	1.00956	0.00193245
1831	135	1.00956	0.00193245
1831	136	1.00956	0.00193245
1831	137	1.00956	0.00193245
1831	138	1.00956	0.00193245
1831	139	1.00956	0.00193245
1831	140	1.00956	0.00193245
1831	141	1.00956	0.00193245
1831	142	1.00956	0.00193245
1831	143	1.00956	0.00193245
1831	144	1.00956	0.00193245
1831	145	1.00956	0.00193245
1831	146	1.00956	0.00193245
1831	147	1.00956	0.00193245
1831	148	1.00956	0.00193245
1831	149	1.00956	0.00193245
1831	150	1.00956	0.00193245
1831	151	1.00956	0.00193245
1831	152	1.00956	0.00193245
1831	153	1.00956	0.00193245
1831	154	1.00956	0.00193245
1831	155	1.00956	0.00193245
1831	156	1.00956	0.00193245
1831	157	1.00956	0.00193245
1831	158	1.00956	0.00193245
1831	159	1.00956	0.00193245
1831	160	1.00956	0.00193245
1831	161	1.00956	0.00193245
1831	162	1.00956	0.00193245
1831	163	1.00956	0.00193245
1831	164	1.00956	0.00193245
1831	165	1.00956	0.00193245
1831	166	1.00956	0.00193245
1831	167	1.00956	0.00193245
1831	168	1.00956	0.00193245
1831	169	1.00956	0.00193245
1831	170	1.00956	0.00193245
1831	171	1.00956	0.00193245
1831	172	1.00956	0.00193245
1831	173	1.00956	0.00193245
1831	174	1.00956	0.00193245
1831	175	1.00956	0.00193245
1831	176	1.00956	0.00193245
1831	177	1.00956	0.00193245
1831	178	1.00956	0.00193245
1831	179	1.00956	0.00193245
1831	180	1.00956	0.00193245
1831	181	1.00956	0.00193245
1831	182	1.00956	0.00193245
1831	183	1.00956	0.00193245
1831	184	1.00956	0.00193245
1831	185	1.00956	0.00193245
1831	186	1.00956	0.00193245
1831	187	1.00956	0.00193245
1831	188	1.00956	0.00193245
1831	189	1.00956	0.00193245
1831	190	1.00956	0.00193245
1831	191	1.00956	0.00193245
1831	192	1.00956	0.00193245
1831	193	1.00956	0.00193245
1831	194	1.00956	0.00193245
1831	195	1.00956	0.00193245
1831	196	1.00956	0.00193245
1831	197	1.00956	0.00193245
1831	198	1.00956	0.00193245
1831	199	1.00956	0.00193245
1831	200	1.00956	0.00193245
1831	201	1.00956	0.00193245
1831	202	1.00956	0.00193245
1831	203	1.00956	0.00193245
1831	204	1.00956	0.00193245
1831	205	1.00956	0.00193245
1831	206	1.00956	0.00193245
1831	207	1.00956	0.00193245
1831	208	1.00956	0.00193245
1831	209	1.00956	0.00193245
1831	210	1.00956	0.00193245
1831	211	1.00956	0.00193245
1831	212	1.00956	0.00193245
1831	213	1.00956	0.00193245
1831	214	1.00956	0.00193245
1831	215	1.00956	0.00193245
1831	216	1.00956	0.00193245
1831	217	1.00956	0.00193245
1831	218	1.00956	0.00193245
1831	219	1.00956	0.00193245
1831	220	1.00956	0.00193245
1831	221	1.00956	0.00193245
1831	222	1.00956	0.00193245
1831	223	1.00956	0.00193245
1831	224	1.00956	0.00193245
1831	225	1.00956	0.00193245
1831	226	1.00956	0.00193245
1831	227	1.00956	0.00193245
1831	228	1.00956	0.00193245
1831	229	1.00956	0.00193245
1831	230	1.00956	0.00193245
1831	231	1.00956	0.00193245
1831	232	1.00956	0.00193245
1831	233	1.00956	0.00193245
1831	234	1.00956	0.00193245
1831	235	1.00956	0.00193245
1831	236	1.00956	0.00193245
1831	237	1.00956	0.00193245
1831	238	1.00956	0.00193245
1831	239	1.00956	0.00193245
1831	240	1.00956	0.00193245
1831	241	1.00956	0.00193245
1831	242	1.00956	0.00193245
1831	243	1.00956	0.00193245
1831	244	1.00956	0.00193245
1831	245	1.00956	0.00193245
1831	246	1.00956	0.00193245
1831	247	1.00956	0.00193245
1831	248	1.00956	0.00193245
1831	249	1.00956	0.00193245
1831	250	1.00956	0.00193245
1831	251	1.00956	0.00193245
1831	252	1.00956	0.00193245
1831	253	1.00956	0.00193245
1831	254	1.00956	0.00193245
1831	255	1.00956	0.00193245
1831	256	1.00956	0.00193245
1831	257	1.00956	0.00193245
1831	258	1.00956	0.00193245
1831	259	1.00956	0.00193245
1831	260	1.00956	0.00193245
1831	261	1.00956	0.00193245
1831	262	1.00956	0.00193245
1831	263	1.00956	0.00193245
1831	264	1.00956	0.00193245
1831	265	1.00956	0.00193245
1831	266	1.00956	0.00193245
1831	267	1.00956	0.00193245
1831	268	1.00956	0.00193245
1831	269	1.00956	0.00193245
1831	270	1.00956	0.00193245
1831	271	1.00956	0.00193245
1831	272	1.00956	0.00193245
1831	273	1.00956	0.00193245
1831	274	1.00956	0.00193245
1831	275	1.00956	0.00193245
1831	276	1.00956	0.00193245
1831	277	1.00956	0.00193245
1831	278	1.00956	0.00193245
1831	279	1.00956	0.00193245
1831	280	1.00956	0.00193245
1831	281	1.00956	0.00193245
1831	282	1.00956	0.00193245
1831	283	1.00956	0.00193245
1831	284	1.00956	0.00193245
1831	285	1.00956	0.00193245
1831	286	1.00956	0.00193245
1831	287	1.00956	0.00193245
1831	288	1.00956	0.00193245
1831	289	1.00956	0.00193245
1831	290	1.00956	0.00193245
1831	291	1.00956	0.00193245
1831	292	1.00956	0.00193245
1831	293	1.00956	0.00193245
1831	294	1.00956	0.00193245
1831	295	1.00956	0.00193245
1831	296	1.00956	0.00193245
1831	297	1.00956	0.00193245
1831	298	1.00956	0.00193245
1831	299	1.00956	0.00193245
1831	300	1.00956	0.00193245
1831	301	1.00956	0.00193245
1831	302	1.00956	0.00193245
1831	303	1.00956	0.00193245
1831	304	1.00956	0.00193245
1831	305	1.00956	0.00193245
1831	306	1.00956	0.00193245
1831	307	1.00956	0.00193245
1831	308	1.00956	0.00193245
1831	309	1.00956	0.00193245
1831	310	1.00956	0.00193245
1831	311	1.00956	0.00193245
1831	312	1.00956	0.00193245
1831	313	1.00956	0.00193245
1831	314	1.00956	0.00193245
1831	315	1.00956	0.00193245
1831	316	1.00956	0.00193245
1831	317	1.00956	0.00193245
1831	318	1.00956	0.00193245
1831	319	1.00956	0.00193245
1831	320	1.00956	0.00193245
1831	321	1.00956	0.00193245
1831	322	1.00956	0.00193245
1831	323	1.00956	0.00193245
1831	324	1.00956	0.00193245
1831	325	1.00956	0.00193245
1831	326	1.00956	0.00193245
1831	327	1.00956	0.00193245
1831	328	1.00956	0.00193245
1831	329	1.00956	0.00193245
1831	330	1.00956	0.00193245
1831	331	1.00956	0.00193245
1831	332	1.00956	0.00193245
1831	333	1.00956	0.00193245
1831	334	1.00956	0.00193245
1831	335	1.00956	0.00193245
1831	336	1.00956	0.00193245
1831	337	1.00956	0.00193245
1831	338	1.00956	0.00193245
1831	339	1.00956	0.00193245
1831	340	1.00956	0.00193245
1831	341	1.00956	0.00193245
1831	342	1.00956	0.00193245
1831	343	1.00956	0.00193245
1831	344	1.00956	0.00193245
1831	345	1.00956	0.00193245
1831	346	1.00956	0.00193245
1831	347	1.00956	0.00193245
1831	348	1.00956	0.00193245
1831	349	1.00956	0.00193245
1831	350	1.00956	0.00193245
1831	351	1.00956	0.00193245
1831	352	1.00956	0.00193245
1831	353	1.00956	0.00193245
1831	354	1.00956	0.00193245
1831	355	1.00956	0.00193245
1831	356	1.00956	0.00193245
1831	357	1.00956	0.00193245
1831	358	1.00956	0.00193245
1831	359	1.00956	0.00193245
1831	360	1.00956	0.00193245
1831	361	1.00956	0.00193245
1831	362	1.00956	0.00193245
1831	363	1.00956	0.00193245
1831	364	1.00956	0.00193245
1831	365	1.00956	0.00193245
1831	366	1.00956	0.00193245
1831	367	1.00956	0.00193245
1831	368	1.00956	0.00193245
1831	369	1.00956	0.00193245
1831	370	1.00956	0.00193245
1831	371	1.00956	0.00193245
1831	372	1.00956	0.00193245
1831	373	1.00956	0.00193245
1831	374	1.00956	0.00193245
1831	375	1.00956	0.00193245
1831	376	1.00956	0.00193245
1831	377	1.00956	0.00193245
1831	378	1.00956	0.00193245
1831	379	1.00956	0.00193245
1831	380	1.00956	0.00193245
1831	381	1.00956	0.00193245
1831	382	1.00956	0.00193245
1831	383	1.00956	0.00193245
1831	384	1.00956	0.00193245
1831	385	1.00956	0.00193245
1831	386	1.00956	0.00193245
1831	387	1.00956	0.00193245
1831	388	1.00956	0.00193245
1831	389	1.00956	0.00193245
1831	390	1.00956	0.00193245
1831	391	1.00956	0.00193245
1831	392	1.00956	0.00193245
1831	393	1.00956	0.00193245
1831	394	1.00956	0.00193245
1831	395	1.00956	0.00193245
1831	396	1.00956	0.00193245
1831	397	1.00956	0.00193245
1831	398	1.00956	0.00193245
1831	399	1.00956	0.00193245
1831	400	1.00956	0.00193245
1831	401	1.00956	0.00193245
1831	402	1.00956	0.00193245
1831	403	1.00956	0.00193245
1831	404	1.00956	0.00193245
1831	405	1.00956	0.00193245
1831	406	1.00956	0.00193245
1831	407	1.00956	0.00193245
1831	408	1.00956	0.00193245
1831	409	1.00956	0.00193245
1831	410	1.00956	0.00193245
1831	411	1.00956	0.00193245
1831	412	1.00956	0.00193245
1831	413	1.00956	0.00193245
1831	414	1.00956	0.00193245
1831	415	1.00956	0.00193245
1831	416	1.00956	0.00193245
1831	417	1.00956	0.00193245
1831	418	1.00956	0.00193245
1831	419	1.00956	0.00193245
1831	420	1.00956	0.00193245
1831	421	1.00956	0.00193245
1831	422	1.00956	0.00193245
1831	423	1.00956	0.00193245
1831	424	1.00956	0.00193245
1831	425	1.00956	0.00193245
1831	426	1.00956	0.00193245
1831	427	1.00956	0.00193245
1831	428	1.00956	0.00193245
1831	429	1.00956	0.00193245
1831	430	1.00956	0.00193245
1831	431	1.00956	0.00193245
1831	432	1.00956	0.00193245
1831	433	1.00956	0.00193245
1831	434	1.00956	0.00193245
1831	435	1.00956	0.00193245
1831	436	1.00956	0.00193245
1831	437	1.00956	0.00193245
1831	438	1.00956	0.00193245
1831	439	1.00956	0.00193245
1831	440	1.00956	0.00193245
1831	441	1.00956	0.00193245
1831	442	1.00956	0.00193245
1831	443	1.00956	0.00193245
1831	444	1.00956	0.00193245
1831	445	1.00956	0.00193245
1831	446	1.00956	0.00193245
1831	447	1.00956	0.00193245
1831	448	1.00956	0.00193245
1831	449	1.00956	0.00193245
1831	450	1.00956	0.00193245
1831	451	1.00956	0.00193245
1831	452	1.00956	0.00193245
1831	453	1.00956	0.00193245
1831	454	1.00956	0.00193245
1831	455	1.00956	0.00193245
1831	456	1.00956	0.00193245
1831	457	1.00956	0.00193245
1831	458	1.00956	0.00193245
1831	459	1.00956	0.00193245
1831	460	1.00956	0.00193245
1831	461	1.00956	0.00193245
1831	462	1.00956	0.00193245
1831	463	1.00956	0.00193245
1831	464	1.00956	0.00193245
1831	465	1.00956	0.00193245
1831	466	1.00956	0.00193245
1831	467	1.00956	0.00193245
1831	468	1.00956	0.00193245
1831	469	1.00956	0.00193245
1831	470	1.00956	0.00193245
1831	471	1.00956	0.00193245
1831	472	1.00956	0.00193245
1831	473	1.00956	0.00193245
1831	474	1.00956	0.00193245
1831	475	1.00956	0.00193245
1831	476	1.00956	0.00193245
1831	477	1.00956	0.00193245
1831	478	1.00956	0.00193245
1831	479	1.00956	0.00193245
1831	480	1.00956	0.00193245
1831	481	1.00956	0.00193245
1831	482	1.00956	0.00193245
1831	483	1.00956	0.00193245
1831	484	1.00956	0.00193245
1831	485	1.00956	0.00193245
1831	486	1.00956	0.00193245
1831	487	1.00956	0.00193245
1831	488	1.00956	0.00193245
1831	489	1.00956	0.00193245
1831	490	1.00956	0.00193245
1831	491	1.00956	0.00193245
1831	492	1.00956	0.00193245
1831	493	1.00956	0.00193245
1831	494	1.00956	0.00193245
1831	495	1.00956	0.00193245
1831	496	1.00956	0.00193245
1831	497	1.00956	0.00193245
1831	498	1.00956	0.00193245
1831	499	1.00956	0.00193245
1831	500	1.00956	0.00193245
1831	501	1.00956	0.00193245
1831	502	1.00956	0.00193245
1831	503	1.00956	0.00193245
1831	504	1.00956	0.00193245
1831	505	1.00956	0.00193245
1831	506	1.00956	0.00193245
1831	507	1.00956	0.00193245
1831	508	1.00956	0.00193245
1831	509	1.00956	0.00193245
1831	510	1.00956	0.00193245
1831	511	1.00956	0.00193245
1831	512	1.00956	0.00193245
1831	513	1.00956	0.00193245
1831	514	1.00956	0.00193245
1831	515	1.00956	0.00193245
1831	516	1.00956	0.00193245
1831	517	1.00956	0.00193245
1831	518	1.00956	0.00193245
1831	519	1.00956	0.00193245
1831	520	1.00956	0.00193245
1831	521	1.00956	0.00193245
1831	522	1.00956	0.00193245
1831	523	1.00956	0.00193245
1831	524	1.00956	0.00193245
1831	525	1.00956	0.00193245
1831	526	1.00956	0.00193245
1831	527	1.00956	0.00193245
1831	528	1.00956	0.00193245
1831	529	1.00956	0.00193245
1831	530	1.00956	0.00193245
1831	531	1.00956	0.00193245
1831	532	1.00956	0.00193245
1831	533	1.00956	0.00193245
1831	534	1.00956	0.00193245
1831	535	1.00956	0.00193245
1831	536	1.00956	0.00193245
1831	537	1.00956	0.00193245
1831	538	1.00956	0.00193245
1831	539	1.00956	0.00193245
1831	540	1.00956	0.00193245
1831	541	1.00956	0.00193245
1831	542	1.00956	0.00193245
1831	543	1.00956	0.00193245
1831	544	1.00956	0.00193245
1831	545	1.00956	0.00193245
1831	546	1.00956	0.00193245
1831	547	1.00956	0.00193245
1831	548	1.00956	0.00193245
1831	549	1.00956	0.00193245
1831	550	1.00956	0.00193245
1831	551	1.00956	0.00193245
1831	552	1.00956	0.00193245
1831	553	1.00956	0.00193245
1831	554	1.00956	0.00193245
1831	555	1.00956	0.00193245
1831	556	1.00956	0.00193245
1831	557	1.00956	0.00193245
1831	558	1.00956	0.00193245
1831	559	1.00956	0.00193245
1831	560	1.00956	0.00193245
1831	561	1.00956	0.00193245
1831	562	1.00956	0.00193245
1831	563	1.00956	0.00193245
1831	564	1.00956	0.00193245
1831	565	1.00956	0.00193245
1831	566	1.00956	0.00193245
1831	567	1.00956	0.00193245
1831	568	1.00956	0.00193245
1831	569	1.00956	0.00193245
1831	570	1.00956	0.00193245
1831	571	1.00956	0.00193245
1831	572	1.00956	0.00193245
1831	573	1.00956	0.00193245
1831	574	1.00956	0.00193245
1831	575	1.00956	0.00193245
1831	576	1.00956	0.00193245
1831	577	1.00956	0.00193245
1831	578	1.00956	0.00193245
1831	579	1.00956	0.00193245
1831	580	1.00956	0.00193245
1831	581	1.00956	0.00193245
1831	582	1.00956	0.00193245
1831	583	1.00956	0.00193245
1831	584	1.00956	0.00193245
1831	585	1.00956	0.00193245
1831	586	1.00956	0.00193245
1831	587	1.00956	0.00193245
1831	588	1.00956	0.00193245
1831	589	1.00956	0.00193245
1831	590	1.00956	0.00193245
1831	591	1.00956	0.00193245
1831	592	1.00956	0.00193245
1831	593	1.00956	0.00193245
1831	594	1.00956	0.00193245
1831	595	1.00956	0.00193245
1831	596	1.00956	0.00193245
1831	597	1.00956	0.00193245
1831	598	1.00956	0.00193245
1831	599	1.00956	0.00193245
1831	600	1.00956	0.00193245
1831	601	1.00956	0.00193245
1831	602	1.00956	0.00193245
1831	603	1.00956	0.00193245
1831	604	1.00956	0.00193245
1831	605	1.00956	0.00193245
1831	606	1.00956	0.00193245
1831	607	1.00956	0.00193245
1831	608	1.00956	0.00193245
1831	609	1.00956	0.00193245
1831	610	1.00956	0.00193245
1831	611	1.00956	0.00193245
1831	612	1.00956	0.00193245
1831	613	1.00956	0.00193245
1831	614	1.00956	0.00193245
1831	615	1.00956	0.00193245
1831	616	1.00956	0.00193245
1831	617	1.00956	0.00193245
1831	618	1.00956	0.00193245
1831	619	1.00956	0.00193245
1831	620	1.00956	0.00193245
1831	621	1.00956	0.00193245
1831	622	1.00956	0.00193245
1831	623	1.00956	0.00193245
1831	624	1.00956	0.00193245
1831	625	1.00956	0.00193245
1831	626	1.00956	0.00193245
1831	627	1.00956	0.00193245
1831	628	1.00956	0.00193245
1831	629	1.00956	0.00193245
1831	630	1.00956	0.00193245
1831	631	1.00956	0.00193245
1831	632	1.00956	0.00193245
1831	633	1.00956	0.00193245
1831	634	1.00956	0.00193245
1831	635	1.00956	0.00193245
1831	636	1.00956	0.00193245
1831	637	1.00956	0.00193245
1831	638	1.00956	0.00193245
1831	639	1.00956	0.00193245
1831	640	1.00956	0.00193245
1831	641	1.00956	0.00193245
1831	642	1.00956	0.00193245
1831	643	1.00956	0.00193245
1831	644	1.00956	0.00193245
1831	645	1.00956	0.00193245
1831	646	1.00956	0.00193245
1831	647	1.00956	0.00193245
1831	648	1.00956	0.00193245
1831	649	1.00956	0.00193245
1831	650	1.00956	0.00193245
1831	651	1.00956	0.00193245
1831	652	1.00956	0.00193245
1831	653	1.00956	0.00193245
1831	654	1.00956	0.00193245
1831	655	1.00956	0.00193245
1831	656	1.00956	0.00193245
1831	657	1.00956	0.00193245
1831	658	1.00956	0.00193245
1831	659	1.00956	0.00193245
1831	660	1.00956	0.00193245
1831	661	1.00956	0.00193245
1831	662	1.00956	0.00193245
1831	663	1.00956	0.00193245
1831	664	1.00956	0.00193245
1831	665	1.00956	0.00193245
1831	666	1.00956	0.00193245
1831	667	1.00956	0.00193245
1831	668	1.00956	0.00193245
1831	669	1.00956	0.00193245
1831	670	1.00956	0.00193245
1831	671	1.00956	0.00193245
1831	672	1.00956	0.00193245
1831	673	1.00956	0.00193245
1831	674	1.00956	0.00193245
1831	675	1.00956	0.00193245
1831	676	1.00956	0.00193245
1831	677	1.00956	0.00193245
1831	678	1.00956	0.00193245
1831	679	1.00956	0.00193245
1831	680	1.00956	0.00193245
1831	681	1.00956	0.00193245
1831	682	1.00956	0.00193245
1831	683	1.00956	0.00193245
1831	684	1.00956	0.00193245
1831	685	1.00956	0.00193245
1831	686	1.00956	0.00193245
1831	687	1.00956	0.00193245
1831	688	1.00956	0.00193245
1831	689	1.00956	0.00193245
1831	690	1.00956	0.00193245
1831	691	1.00956	0.00193245
1831	692	1.00956	0.00193245
1831	693	1.00956	0.00193245
1831	694	1.00956	0.00193245
1831	695	1.00956	0.00193245
1831	696	1.00956	0.00193245
1831	697	1.00956	0.00193245
1831	698	1.00956	0.00193245
1831	699	1.00956	0.00193245
1831	700	1.00956	0.00193245
1831	701	1.00956	0.00193245
1831	702	1.00956	0.00193245
1831	703	1.00956	0.00193245
1831	704	1.00956	0.00193245
1831	705	1.00956	0.00193245
1831	706	1.00956	0.00193245
1831	707	1.00956	0.00193245
1831	708	1.00956	0.00193245
1831	709	1.00956	0.00193245
1831	710	1.00956	0.00193245
1831	711	1.00956	0.00193245
1831	712	1.00956	0.00193245
1831	713	1.00956	0.00193245
1831	714	1.00956	0.00193245
1831	715	1.00956	0.00193245
1831	716	1.00956	0.00193245
1831	717	1.00956	0.00193245
1831	718	1.00956	0.00193245
1831	719	1.00956	0.00193245
1831	720	1.00956	0.00193245
1831	721	1.00956	0.00193245
1831	722	1.00956	0.00193245
1831	723	1.00956	0.00193245
1831	724	1.00956	0.00193245
1831	725	1.00956	0.00193245
1831	726	1.00956	0.00193245
1831	727	1.00956	0.00193245
1831	728	1.00956	0.00193245
1831	729	1.00956	0.00193245
1831	730	1.00956	0.00193245
1831	731	1.00956	0.00193245
1831	732	1.00956	0.00193245
1831	733	1.00956	0.00193245
1831	734	1.00956	0.00193245
1831	735	1.00956	0.00193245
1831	736	1.00956	0.00193245
1831	737	1.00956	0.00193245
1831	738	1.00956	0.00193245
1831	739	1.00956	0.00193245
1831	740	1.00956	0.00193245
1831	741	1.00956	0.00193245
1831	742	1.00956	0.00193245
1831	743	1.00956	0.00193245
1831	744	1.00956	0.00193245
1831	745	1.00956	0.00193245
1831	746	1.00956	0.00193245
1831	747	1.00956	0.00193245
1831	748	1.00956	0.00193245
1831	749	1.00956	0.00193245
1831	750	1.00956	0.00193245
1831	751	1.00956	0.00193245
1831	752	1.00956	0.00193245
1831	753	1.00956	0.00193245
1831	754	1.00956	0.00193245
1831	755	1.00956	0.00193245
1831	756	1.00956	0.00193245
1831	757	1.00956	0.00193245
1831	758	1.00956	0.00193245
1831	759	1.00956	0.00193245
1831	760	1.00956	0.00193245
1831	761	1.00956	0.00193245
1831	762	1.00956	0.00193245
1831	763	1.00956	0.00193245
1831	764	1.00956	0.00193245
1831	765	1.00956	0.00193245
1831	766	1.00956	0.00193245
1831	767	1.00956	0.00193245
1831	768	1.00956	0.00193245
1831	769	1.00956	0.00193245
1831	770	1.00956	0.00193245
1831	771	1.00956	0.00193245
1831	772	1.00956	0.00193245
1831	773	1.00956	0.00193245
1831	774	1.00956	0.00193245
1831	775	1.00956	0.00193245
1831	776	1.00956	0.00193245
1831	777	1.00956	0.00193245
1831	778	1.00956	0.00193245
1831	779	1.00956	0.00193245
1831	780	1.00956	0.00193245
1831	781	1.00956	0.00193245
1831	782	1.00956	0.00193245
1831	783	1.00956	0.00193245
1831	784	1.00956	0.00193245
1831	785	1.00956	0.00193245
1831	786	1.00956	0.00193245
1831	787	1.00956	0.00193245
1831	788	1.00956	0.00193245
1831	789	1.00956	0.00193245
1831	790	1.00956	0.00193245
1831	791	1.00956	0.00193245
1831	792	1.00956	0.00193245
1831	793	1.00956	0.00193245
1831	794	1.00956	0.00193245
1831	795	1.00956	0.00193245
1831	796	1.00956	0.00193245
1831	797	1.00956	0.00193245
1831	798	1.00956	0.00193245
1831	799	1.00956	0.00193245
1831	800	1.00956	0.00193245
1831	801	1.00956	0.00193245
1831	802	1.00956	0.00193245
1831	803	1.00956	0.00193245
1831	804	1.00956	0.00193245
1831	805	1.00956	0.00193245
1831	806	1.00956	0.00193245
1831	807	1.00956	0.00193245
1831	808	1.00956	0.00193245
1831	809	1.00956	0.00193245
1831	810	1.00956	0.00193245
1831	811	1.00956	0.00193245
1831	812	1.00956	0.00193245
1831	813	1.00956	0.00193245
1831	814	1.00956	0.00193245
1831	815	1.00956	0.00193245
1831	816	1.00956	0.00193245
1831	817	1.00956	0.00193245
1831	818	1.00956	0.00193245
1831	819	1.00956	0.00193245
1831	820	1.00956	0.00193245
1831	821	1.00956	0.00193245
1831	822	1.00956	0.00193245
1831	823	1.00956	0.00193245
1831	824	1.00956	0.00193245
1831	825	1.00956	0.00193245
1831	826	1.00956	0.00193245
1831	827	1.00956	0.00193245
1831	828	1.00956	0.00193245
1831	829	1.00956	0.00193245
1831	830	1.00956	0.00193245
1831	831	1.00956	0.00193245
1831	832	1.00956	0.00193245
1831	833	1.00956	0.00193245
1831	834	1.00956	0.00193245
1831	835	1.00956	0.00193245
1831	836	1.00956	0.00193245
1831	837	1.00956	0.00193245
1831	838	1.00956	0.00193245
1831	839	1.00956	0.00193245
1831	840	1.00956	0.00193245
1831	841	1.00956	0.00193245
1831	842	1.00956	0.00193245
1831	843	1.00956	0.00193245
1831	844	1.00956	0.00193245
1831	845	1.00956	0.00193245
1831	846	1.00956	0.00193245
1831	847	1.00956	0.00193245
1831	848	1.00956	0.00193245
1831	849	1.00956	0.00193245
1831	850	1.00956	0.00193245
1831	851	1.00956	0.00193245
1831	852	1.00956	0.00193245
1831	853	1.00956	0.00193245
1831	854	1.00956	0.00193245
1831	855	1.00956	0.00193245
1831	856	1.00956	0.00193245
1831	857	1.00956	0.00193245
1831	858	1.00956	0.00193245
1831	859	1.00956	0.00193245
1831	860	1.00956	0.00193245
1831	861	1.00956	0.00193245
1831	862	1.00956	0.00193245
1831	863	1.00956	0.00193245
1831	864	1.00956	0.00193245
1831	865	1.00956	0.00193245
1831	866	1.00956	0.00193245
1831	867	1.00956	0.00193245
1831	868	1.00956	0.00193245
1831	869	1.00956	0.00193245
1831	870	1.00956	0.00193245
1831	871	1.00956	0.00193245
1831	872	1.00956	0.00193245
1831	873	1.00956	0.00193245
1831	874	1.00956	0.00193245
1831	875	1.00956	0.00193245
1831	876	1.00956	0.00193245
1831	877	1.00956	0.00193245
1831	878	1.00956	0.00193245
1831	879	1.00956	0.00193245
1831	880	1.00956	0.00193245
1831	881	1.00956	0.00193245
1831	882	1.00956	0.00193245
1831	883	1.00956	0.00193245
1831	884	1.00956	0.00193245
1831	885	1.00956	0.00193245
1831	886	1.00956	0.00193245
1831	887	1.00956	0.00193245
1831	888	1.00956	0.00193245
1831	889	1.00956	0.00193245
1831	890	1.00956	0.00193245
1831	891	1.00956	0.00193245
1831	892	1.00956	0.00193245
1831	893	1.00956	0.00193245
1831	894	1.00956	0.00193245
1831	895	1.00956	0.00193245
1831	896	1.00956	0.00193245
1831	897	1.00956	0.00193245
1831	898	1.00956	0.00193245
1831	899	1.00956	0.00193245
1831	900	1.00956	0.00193245
1831	901	1.00956	0.00193245
1831	902	1.00956	0.00193245
1831	903	1.00956	0.00193245
1831	904	1.00956	0.00193245
1831	905	1.00956	0.00193245
1831	906	1.00956	0.00193245
1831	907	1.00956	0.00193245
1831	908	1.00956	0.00193245
1831	909	1.00956	0.00193245
1831	910	1.00956	0.00193245
1831	911	1.00956	0.00193245
1831	912	1.00956	0.00193245
1831	913	1.00956	0.00193245
1831	914	1.00956	0.00193245
1831	915	1.00956	0.00193245
1831	916	1.00956	0.00193245
1831	917	1.00956	0.00193245
1831	918	1.00956	0.00193245
1831	919	1.00956	0.00193245
1831	920	1.00956	0.00193245
1831	921	1.00956	0.00193245
1831	922	1.00956	0.00193245
1831	923	1.00956	0.00193245
1831	924	1.00956	0.00193245
1831	925	1.00956	0.00193245
1831	926	1.00956	0.00193245
1831	927	1.00956	0.00193245
1831	928	1.00956	0.00193245
1831	929	1.00956	0.00193245
1831	930	1.00956	0.00193245
1831	931	1.00956	0.00193245
1831	932	1.00956	0.00193245
1831	933	1.00956	0.00193245
1831	934	1.00956	0.00193245
1831	935	1.00956	0.00193245
1831	936	1.00956	0.00193245
1831	937	1.00956	0.00193245
1831	938	1.00956	0.00193245
1831	939	1.00956	0.00193245
1831	940	1.00956	0.00193245
1831	941	1.00956	0.00193245
1831	942	1.00956	0.00193245
1831	943	1.00956	0.00193245
1831	944	1.00956	0.00193245
1831	945	1.00956	0.00193245
1831	946	1.00956	0.00193245
1831	947	1.00956	0.00193245
1831	948	1.00956	0.00193245
1831	949	1.00956	0.00193245
1831	950	1.00956	0.00193245
1831	951	1.00956	0.00193245
1831	952	1.00956	0.00193245
1831	953	1.00956	0.00193245
1831	954	1.00956	0.00193245
1831	955	1.00956	0.00193245
1831	956	1.00956	0.00193245
1831	957	1.00956	0.00193245
1831	958	1.00956	0.00193245
1831	959	1.00956	0.00193245
1831	960	1.00956	0.00193245
1831	961	1.00956	0.00193245
1831	962	1.00956	0.00193245
1831	963	1.00956	0.00193245
1831	964	1.00956	0.00193245
1831	965	1.00956	0.00193245
1831	966	1.00956	0.00193245
1831	967	1.00956	0.00193245
1831	968	1.00956	0.00193245
1831	969	1.00956	0.00193245
1831	970	1.00956	0.00193245
1831	971	1.00956	0.00193245
1831	972	1.00956	0.00193245
1831	973	1.00956	0.00193245
1831	974	1.00956	0.00193245
1831	975	1.00956	0.00193245
1831	976	1.00956	0.00193245
1831	977	1.00956	0.00193245
1831	978	1.00956	0.00193245
1831	979	1.00956	0.00193245
1831	980	1.00956	0.00193245
1831	981	1.00956	0.00193245
1831	982	1.00956	0.00193245
1831	983	1.00956	0.00193245
1831	984	1.00956	0.00193245
1831	985	1.00956	0.00193245
1831	986	1.00956	0.00193245
1831	987	1.00956	0.00193245
1831	988	1.00956	0.00193245
1831	989	1.00956	0.00193245
1831	990	1.00956	0.00193245
1831	991	1.00956	0.00193245
1831	992	1.00956	0.00193245
1831	993	1.00956	0.00193245
1831	994	1.00956	0.00193245
1831	995	1.00956	0.00193245
1831	996	1.00956	0.00193245
1831	997	1.00956	0.00193245
1831	998	1.00956	0.00193245
1831	999	1.00956	0.00193245
1831	1000	1.00956	0.00193245
1831	1001	1.00956	0.00193245
1831	1002	1.00956	0.00193245
1831	1003	1.00956	0.00193245
1831	1004	1.00956	0.00193245
1831	1005	1.00956	0.00193245
1831	1006	1.00956	0.00193245
1831	1007	1.00956	0.00193245
1831	1008	1.00956	0.00193245
1831	1009	1.00956	0.00193245
1831	1010	1.00956	0.00193245
1831	1011	1.00956	0.00193245
1831	1012	1.00956	0.00193245
1831	1013	1.00956	0.00193245
1831	1014	1.00956	0.00193245
1831	1015	1.00956	0.00193245
1831	1016	1.00956	0.00193245
1831	1017	1.00956	0.00193245
1831	1018	1.00956	0.00193245
1831	1019	1.00956	0.00193245
1831	1020	1.00956	0.00193245
1831	1021	1.00956	0.00193245
1831	1022	1.00956	0.00193245
1831	1023	1.00956	0.00193245
1831	1024	1.00956	0.00193245
1831	1025	1.00956	0.00193245
1831	1026	1.00956	0.00193245
1831	1027	1.00956	0.00193245
1831	1028	1.00956	0.00193245
1831	1029	1.00956	0.00193245
1831	1030	1.00956	0.00193245
1831	1031	1.00956	0.00193245
1831	1032	1.00956	0.00193245
1831	1033	1.00956	0.00193245
1831	1034	1.00956	0.00193245
1831	1035	1.00956	0.00193245
1831	1036	1.00956	0.00193245
1831	1037	1.00956	0.00193245
1831	1038	1.00956	0.00193245
1831	1039	1.00956	0.00193245
1831	1040	1.00956	0.00193245
1831	1041	1.00956	0.00193245
1831	1042	1.00956	0.00193245
1831	1043	1.00956	0.00193245
1831	1044	1.00956	0.00193245
1831	1045	1.00956	0.00193245
1831	1046	1.00956	0.00193245
1831	1047	1.00956	0.00193245
1831	1048	1.00956	0.00193245
1831	1049	1.00956	0.00193245
1831	1050	1.00956	0.00193245
1831	1051	1.00956	0.00193245
1831	1052	1.00956	0.00193245
1831	1053	1.00956	0.00193245
1831	1054	1.00956	0.00193245
1831	1055	1.00956	0.00193245
1831	1056	1.00956	0.00193245
1831	1057	1.00956	0.00193245
1831	1058	1.00956	0.00193245
1831	1059	1.00956	0.00193245
1831	1060	1.00956	0.00193245
1831	1061	1.00956	0.00193245
1831	1062	1.00956	0.00193245
1831	1063	1.00956	0.00193245
1831	1064	1.00956	0.00193245
1831	1065	1.00956	0.00193245
1831	1066	1.00956	0.00193245
1831	1067	1.00956	0.00193245
1831	1068	1.00956	0.00193245
1831	1069	1.00956	0.00193245
1831	1070	1.00956	0.00193245
1831	1071	1.00956	0.00193245
1831	1072	1.00956	0.00193245
1831	1073	1.00956	0.00193245
1831	1074	1.00956	0.00193245
1831	1075	1.00956	0.00193245
1831	1076	1.00956	0.00193245
1831	1077	1.00956	0.00193245
1831	1078	1.00956	0.00193245
1831	1079	1.00956	0.00193245
1831	1080	1.00956	0.00193245
1831	1081	1.00956	0.00193245
1831	1082	1.00956	0.00193245
1831	1083	1.00956	0.00193245
1831	1084	1.00956	0.00193245
1831	1085	1.00956	0.00193245
1831	1086	1.00956	0.00193245
1831	1087	1.00956	0.00193245
1831	1088	1.00956	0.00193245
1831	1089	1.00956	0.00193245
1831	1090	1.00956	0.00193245
1831	1091	1.00956	0.00193245
1831	1092	1.00956	0.00193245
1831	1093	1.00956	0.00193245
1831	1094	1.00956	0.00193245
1831	1095	1.00956	0.00193245
1831	1096	1.00956	0.00193245
1831	1097	1.00956	0.00193245
1831	1098	1.00956	0.00193245
1831	1099	1.00956	0.00193245
1831	1100	1.00956	0.00193245
1831	1101	1.00956	0.00193245
1831	1102	1.00956	0.00193245
1831	1103	1.00956	0.00193245
1831	1104	1.00956	0.00193245
1831	1105	1.00956	0.00193245
1831	1106	1.00956	0.00193245
1831	1107	1.00956	0.00193245
1831	1108	1.00956	0.00193245
1831	1109	1.00956	0.00193245
1831	1110	1.00956	0.00193245
1831	1111	1.00956	0.00193245
1831	1112	1.00956	0.00193245
1831	1113	1.00956	0.00193245
1831	1114	1.00956	0.00193245
1831	1115	1.00956	0.00193245
1831	1116	1.00956	0.00193245
1831	1117	1.00956	0.00193245
1831	1118	1.00956	0.00193245
1831	1119	1.00956	0.00193245
1831	1120	1.00956	0.00193245
1831	1121	1.00956	0.00193245
1831	1122	1.00956	0.00193245
1831	1123	1.00956	0.00193245
1831	1124	1.00956	0.00193245
1831	1125	1.00956	0.00193245
1831	1126	1.00956	0.00193245
1831	1127	1.00956	0.00193245
1831	1128	1.00956	0.00193245
1831	1129	1.00956	0.00193245
1831	1130	1.00956	0.00193245
1831	1131	1.00956	0.00193245
1831	1132	1.00956	0.00193245
1831	1133	1.00956	0.00193245
1831	1134	1.00956	0.00193245
1831	1135	1.00956	0.00193245
1831	1136	1.00956	0.00193245
1831	1137	1.00956	0.00193245
1831	1138	1.00956	0.00193245
1831	1139	1.00956	0.00193245
1831	1140	1.00956	0.00193245
1831	1141	1.00956	0.00193245
1831	1142	1.00956	0.00193245
1831	1143	1.00956	0.00193245
1831	1144	1.00956	0.00193245
1831	1145	1.00956	0.00193245
1831	1146	1.00956	0.00193245
1831	1147	1.00956	0.00193245
1831	1148	1.00956	0.00193245
1831	1149	1.00956	0.00193245
1831	1150	1.00956	0.00193245
1831	1151	1.00956	0.00193245
1831	1152	1.00956	0.00193245
1831	1153	1.00956	0.00193245
1831	1154	1.00956	0.00193245
1831	1155	1.00956	0.00193245
1831	1156	1.00956	0.00193245
1831	1157	1.00956	0.00193245
1831	1158	1.00956	0.00193245
1831	1159	1.00956	0.00193245
1831	1160	1.00956	0.00193245
1831	1161	1.00956	0.00193245
1831	1162	1.00956	0.00193245
1831	1163	1.00956	0.00193245
1831	1164	1.00956	0.00193245
1831	1165	1.00956	0.00193245
1831	1166	1.00956	0.00193245
1831	1167	1.00956	0.00193245
1831	1168	1.00956	0.00193245
1831	1169	1.00956	0.00193245
1831	1170	1.00956	0.00193245
1831	1171	1.00956	0.00193245
1831	1172	1.00956	0.00193245
1831	1173	1.00956	0.00193245
1831	1174	1.00956	0.00193245
1831	1175	1.00956	0.00193245
1831	1176	1.00956	0.00193245
1831	1177	1.00956	0.00193245
1831	1178	1.00956	0.00193245
1831	1179	1.00956	0.00193245
1831	1180	1.00956	0.00193245
1831	1181	1.00956	0.00193245
1831	1182	1.00956	0.00193245
1831	1183	1.00956	0.00193245
1831	1184	1.00956	0.00193245
1831	1185	1.00956	0.00193245
1831	1186	1.00956	0.00193245
1831	1187	1.00956	0.00193245
1831	1188	1.00956	0.00193245
1831	1189	1.00956	0.00193245
1831	1190	1.00956	0.00193245
1831	1191	1.00956	0.00193245
1831	1192	1.00956	0.00193245
1831	1193	1.00956	0.00193245
1831	1194	1.00956	0.00193245
1831	1195	1.00956	0.00193245
1831	1196	1.00956	0.00193245
1831	1197	1.00956	0.00193245
1831	1198	1.00956	0.00193245
1831	1199	1.00956	0.00193245
1831	1200	1.00956	0.00193245
1831	1201	1.00956	0.00193245
1831	1202	1.00956	0.00193245
1831	1203	1.00956	0.00193245
1831	1204	1.00956	0.00193245
1831	1205	1.00956	0.00193245
1831	1206	1.00956	0.00193245
1831	1207	1.00956	0.00193245
1831	1208	1.00956	0.00193245
1831	1209	1.00956	0.00193245
1831	1210	1.00956	0.00193245
1831	1211	1.00956	0.00193245
1831	1212	1.00956	0.00193245
1831	1213	1.00956	0.00193245
1831	1214	1.00956	0.00193245
1831	1215	1.00956	0.00193245
1831	1216	1.00956	0.00193245
1831	1217	1.00956	0.00193245
1831	1218	1.00956	0.00193245
1831	1219	1.00956	0.00193245
1831	1220	1.00956	0.00193245
1831	1221	1.00956	0.00193245
1831	1222	1.00956	0.00193245
1831	1223	1.00956	0.00193245
1831	1224	1.00956	0.00193245
1831	1225	1.00956	0.00193245
1831	1226	1.00956	0.00193245
1831	1227	1.00956	0.00193245
1831	1228	1.00956	0.00193245
1831	1229	1.00956	0.00193245
1831	1230	1.00956	0.00193245
1831	1231	1.00956	0.00193245
1831	1232	1.00956	0.00193245
1831	1233	1.00956	0.00193245
1831	1234	1.00956	0.00193245
1831	1235	1.00956	0.00193245
1831	1236	1.00956	0.00193245
1831	1237	1.00956	0.00193245
1831	1238	1.00956	0.00193245
1831	1239	1.00956	0.00193245
1831	1240	1.00956	0.00193245
1831	1241	1.00956	0.00193245
1831	1242	1.00956	0.00193245
1831	1243	1.00956	0.00193245
1831	1244	1.00956	0.00193245
1831	1245	1.00956	0.00193245
1831	1246	1.00956	0.00193245
1831	1247	1.00956	0.00193245
1831	1248	1.00956	0.00193245
1831	1249	1.00956	0.00193245
1831	1250	1.00956	0.00193245
1831	1251	1.00956	0.00193245
1831	1252	1.00956	0.00193245
1831	1253	1.00956	0.00193245
1831	1254	1.00956	0.00193245
1831	1255	1.00956	0.00193245
1831	1256	1.00956	0.00193245
1831	1257	1.00956	0.00193245
1831	1258	1.00956	0.00193245
1831	1259	1.00956	0.00193245
1831	1260	1.00956	0.00193245
1831	1261	1.00956	0.00193245
1831	1262	1.00956	0.00193245
1831	1263	1.00956	0.00193245
1831	1264	1.00956	0.00193245
1831	1265	1.00956	0.00193245
1831	1266	1.00956	0.00193245
1831	1267	1.00956	0.00193245
1831	1268	1.00956	0.00193245
1831	1269	1.00956	0.00193245
1831	1270	1.00956	0.00193245
1831	1271	1.00956	0.00193245
1831	1272	1.00956	0.00193245
1831	1273	1.00956	0.00193245
1831	1274	1.00956	0.00193245
1831	1275	1.00956	0.00193245
1831	1276	1.00956	0.00193245
1831	1277	1.00956	0.00193245
1831	1278	1.00956	0.00193245
1831	1279	1.00956	0.00193245
1831	1280	1.00956	0.00193245
1831	1281	1.00956	0.00193245
1831	1282	1.00956	0.00193245
1831	1283	1.00956	0.00193245
1831	1284	1.00956	0.00193245
1831	1285	1.00956	0.00193245
1831	1286	1.00956	0.00193245
1831	1287	1.00956	0.00193245
1831	1288	1.00956	0.00193245
1831	1289	1.00956	0.00193245
1831	1290	1.00956	0.00193245
1831	1291	1.00956	0.00193245
1831	1292	1.00956	0.00193245
1831	1293	1.00956	0.00193245
1831	1294	1.00956	0.00193245
1831	1295	1.00956	0.00193245
1831	1296	1.00956	0.00193245
1831	1297	1.00956	0.00193245
1831	1298	1.00956	0.00193245
1831	1299	1.00956	0.00193245
1831	1300	1.00956	0.00193245
1831	1301	1.00956	0.00193245
1831	1302	1.00956	0.00193245
1831	1303	1.00956	0.00193245
1831	1304	1.00956	0.00193245
1831	1305	1.00956	0.00193245
1831	1306	1.00956	0.00193245
1831	1307	1.00956	0.00193245
1831	1308	1.00956	0.00193245
1831	1309	1.00956	0.00193245
1831	1310	1.00956	0.00193245
1831	1311	1.00956	0.00193245
1831	1312	1.00956	0.00193245
1831	1313	1.00956	0.00193245
1831	1314	1.00956	0.00193245
1831	1315	1.00956	0.00193245
1831	1316	1.00956	0.00193245
1831	1317	1.00956	0.00193245
1831	1318	1.00956	0.00193245
1831	1319	1.00956	0.00193245
1831	1320	1.00956	0.00193245
1831	1321	1.00956	0.00193245
1831	1322	1.00956	0.00193245
1831	1323	1.00956	0.00193245
1831	1324	1.00956	0.00193245
1831	1325	1.00956	0.00193245
1831	1326	1.00956	0.00193245
1831	1327	1.00956	0.00193245
1831	1328	1.00956	0.00193245
1831	1329	1.00956	0.00193245
1831	1330	1.00956	0.00193245
1831	1331	1.00956	0.00193245
1831	1332	1.00956	0.00193245
1831	1333	1.00956	0.00193245
1831	1334	1.00956	0.00193245
1831	1335	1.00956	0.00193245
1831	1336	1.00956	0.00193245
1831	1337	1.00956	0.00193245
1831	1338	1.00956	0.00193245
1831	1339	1.00956	0.00193245
1831	1340	1.00956	0.00193245
1831	1341	1.00956	0.00193245
1831	1342	1.00956	0.00193245
1831	1343	1.00956	0.00193245
1831	1344	1.00956	0.00193245
1831	1345	1.00956	0.00193245
1831	1346	1.00956	0.00193245
1831	1347	1.00956	0.00193245
1831	1348	1.00956	0.00193245
1831	1349	1.00956	0.00193245
1831	1350	1.00956	0.00193245
1831	1351	1.00956	0.00193245
1831	1352	1.00956	0.00193245
1831	1353	1.00956	0.00193245
1831	1354	1.00956	0.00193245
1831	1355	1.00956	0.00193245
1831	1356	1.00956	0.00193245
1831	1357	1.00956	0.00193245
1831	1358	1.00956	0.00193245
1831	1359	1.00956	0.00193245
1831	1360	1.00956	0.00193245
1831	1361	1.00956	0.00193245
1831	1362	1.00956	0.00193245
1831	1363	1.00956	0.00193245
1831	1364	1.00956	0.00193245
1831	1365	1.00956	0.00193245
1831	1366	1.00956	0.00193245
1831	1367	1.00956	0.00193245
1831	1368	1.00956	0.00193245
1831	1369	1.00956	0.00193245
1831	1370	1.00956	0.00193245
1831	1371	1.00956	0.00193245
1831	1372	1.00956	0.00193245
1831	1373	1.00956	0.00193245
1831	1374	1.00956	0.00193245
1831	1375	1.00956	0.00193245
1831	1376	1.00956	0.00193245
1831	1377	1.00956	0.00193245
1831	1378	1.00956	0.00193245
1831	1379	1.00956	0.00193245
1831	1380	1.00956	0.00193245
1831	1381	1.00956	0.00193245
1831	1382	1.00956	0.00193245
1831	1383	1.00956	0.00193245
1831	1384	1.00956	0.00193245
1831	1385	1.00956	0.00193245
1831	1386	1.00956	0.00193245
1831	1387	1.00956	0.00193245
1831	1388	1.00956	0.00193245
1831	1389	1.00956	0.00193245
1831	1390	1.00956	0.00193245
1831	1391	1.00956	0.00193245
1831	1392	1.00956	0.00193245
1831	1393	1.00956	0.00193245
1831	1394	1.00956	0.00193245
1831	1395	1.00956	0.00193245
1831	1396	1.00956	0.00193245
1831	1397	1.00956	0.00193245
1831	1398	1.00956	0.00193245
1831	1399	1.00956	0.00193245
1831	1400	1.00956	0.00193245
1831	1401	1.00956	0.00193245
1831	1402	1.00956	0.00193245
1831	1403	1.00956	0.00193245
1831	1404	1.00956	0.00193245
1831	1405	1.00956	0.00193245
1831	1406	1.00956	0.00193245
1831	1407	1.00956	0.00193245
1831	1408	1.00956	0.00193245
1831	1409	1.00956	0.00193245
1831	1410	1.00956	0.00193245
1831	1411	1.00956	0.00193245
1831	1412	1.00956	0.00193245
1831	1413	1.00956	0.00193245
1831	1414	1.00956	0.00193245
1831	1415	1.00956	0.00193245
1831	1416	1.00956	0.00193245
1831	1417	1.00956	0.00193245
1831	1418	1.00956	0.00193245
1831	1419	1.00956	0.00193245
1831	1420	1.00956	0.00193245
1831	1421	1.00956	0.00193245
1831	1422	1.00956	0.00193245
1831	1423	1.00956	0.00193245
1831	1424	1.00956	0.00193245
1831	1425	1.00956	0.00193245
1831	1426	1.00956	0.00193245
1831	1427	1.00956	0.00193245
1831	1428	1.00956	0.00193245
1831	1429	1.00956	0.00193245
1831	1430	1.00956	0.00193245
1831	1431	1.00956	0.00193245
1831	1432	1.00956	0.00193245
1831	1433	1.00956	0.00193245
1831	1434	1.00956	0.00193245
1831	1435	1.00956	0.00193245
1831	1436	1.00956	0.00193245
1831	1437	1.00956	0.00193245
1831	1438	1.00956	0.00193245
1831	1439	1.00956	0.00193245
1831	1440	1.00956	0.00193245
1831	1441	1.00956	0.00193245
1831	1442	1.00956	0.00193245
1831	1443	1.00956	0.00193245
1831	1444	1.00956	0.00193245
1831	1445	1.00956	0.00193245
1831	1446	1.00956	0.00193245
1831	1447	1.00956	0.00193245
1831	1448	1.00956	0.00193245
1831	1449	1.00956	0.00193245
1831	1450	1.00956	0.00193245
1831	1451	1.00956	0.00193245
1831	1452	1.00956	0.00193245
1831	1453	1.00956	0.00193245
1831	1454	1.00956	0.00193245
1831	1455	1.00956	0.00193245
1831	1456	1.00956	0.00193245
1831	1457	1.00956	0.00193245
1831	1458	1.00956	0.00193245
1831	1459	1.00956	0.00193245
1831	1460	1.00956	0.00193245
1831	1461	1.00956	0.00193245
1831	1462	1.00956	0.00193245
1831	1463	1.00956	0.00193245
1831	1464	1.00956	0.00193245
1831	1465	1.00956	0.00193245
1831	1466	1.00956	0.00193245
1831	1467	1.00956	0.00193245
1831	1468	1.00956	0.00193245
1831	1469	1.00956	0.00193245
1831	1470	1.00956	0.00193245
1831	1471	1.00956	0.00193245
1831	1472	1.00956	0.00193245
1831	1473	1.00956	0.00193245
1831	1474	1.00956	0.00193245
1831	1475	1.00956	0.00193245
1831	1476	1.00956	0.00193245
1831	1477	1.00956	0.00193245
1831	1478	1.00956	0.00193245
1831	1479	1.00956	0.00193245
1831	1480	1.00956	0.00193245
1831	1481	1.00956	0.00193245
1831	1482	1.00956	0.00193245
1831	1483	1.00956	0.00193245
1831	1484	1.00956	0.00193245
1831	1485	1.00956	0.00193245
1831	1486	1.00956	0.00193245
1831	1487	1.00956	0.00193245
1831	1488	1.00956	0.00193245
1831	1489	1.00956	0.00193245
1831	1490	1.00956	0.00193245
1831	1491	1.00956	0.00193245
1831	1492	1.00956	0.00193245
1831	1493	1.00956	0.00193245
1831	1494	1.00956	0.00193245
1831	1495	1.00956	0.00193245
1831	1496	1.00956	0.00193245
1831	1497	1.00956	0.00193245
1831	1498	1.00956	0.00193245
1831	1499	1.00956	0.00193245
1831	1500	1.00956	0.00193245
1831	1501	1.00956	0.00193245
1831	1502	1.00956	0.00193245
1831	1503	1.00956	0.00193245
1831	1504	1.00956	0.00193245
1831	1505	1.00956	0.00193245
1831	1506	1.00956	0.00193245
1831	1507	1.00956	0.00193245
1831	1508	1.00956	0.00193245
1831	1509	1.00956	0.00193245
1831	1510	1.00956	0.00193245
1831	1511	1.00956	0.00193245
1831	1512	1.00956	0.00193245
1831	1513	1.00956	0.00193245
1831	1514	1.00956	0.00193245
1831	1515	1.00956	0.00193245
1831	1516	1.00956	0.00193245
1831	1517	1.00956	0.00193245
1831	1518	1.00956	0.00193245
1831	1519	1.00956	0.00193245
1831	1520	1.00956	0.00193245
1831	1521	1.00956	0.00193245
1831	1522	1.00956	0.00193245
1831	1523	1.00956	0.00193245
1831	1524	1.00956	0.00193245
1831	1525	1.00956	0.00193245
1831	1526	1.00956	0.00193245
1831	1527	1.00956	0.00193245
1831	1528	1.00956	0.00193245
1831	1529	1.00956	0.00193245
1831	1530	1.00956	0.00193245
1831	1531	1.00956	0.00193245
1831	1532	1.00956	0.00193245
1831	1533	1.00956	0.00193245
1831	1534	1.00956	0.00193245
1831	1535	1.00956	0.00193245
1831	1536	1.00956	0.00193245
1831	1537	1.00956	0.00193245
1831	1538	1.00956	0.00193245
1831	1539	1.00956	0.00193245
1831	1540	1.00956	0.00193245
1831	1541	1.00956	0.00193245
1831	1542	1.00956	0.00193245
1831	1543	1.00956	0.00193245
1831	1544	1.00956	0.00193245
1831	1545	1.00956	0.00193245
1831	1546	1.00956	0.00193245
1831	1547	1.00956	0.00193245
1831	1548	1.00956	0.00193245
1831	1549	1.00956	0.00193245
1831	1550	1.00956	0.00193245
1831	1551	1.00956	0.00193245
1831	1552	1.00956	0.00193245
1831	1553	1.00956	0.00193245
1831	1554	1.00956	0.00193245
1831	1555	1.00956	0.00193245
1831	1556	1.00956	0.00193245
1831	1557	1.00956	0.00193245
1831	1558	1.00956	0.00193245
1831	1559	1.00956	0.00193245
1831	1560	1.00956	0.00193245
1831	1561	1.00956	0.00193245
1831	1562	1.00956	0.00193245
1831	1563	1.00956	0.00193245
1831	1564	1.00956	0.00193245
1831	1565	1.00956	0.00193245
1831	1566	1.00956	0.00193245
1831	1567	1.00956	0.00193245
1831	1568	1.00956	0.00193245
1831	1569	1.00956	0.00193245
1831	1570	1.00956	0.00193245
1831	1571	1.00956	0.00193245
1831	1572	1.00956	0.00193245
1831	1573	1.00956	0.00193245
1831	1574	1.00956	0.00193245
1831	1575	1.00956	0.00193245
1831	1576	1.00956	0.00193245
1831	1577	1.00956	0.00193245
1831	1578	1.00956	0.00193245
1831	1579	1.00956	0.00193245
1831	1580	1.00956	0.00193245
1831	1581	1.00956	0.00193245
1831	1582	1.00956	0.00193245
1831	1583	1.00956	0.00193245
1831	1584	1.00956	0.00193245
1831	1585	1.00956	0.00193245
1831	1586	1.00956	0.00193245
1831	1587	1.00956	0.00193245
1831	1588	1.00956	0.00193245
1831	1589	1.00956	0.00193245
1831	1590	1.00956	0.00193245
1831	1591	1.00956	0.00193245
1831	1592	1.00956	0.00193245
1831	1593	1.00956	0.00193245
1831	1594	1.00956	0.00193245
1831	1595	1.00956	0.00193245
1831	1596	1.00956	0.00193245
1831	1597	1.00956	0.00193245
1831	1598	1.00956	0.00193245
1831	1599	1.00956	0.00193245
1831	1600	1.00956	0.00193245
1831	1601	1.00956	0.00193245
1831	1602	1.00956	0.00193245
1831	1603	1.00956	0.00193245
1831	1604	1.00956	0.00193245
1831	1605	1.00956	0.00193245
1831	1606	1.00956	0.00193245
1831	1607	1.00956	0.00193245
1831	1608	1.00956	0.00193245
1831	1609	1.00956	0.00193245
1831	1610	1.00956	0.00193245
1831	1611	1.00956	0.00193245
1831	1612	1.00956	0.00193245
1831	1613	1.00956	0.00193245
1831	1614	1.00956	0.00193245
1831	1615	1.00956	0.00193245
1831	1616	1.00956	0.00193245
1831	1617	1.00956	0.00193245
1831	1618	1.00956	0.00193245
1831	1619	1.00956	0.00193245
1831	1620	1.00956	0.00193245
1831	1621	1.00956	0.00193245
1831	1622	1.00956	0.00193245
1831	1623	1.00956	0.00193245
1831	1624	1.00956	0.00193245
1831	1625	1.00956	0.00193245
1831	1626	1.00956	0.00193245
1831	1627	1.00956	0.00193245
1831	1628	1.00956	0.00193245
1831	1629	1.00956	0.00193245
1831	1630	1.00956	0.00193245
1831	1631	1.00956	0.00193245
1831	1632	1.00956	0.00193245
1831	1633	1.00956	0.00193245
1831	1634	1.00956	0.00193245
1831	1635	1.00956	0.00193245
1831	1636	1.00956	0.00193245
1831	1637	1.00956	0.00193245
1831	1638	1.00956	0.00193245
1831	1639	1.00956	0.00193245
1831	1640	1.00956	0.00193245
1831	1641	1.00956	0.00193245
1831	1642	1.00956	0.00193245
1831	1643	1.00956	0.00193245
1831	1644	1.00956	0.00193245
1831	1645	1.00956	0.00193245
1831	1646	1.00956	0.00193245
1831	1647	1.00956	0.00193245
1831	1648	1.00956	0.00193245
1831	1649	1.00956	0.00193245
1831	1650	1.00956	0.00193245
1831	1651	1.00956	0.00193245
1831	1652	1.00956	0.00193245
1831	1653	1.00956	0.00193245
1831	1654	1.00956	0.00193245
1831	1655	1.00956	0.00193245
1831	1656	1.00956	0.00193245
1831	1657	1.00956	0.00193245
1831	1658	1.00956	0.00193245
1831	1659	1.00956	0.00193245
1831	1660	1.00956	0.00193245
1831	1661	1.00956	0.00193245
1831	1662	1.00956	0.00193245
1831	1663	1.00956	0.00193245
1831	1664	1.00956	0.00193245
1831	1665	1.00956	0.00193245
1831	1666	1.00956	0.00193245
1831	1667	1.00956	0.00193245
1831	1668	1.00956	0.00193245
1831	1669	1.00956	0.00193245
1831	1670	1.00956	0.00193245
1831	1671	1.00956	0.00193245
1831	1672	1.00956	0.00193245
1831	1673	1.00956	0.00193245
1831	1674	1.00956	0.00193245
1831	1675	1.00956	0.00193245
1831	1676	1.00956	0.00193245
1831	1677	1.00956	0.00193245
1831	1678	1.00956	0.00193245
1831	1679	1.00956	0.00193245
1831	1680	1.00956	0.00193245
1831	1681	1.00956	0.00193245
1831	1682	1.00956	0.00193245
1831	1683	1.00956	0.00193245
1831	1684	1.00956	0.00193245
1831	1685	1.00956	0.00193245
1831	1686	1.00956	0.00193245
1831	1687	1.00956	0.00193245
1831	1688	1.00956	0.00193245
1831	1689	1.00956	0.00193245
1831	1690	1.00956	0.00193245
1831	1691	1.00956	0.00193245
1831	1692	1.00956	0.00193245
1831	1693	1.00956	0.00193245
1831	1694	1.00956	0.00193245
1831	1695	1.00956	0.00193245
1831	1696	1.00956	0.00193245
1831	1697	1.00956	0.00193245
1831	1698	1.00956	0.00193245
1831	1699	1.00956	0.00193245
1831	1700	1.00956	0.00193245
1831	1701	1.00956	0.00193245
1831	1702	1.00956	0.00193245
1831	1703	1.00956	0.00193245
1831	1704	1.00956	0.00193245
1831	1705	1.00956	0.00193245
1831	1706	1.00956	0.00193245
1831	1707	1.00956	0.00193245
1831	1708	1.00956	0.00193245
1831	1709	1.00956	0.00193245
1831	1710	1.00956	0.00193245
1831	1711	1.00956	0.00193245
1831	1712	1.00956	0.00193245
1831	1713	1.00956	0.00193245
1831	1714	1.00956	0.00193245
1831	1715	1.00956	0.00193245
1831	1716	1.00956	0.00193245
1831	1717	1.00956	0.00193245
1831	1718	1.00956	0.00193245
1831	1719	1.00956	0.00193245
1831	1720	1.00956	0.00193245
1831	1721	1.00956	0.00193245
1831	1722	1.00956	0.00193245
1831	1723	1.00956	0.00193245
1831	1724	1.00956	0.00193245
1831	1725	1.00956	0.00193245
1831	1726	1.00956	0.00193245
1831	1727	1.00956	0.00193245
1831	1728	1.00956	0.00193245
1831	1729	1.00956	0.00193245
1831	1730	1.00956	0.00193245
1831	1731	1.00956	0.00193245
1831	1732	1.00956	0.00193245
1831	1733	1.00956	0.00193245
1831	1734	1.00956	0.00193245
1831	1735	1.00956	0.00193245
1831	1736	1.00956	0.00193245
1831	1737	1.00956	0.00193245
1831	1738	1.00956	0.00193245
1831	1739	1.00956	0.00193245
1831	1740	1.00956	0.00193245
1831	1741	1.00956	0.00193245
1831	1742	1.00956	0.00193245
1831	1743	1.00956	0.00193245
1831	1744	1.00956	0.00193245
1831	1745	1.00956	0.00193245
1831	1746	1.00956	0.00193245
1831	1747	1.00956	0.00193245
1831	1748	1.00956	0.00193245
1831	1749	1.00956	0.00193245
1831	1750	1.00956	0.00193245
1831	1751	1.00956	0.00193245
1831	1752	1.00956	0.00193245
1831	1753	1.00956	0.00193245
1831	1754	1.00956	0.00193245
1831	1755	1.00956	0.00193245
1831	1756	1.00956	0.00193245
1831	1757	1.00956	0.00193245
1831	1758	1.00956	0.00193245
1831	1759	1.00956	0.00193245
1831	1760	1.00956	0.00193245
1831	1761	1.00956	0.00193245
1831	1762	1.00956	0.00193245
1831	1763	1.00956	0.00193245
1831	1764	1.00956	0.00193245
1831	1765	1.00956	0.00193245
1831	1766	1.00956	0.00193245
1831	1767	1.00956	0.00193245
1831	1768	1.00956	0.00193245
1831	1769	1.00956	0.00193245
1831	1770	1.00956	0.00193245
1831	1771	1.00956	0.00193245
1831	1772	1.00956	0.00193245
1831	1773	1.00956	0.00193245
1831	1774	1.00956	0.00193245
1831	1775	1.00956	0.00193245
1831	1776	1.00956	0.00193245
1831	1777	1.00956	0.00193245
1831	1778	1.00956	0.00193245
1831	1779	1.00956	0.00193245
1831	1780	1.00956	0.00193245
1831	1781	1.00956	0.00193245
1831	1782	1.00956	0.00193245
1831	1783	1.00956	0.00193245
1831	1784	1.00956	0.00193245
1831	1785	1.00956	0.00193245
1831	1786	1.00956	0.00193245
1831	1787	1.00956	0.00193245
1831	1788	1.00956	0.00193245
1831	1789	1.00956	0.00193245
1831	1790	1.00956	0.00193245
1831	1791	1.00956	0.00193245
1831	1792	1.00956	0.00193245
1831	1793	1.00956	0.00193245
1831	1794	1.00956	0.00193245
1831	1795	1.00956	0.00193245
1831	1796	1.00956	0.00193245
1831	1797	1.00956	0.00193245
1831	1798	1.00956	0.00193245
1831	1799	1.00956	0.00193245
1831	1800	1.00956	0.00193245
1831	1801	1.00956	0.00193245
1831	1802	1.00956	0.00193245
1831	1803	1.00956	0.00193245
1831	1804	1.00956	0.00193245
1831	1805	1.00956	0.00193245
1831	1806	1.00956	0.00193245
1831	1807	1.00956	0.00193245
1831	1808	1.00956	0.00193245
1831	1809	1.00956	0.00193245
1831	1810	1.00956	0.00193245
1831	1811	1.00956	0.00193245
1831	1812	1.00956	0.00193245
1831	1813	1.00956	0.00193245
1831	1814	1.00956	0.00193245
1831	1815	1.00956	0.00193245
1831	1816	1.00956	0.00193245
1831	1817	1.00956	0.00193245
1831	1818	1.00956	0.00193245
1831	1819	1.00956	0.00193245
1831	1820	1.00956	0.00193245
1831	1821	1.00956	0.00193245
1831	1822	1.00956	0.00193245
1831	1823	1.00956	0.00193245
1831	1824	1.00956	0.00193245
1831	1825	1.00956	0.00193245
1831	1826	1.00956	0.00193245
1831	1827	1.00956	0.00193245
1831	1828	1.00956	0.00193245
1831	1829	1.00956	0.00193245
1831	1830	1.00956	0.00193245
1831	1831	1.00956	0.00193245
1831	1832	1.00956	0.00193245
1831	1833	1.00956	0.00193245
1831	1834	1.00956	0.00193245
1831	1835	1.00956	0.00193245
1831	1836	1.00956	0.00193245
1831	1837	1.00956	0.00193245
1831	1838	1.00956	0.00193245
1831	1839	1.00956	0.00193245
1831	1840	1.00956	0.00193245
1831	1841	1.00956	0.00193245
1831	1842	1.00956	0.00193245
1831	1843	1.00956	0.00193245
1831	1844	1.00956	0.00193245
1831	1845	1.00956	0.00193245
1831	1846	1.00956	0.00193245
1831	1847	1.00956	0.00193245
1831	1848	1.00956	0.00193245
1831	1849	1.00956	0.00193245
1831	1850	1.00956	0.00193245
1831	1851	1.00956	0.00193245
1831	1852	1.00956	0.00193245
1831	1853	1.00956	0.00193245
1831	1854	1.00956	0.00193245
1831	1855	1.00956	0.00193245
1831	1856	1.00956	0.00193245
1831	1857	1.00956	0.00193245
1831	1858	1.00956	0.00193245
1831	1859	1.00956	0.00193245
1831	1860	1.00956	0.00193245
1831	1861	1.00956	0.00193245
1831	1862	1.00956	0.00193245
1831	1863	1.00956	0.00193245
1831	1864	1.00956	0.00193245
1831	1865	1.00956	0.00193245
1831	1866	1.00956	0.00193245
1831	1867	1.00956	0.00193245
1831	1868	1.00956	0.00193245
1831	1869	1.00956	0.00193245
1831	1870	1.00956	0.00193245
1831	1871	1.00956	0.00193245
1831	1872	1.00956	0.00193245
1831	1873	1.00956	0.00193245
1831	1874	1.00956	0.00193245
1831	1875	1.00956	0.00193245
1831	1876	1.00956	0.00193245
1831	1877	1.00956	0.00193245
1831	1878	1.00956	0.00193245
1831	1879	1.00956	0.00193245
1831	1880	1.00956	0.00193245
1831	1881	1.00956	0.00193245
1831	1882	1.00956	0.00193245
1831	1883	1.00956	0.00193245
1831	1884	1.00956	0.00193245
1831	1885	1.00956	0.00193245
1831	1886	1.00956	0.00193245
1831	1887	1.00956	0.00193245
1831	1888	1.00956	0.00193245
1831	1889	1.00956	0.00193245
1831	1890	1.00956	0.00193245
1831	1891	1.00956	0.00193245
1831	1892	1.00956	0.00193245
1831	1893	1.00956	0.00193245
1831	1894	1.00956	0.00193245
1831	1895	1.00956	0.00193245
1831	1896	1.00956	0.00193245
1831	1897	1.00956	0.00193245
1831	1898	1.00956	0.00193245
1831	1899	1.00956	0.00193245
1831	1900	1.00956	0.00193245
1831	1901	1.00956	0.00193245
1831	1902	1.00956	0.00193245
1831	1903	1.00956	0.00193245
1831	1904	1.00956	0.00193245
1831	1905	1.00956	0.00193245
1831	1906	1.00956	0.00193245
1831	1907	1.00956	0.00193245
1831	1908	1.00956	0.00193245
1831	1909	1.00956	0.00193245
1831	1910	1.00956	0.00193245
1831	1911	1.00956	0.00193245
1831	1912	1.00956	0.00193245
1831	1913	1.00956	0.00193245
1831	1914	1.00956	0.00193245
1831	1915	1.00956	0.00193245
1831	1916	1.00956	0.00193245
1831	1917	1.00956	0.00193245
1831	1918	1.00956	0.00193245
1831	1919	1.00956	0.00193245
1831	1920	1.00956	0.00193245
1831	1921	1.00956	0.00193245
1831	1922	1.00956	0.00193245
1831	1923	1.00956	0.00193245
1831	1924	1.00956	0.00193245
1831	1925	1.00956	0.00193245
1831	1926	1.00956	0.00193245
1831	1927	1.00956	0.00193245
1831	1928	1.00956	0.00193245
1831	1929	1.00956	0.00193245
1831	1930	1.00956	0.00193245
1831	1931	1.00956	0.00193245
1831	1932	1.00956	0.00193245
1831	1933	1.00956	0.00193245
1831	1934	1.00956	0.00193245
1831	1935	1.00956	0.00193245
1831	1936	1.00956	0.00193245
1831	1937	1.00956	0.00193245
1831	1938	1.00956	0.00193245
1831	1939	1.00956	0.00193245
1831	1940	1.00956	0.00193245
1831	1941	1.00956	0.00193245
1831	1942	1.00956	0.00193245
1831	1943	1.00956	0.00193245
1831	1944	1.00956	0.00193245
1831	1945	1.00956	0.00193245
1831	1946	1.00956	0.00193245
1831	1947	1.00956	0.00193245
1831	1948	1.00956	0.00193245
1831	1949	1.00956	0.00193245
1831	1950	1.00956	0.00193245
1831	1951	1.00956	0.00193245
1831	1952	1.00956	0.00193245
1831	1953	1.00956	0.00193245
1831	1954	1.00956	0.00193245
1831	1955	1.00956	0.00193245
1831	1956	1.00956	0.00193245
1831	1957	1.00956	0.00193245
1831	1958	1.00956	0.00193245
1831	1959	1.00956	0.00193245
1831	1960	1.00956	0.00193245
1831	1961	1.00956	0.00193245
1831	1962	1.00956	0.00193245
1831	1963	1.00956	0.00193245
1831	1964	1.00956	0.00193245
1831	1965	1.00956	0.00193245
1831	1966	1.00956	0.00193245
1831	1967	1.00956	0.00193245
1831	1968	1.00956	0.00193245
1831	1969	1.00956	0.00193245
1831	1970	1.00956	0.00193245
1831	1971	1.00956	0.00193245
1831	1972	1.00956	0.00193245
1831	1973	1.00956	0.00193245
1831	1974	1.00956	0.00193245
1831	1975	1.00956	0.00193245
1831	1976	1.00956	0.00193245
1831	1977	1.00956	0.00193245
1831	1978	1.00956	0.00193245
1831	1979	1.00956	0.00193245
1831	1980	1.00956	0.00193245
1831	1981	1.00956	0.00193245
1831	1982	1.00956	0.00193245
1831	1983	1.00956	0.00193245
1831	1984	1.00956	0.00193245
1831	1985	1.00956	0.00193245
1831	1986	1.00956	0.00193245
1831	1987	1.00956	0.00193245
1831	1988	1.00956	0.00193245
1831	1989	1.00956	0.00193245
1831	1990	1.00956	0.00193245
1831	1991	1.00956	0.00193245
1831	1992	1.00956	0.00193245
1831	1993	1.00956	0.00193245
1831	1994	1.00956	0.00193245
1831	1995	1.00956	0.00193245
1831	1996	1.00956	0.00193245
1831	1997	1.00956	0.00193245
1831	1998	1.00956	0.00193245
1831	1999	1.00956	0.00193245
1831	2000	1.00956	0.00193245
1831	2001	1.00956	0.00193245
1831	2002	1.00956	0.00193245
1831	2003	1.00956	0.00193245
1831	2004	1.00956	0.00193245
1831	2005	1.00956	0.00193245
1831	2006	1.00956	0.00193245
1831	2007	1.00956	0.00193245
1831	2008	1.00956	0.00193245
1831	2009	1.00956	0.00193245
1831	2010	1.00956	0.00193245
1831	2011	1.00956	0.00193245
1831	2012	1.00956	0.00193245
1831	2013	1.00956	0.00193245
1831	2014	1.00956	0.00193245
1831	2015	1.00956	0.00193245
1831	2016	1.00956	0.00193245
1831	2017	1.00956	0.00193245
1831	2018	1.00956	0.00193245
1831	2019	1.00956	0.00193245
1831	2020	1.00956	0.00193245
1831	2021	1.00956	0.00193245
1831	2022	1.00956	0.00193245
1831	2023	1.00956	0.00193245
1831	2024	1.00956	0.00193245
1831	2025	1.00956	0.00193245
1831	2026	1.00956	0.00193245
1831	2027	1.00956	0.00193245
1831	2028	1.00956	0.00193245
1831	2029	1.00956	0.00193245
1831	2030	1.00956	0.00193245
1831	2031	1.00956	0.00193245
1831	2032	1.00956	0.00193245
1831	2033	1.00956	0.00193245
1831	2034	1.00956	0.00193245
1831	2035	1.00956	0.00193245
1831	2036	1.00956	0.00193245
1831	2037	1.00956	0.00193245
1831	2038	1.00956	0.00193245
1831	2039	1.00956	0.00193245
1831	2040	1.00956	0.00193245
1831	2041	1.00956	0.00193245
1831	2042	1.00956	0.00193245
1831	2043	1.00956	0.00193245
1831	2044	1.00956	0.00193245
1831	2045	1.00956	0.00193245
1831	2046	1.00956	0.00193245
1831	2047	1.00956	0.00193245
1831	2048	1.00956	0.00193245
1831	2049	1.00956	0.00193245
1831	2050	1.00956	0.00193245
1831	2051	1.00956	0.00193245
1831	2052	1.00956	0.00193245
1831	2053	1.00956	0.00193245
1831	2054	1.00956	0.00193245
1831	2055	1.00956	0.00193245
1831	2056	1.00956	0.00193245
1831	2057	1.00956	0.00193245
1831	2058	1.00956	0.00193245
1831	2059	1.00956	0.00193245
1831	2060	1.00956	0.00193245
1831	2061	1.00956	0.00193245
1831	2062	1.00956	0.00193245
1831	2063	1.00956	0.00193245
1831	2064	1.00956	0.00193245
1831	2065	1.00956	0.00193245
1831	2066	1.00956	0.00193245
1831	2067	1.00956	0.00193245
1831	2068	1.00956	0.00193245
1831	2069	1.00956	0.00193245
1831	2070	1.00956	0.00193245
1831	2071	1.00956	0.00193245
1831	2072	1.00956	0.00193245
1831	2073	1.00956	0.00193245
1831	2074	1.00956	0.00193245
1831	2075	1.00956	0.00193245
1831	2076	1.00956	0.00193245
1831	2077	1.00956	0.00193245
1831	2078	1.00956	0.00193245
1831	2079	1.00956	0.00193245
1831	2080	1.00956	0.00193245
1831	2081	1.00956	0.00193245
1831	2082	1.00956	0.00193245
1831	2083	1.00956	0.00193245
1831	2084	1.00956	0.00193245
1831	2085	1.00956	0.00193245
1831	2086	1.00956	0.00193245
1831	2087	1.00956	0.00193245
1831	2088	1.00956	0.00193245
1831	2089	1.00956	0.00193245
1831	2090	1.00956	0.00193245
1831	2091	1.00956	0.00193245
1831	2092	1.00956	0.00193245
1831	2093	1.00956	0.00193245
1831	2094	1.00956	0.00193245
1831	2095	1.00956	0.00193245
1831	2096	1.00956	0.00193245
1831	2097	1.00956	0.00193245
1831	2098	1.00956	0.00193245
1831	2099	1.00956	0.00193245
1831	2100	1.00956	0.00193245
1831	2101	1.00956	0.00193245
1831	2102	1.00956	0.00193245
1831	2103	1.00956	0.00193245
1831	2104	1.00956	0.00193245
1831	2105	1.00956	0.00193245
1831	2106	1.00956	0.00193245
1831	2107	1.00956	0.00193245
1831	2108	1.00956	0.00193245
1831	2109	1.00956	0.00193245
1831	2110	1.00956	0.00193245
1831	2111	1.00956	0.00193245
1831	2112	1.00956	0.00193245
1831	2113	1.00956	0.00193245
1831	2114	1.00956	0.00193245
1831	2115	1.00956	0.00193245
1831	2116	1.00956	0.00193245
1831	2117	1.00956	0.00193245
1831	2118	1.00956	0.00193245
1831	2119	1.00956	0.00193245
1831	2120	1.00956	0.00193245
1831	2121	1.00956	0.00193245
1831	2122	1.00956	0.00193245
1831	2123	1.00956	0.00193245
1831	2124	1.00956	0.00193245
1831	2125	1.00956	0.00193245
1831	2126	1.00956	0.00193245
1831	2127	1.00956	0.00193245
1831	2128	1.00956	0.00193245
1831	2129	1.00956	0.00193245
1831	2130	1.00956	0.00193245
1831	2131	1.00956	0.00193245
1831	2132	1.00956	0.00193245
1831	2133	1.00956	0.00193245
1831	2134	1.00956	0.00193245
1831	2135	1.00956	0.00193245
1831	2136	1.00956	0.00193245
1831	2137	1.00956	0.00193245
1831	2138	1.00956	0.00193245
1831	2139	1.00956	0.00193245
1831	2140	1.00956	0.00193245
1831	2141	1.00956	0.00193245
1831	2142	1.00956	0.00193245
1831	2143	1.00956	0.00193245
1831	2144	1.00956	0.00193245
1831	2145	1.00956	0.00193245
1831	2146	1.00956	0.00193245
1831	2147	1.00956	0.00193245
1831	2148	1.00956	0.00193245
1831	2149	1.00956	0.00193245
1831	2150	1.00956	0.00193245
1831	2151	1.00956	0.00193245
1831	2152	1.00956	0.00193245
1831	2153	1.00956	0.00193245
1831	2154	1.00956	0.00193245
1831	2155	1.00956	0.00193245
1831	2156	1.00956	0.00193245
1831	2157	1.00956	0.00193245
1831	2158	1.00956	0.00193245
1831	2159	1.00956	0.00193245
1831	2160	1.00956	0.00193245
1831	2161	1.00956	0.00193245
1831	2162	1.00956	0.00193245
1831	2163	1.00956	0.00193245
1831	2164	1.00956	0.00193245
1831	2165	1.00956	0.00193245
1831	2166	1.00956	0.00193245
1831	2167	1.00956	0.00193245
1831	2168	1.00956	0.00193245
1831	2169	1.00956	0.00193245
1831	2170	1.00956	0.00193245
1831	2171	1.00956	0.00193245
1831	2172	1.00956	0.00193245
1831	2173	1.00956	0.00193245
1831	2174	1.00956	0.00193245
1831	2175	1.00956	0.00193245
1831	2176	1.00956	0.00193245
1831	2177	1.00956	0.00193245
1831	2178	1.00956	0.00193245
1831	2179	1.00956	0.00193245
1831	2180	1.00956	0.00193245
1831	2181	1.00956	0.00193245
1831	2182	1.00956	0.00193245
1831	2183	1.00956	0.00193245
1831	2184	1.00956	0.00193245
1831	2185	1.00956	0.00193245
1831	2186	1.00956	0.00193245
1831	2187	1.00956	0.00193245
1831	2188	1.00956	0.00193245
1831	2189	1.00956	0.00193245
1831	2190	1.00956	0.00193245
1831	2191	1.00956	0.00193245
1831	2192	1.00956	0.00193245
1831	2193	1.00956	0.00193245
1831	2194	1.00956	0.00193245
1831	2195	1.00956	0.00193245
1831	2196	1.00956	0.00193245
1831	2197	1.00956	0.00193245
1831	2198	1.00956	0.00193245
1831	2199	1.00956	0.00193245
1831	2200	1.00956	0.00193245
1831	2201	1.00956	0.00193245
1831	2202	1.00956	0.00193245
1831	2203	1.00956	0.00193245
1831	2204	1.00956	0.00193245
1831	2205	1.00956	0.00193245
1831	2206	1.00956	0.00193245
1831	2207	1.00956	0.00193245
1831	2208	1.00956	0.00193245
1831	2209	1.00956	0.00193245
1831	2210	1.00956	0.00193245
1831	2211	1.00956	0.00193245
1831	2212	1.00956	0.00193245
1831	2213	1.00956	0.00193245
1831	2214	1.00956	0.00193245
1831	2215	1.00956	0.00193245
1831	2216	1.00956	0.00193245
1831	2217	1.00956	0.00193245
1831	2218	1.00956	0.00193245
1831	2219	1.00956	0.00193245
1831	2220	1.00956	0.00193245
1831	2221	1.00956	0.00193245
1831	2222	1.00956	0.00193245
1831	2223	1.00956	0.00193245
1831	2224	1.00956	0.00193245
1831	2225	1.00956	0.00193245
1831	2226	1.00956	0.00193245
1831	2227	1.00956	0.00193245
1831	2228	1.00956	0.00193245
1831	2229	1.00956	0.00193245
1831	2230	1.00956	0.00193245
1831	2231	1.00956	0.00193245
1831	2232	1.00956	0.00193245
1831	2233	1.00956	0.00193245
1831	2234	1.00956	0.00193245
1831	2235	1.00956	0.00193245
1831	2236	1.00956	0.00193245
1831	2237	1.00956	0.00193245
1831	2238	1.00956	0.00193245
1831	2239	1.00956	0.00193245
1831	2240	1.00956	0.00193245
1831	2241	1.00956	0.00193245
1831	2242	1.00956	0.00193245
1831	2243	1.00956	0.00193245
1831	2244	1.00956	0.00193245
1831	2245	1.00956	0.00193245
1831	2246	1.00956	0.00193245
1831	2247	1.00956	0.00193245
1831	2248	1.00956	0.00193245
1831	2249	1.00956	0.00193245
1831	2250	1.00956	0.00193245
1831	2251	1.00956	0.00193245
1831	2252	1.00956	0.00193245
1831	2253	1.00956	0.00193245
1831	2254	1.00956	0.00193245
1831	2255	1.00956	0.00193245
1831	2256	1.00956	0.00193245
1831	2257	1.00956	0.00193245
1831	2258	1.00956	0.00193245
1831	2259	1.00956	0.00193245
1831	2260	1.00956	0.00193245
1831	2261	1.00956	0.00193245
1831	2262	1.00956	0.00193245
1831	2263	1.00956	0.00193245
1831	2264	1.00956	0.00193245
1831	2265	1.00956	0.00193245
1831	2266	1.00956	0.00193245
1831	2267	1.00956	0.00193245
1831	2268	1.00956	0.00193245
1831	2269	1.00956	0.00193245
1831	2270	1.00956	0.00193245
1831	2271	1.00956	0.00193245
1831	2272	1.00956	0.00193245
1831	2273	1.00956	0.00193245
1831	2274	1.00956	0.00193245
1831	2275	1.00956	0.00193245
1831	2276	1.00956	0.00193245
1831	2277	1.00956	0.00193245
1831	2278	1.00956	0.00193245
1831	2279	1.00956	0.00193245
1831	2280	1.00956	0.00193245
1831	2281	1.00956	0.00193245
1831	2282	1.00956	0.00193245
1831	2283	1.00956	0.00193245
1831	2284	1.00956	0.00193245
1831	2285	1.00956	0.00193245
1831	2286	1.00956	0.00193245
1831	2287	1.00956	0.00193245
1831	2288	1.00956	0.00193245
1831	2289	1.00956	0.00193245
1831	2290	1.00956	0.00193245
1831	2291	1.00956	0.00193245
1831	2292	1.00956	0.00193245
1831	2293	1.00956	0.00193245
1831	2294	1.00956	0.00193245
1831	2295	1.00956	0.00193245
1831	2296	1.00956	0.00193245
1831	2297	1.00956	0.00193245
1831	2298	1.00956	0.00193245
1831	2299	1.00956	0.00193245
1831	2300	1.00956	0.00193245
1831	2301	1.00956	0.00193245
1831	2302	1.00956	0.00193245
1831	2303	1.00956	0.00193245
1831	2304	1.00956	0.00193245
1831	2305	1.00956	0.00193245
1831	2306	1.00956	0.00193245
1831	2307	1.00956	0.00193245
1831	2308	1.00956	0.00193245
1831	2309	1.00956	0.00193245
1831	2310	1.00956	0.00193245
1831	2311	1.00956	0.00193245
1831	2312	1.00956	0.00193245
1831	2313	1.00956	0.00193245
1831	2314	1.00956	0.00193245
1831	2315	1.00956	0.00193245
1831	2316	1.00956	0.00193245
1831	2317	1.00956	0.00193245
1831	2318	1.00956	0.00193245
1831	2319	1.00956	0.00193245
1831	2320	1.00956	0.00193245
1831	2321	1.00956	0.00193245
1831	2322	1.00956	0.00193245
1831	2323	1.00956	0.00193245
1831	2324	1.00956	0.00193245
1831	2325	1.00956	0.00193245
1831	2326	1.00956	0.00193245
1831	2327	1.00956	0.00193245
1831	2328	1.00956	0.00193245
1831	2329	1.00956	0.00193245
1831	2330	1.00956	0.00193245
1831	2331	1.00956	0.00193245
1831	2332	1.00956	0.00193245
1831	2333	1.00956	0.00193245
1831	2334	1.00956	0.00193245
1831	2335	1.00956	0.00193245
1831	2336	1.00956	0.00193245
1831	2337	1.00956	0.00193245
1831	2338	1.00956	0.00193245
1831	2339	1.00956	0.00193245
1831	2340	1.00956	0.00193245
1831	2341	1.00956	0.00193245
1831	2342	1.00956	0.00193245
1831	2343	1.00956	0.00193245
1831	2344	1.00956	0.00193245
1831	2345	1.00956	0.00193245
1831	2346	1.00956	0.00193245
1831	2347	1.00956	0.00193245
1831	2348	1.00956	0.00193245
1831	2349	1.00956	0.00193245
1831	2350	1.00956	0.00193245
1831	2351	1.00956	0.00193245
1831	2352	1.00956	0.00193245
1831	2353	1.00956	0.00193245
1831	2354	1.00956	0.00193245
1831	2355	1.00956	0.00193245
1831	2356	1.00956	0.00193245
1831	2357	1.00956	0.00193245
1831	2358	1.00956	0.00193245
1831	2359	1.00956	0.00193245
1831	2360	1.00956	0.00193245
1831	2361	1.00956	0.00193245
1831	2362	1.00956	0.00193245
1831	2363	1.00956	0.00193245
1831	2364	1.00956	0.00193245
1831	2365	1.00956	0.00193245
1831	2366	1.00956	0.00193245
1831	2367	1.00956	0.00193245
1831	2368	1.00956	0.00193245
1831	2369	1.00956	0.00193245
1831	2370	1.00956	0.00193245
1831	2371	1.00956	0.00193245
1831	2372	1.00956	0.00193245
1831	2373	1.00956	0.00193245
1831	2374	1.00956	0.00193245
1831	2375	1.00956	0.00193245
1831	2376	1.00956	0.00193245
1831	2377	1.00956	0.00193245
1831	2378	1.00956	0.00193245
1831	2379	1.00956	0.00193245
1831	2380	1.00956	0.00193245
1831	2381	1.00956	0.00193245
1831	2382	1.00956	0.00193245
1831	2383	1.00956	0.00193245
1831	2384	1.00956	0.00193245
1831	2385	1.00956	0.00193245
1831	2386	1.00956	0.00193245
1831	2387	1.00956	0.00193245
1831	2388	1.00956	0.00193245
1831	2389	1.00956	0.00193245
1831	2390	1.00956	0.00193245
1831	2391	1.00956	0.00193245
1831	2392	1.00956	0.00193245
1831	2393	1.00956	0.00193245
1831	2394	1.00956	0.00193245
1831	2395	1.00956	0.00193245
1831	2396	1.00956	0.00193245
1831	2397	1.00956	0.00193245
1831	2398	1.00956	0.00193245
1831	2399	1.00956	0.00193245
1831	2400	1.00956	0.00193245
1831	2401	1.00956	0.00193245
1831	2402	1.00956	0.00193245
1831	2403	1.00956	0.00193245
1831	2404	1.00956	0.00193245
1831	2405	1.00956	0.00193245
1831	2406	1.00956	0.00193245
1831	2407	1.00956	0.00193245
1831	2408	1.00956	0.00193245
1831	2409	1.00956	0.00193245
1831	2410	1.00956	0.00193245
1831	2411	1.00956	0.00193245
1831	2412	1.00956	0.00193245
1831	2413	1.00956	0.00193245
1831	2414	1.00956	0.00193245
1831	2415	1.00956	0.00193245
1831	2416	1.00956	0.00193245
1831	2417	1.00956	0.00193245
1831	2418	1.00956	0.00193245
1831	2419	1.00956	0.00193245
1831	2420	1.00956	0.00193245
1831	2421	1.00956	0.00193245
1831	2422	1.00956	0.00193245
1831	2423	1.00956	0.00193245
1831	2424	1.00956	0.00193245
1831	2425	1.00956	0.00193245
1831	2426	1.00956	0.00193245
1831	2427	1.00956	0.00193245
1831	2428	1.00956	0.00193245
1831	2429	1.00956	0.00193245
1831	2430	1.00956	0.00193245
1831	2431	1.00956	0.00193245
1831	2432	1.00956	0.00193245
1831	2433	1.00956	0.00193245
1831	2434	1.00956	0.00193245
1831	2435	1.00956	0.00193245
1831	2436	1.00956	0.00193245
1831	2437	1.00956	0.00193245
1831	2438	1.00956	0.00193245
1831	2439	1.00956	0.00193245
1831	2440	1.00956	0.00193245
1831	2441	1.00956	0.00193245
1831	2442	1.00956	0.00193245
1831	2443	1.00956	0.00193245
1831	2444	1.00956	0.00193245
1831	2445	1.00956	0.00193245
1831	2446	1.00956	0.00193245
1831	2447	1.00956	0.00193245
1831	2448	1.00956	0.00193245
1831	2449	1.00956	0.00193245
1831	2450	1.00956	0.00193245
1831	2451	1.00956	0.00193245
1831	2452	1.00956	0.00193245
1831	2453	1.00956	0.00193245
1831	2454	1.00956	0.00193245
1831	2455	1.00956	0.00193245
1831	2456	1.00956	0.00193245
1831	2457	1.00956	0.00193245
1831	2458	1.00956	0.00193245
1831	2459	1.00956	0.00193245
1831	2460	1.00956	0.00193245
1831	2461	1.00956	0.00193245
1831	2462	1.00956	0.00193245
1831	2463	1.00956	0.00193245
1831	2464	1.00956	0.00193245
1831	2465	1.00956	0.00193245
1831	2466	1.00956	0.00193245
1831	2467	1.00956	0.00193245
1831	2468	1.00956	0.00193245
1831	2469	1.00956	0.00193245
1831	2470	1.00956	0.00193245
1831	2471	1.00956	0.00193245
1831	2472	1.00956	0.00193245
1831	2473	1.00956	0.00193245
1831	2474	1.00956	0.00193245
1831	2475	1.00956	0.00193245
1831	2476	1.00956	0.00193245
1831	2477	1.00956	0.00193245
1831	2478	1.00956	0.00193245
1831	2479	1.00956	0.00193245
1831	2480	1.00956	0.00193245
1831	2481	1.00956	0.00193245
1831	2482	1.00956	0.00193245
1831	2483	1.00956	0.00193245
1831	2484	1.00956	0.00193245
1831	2485	1.00956	0.00193245
1831	2486	1.00956	0.00193245
1831	2487	1.00956	0.00193245
1831	2488	1.00956	0.00193245
1831	2489	1.00956	0.00193245
1831	2490	1.00956	0.00193245
1831	2491	1.00956	0.00193245
1831	2492	1.00956	0.00193245
1831	2493	1.00956	0.00193245
1831	2494	1.00956	0.00193245
1831	2495	1.00956	0.00193245
1831	2496	1.00956	0.00193245
1831	2497	1.00956	0.00193245
1831	2498	1.00956	0.00193245
1831	2499	1.00956	0.00193245
1831	2500	1.00956	0.00193245
1831	2501	1.00956	0.00193245
1831	2502	1.00956	0.00193245
1831	2503	1.00956	0.00193245
1831	2504	1.00956	0.00193245
1831	2505	1.00956	0.00193245
1831	2506	1.00956	0.00193245
1831	2507	1.00956	0.00193245
1831	2508	1.00956	0.00193245
1831	2509	1.00956	0.00193245
1831	2510	1.00956	0.00193245
1831	2511	1.00956	0.00193245
1831	2512	1.00956	0.00193245
1831	2513	1.00956	0.00193245
1831	2514	1.00956	0.00193245
1831	2515	1.00956	0.00193245
1831	2516	1.00956	0.00193245
1831	2517	1.00956	0.00193245
1831	2518	1.00956	0.00193245
1831	2519	1.00956	0.00193245
1831	2520	1.00956	0.00193245
1831	2521	1.00956	0.00193245
1831	2522	1.00956	0.00193245
1831	2523	1.00956	0.00193245
1831	2524	1.00956	0.00193245
1831	2525	1.00956	0.00193245
1831	2526	1.00956	0.00193245
1831	2527	1.00956	0.00193245
1831	2528	1.00956	0.00193245
1831	2529	1.00956	0.00193245
1831	2530	1.00956	0.00193245
1831	2531	1.00956	0.00193245
1831	2532	1.00956	0.00193245
1831	2533	1.00956	0.00193245
1831	2534	1.00956	0.00193245
1831	2535	1.00956	0.00193245
1831	2536	1.00956	0.00193245
1831	2537	1.00956	0.00193245
1831	2538	1.00956	0.00193245
1831	2539	1.00956	0.00193245
1831	2540	1.00956	0.00193245
1831	2541	1.00956	0.00193245
1831	2542	1.00956	0.00193245
1831	2543	1.00956	0.00193245
1831	2544	1.00956	0.00193245
1831	2545	1.00956	0.00193245
1831	2546	1.00956	0.00193245
1831	2547	1.00956	0.00193245
1831	2548	1.00956	0.00193245
1831	2549	1.00956	0.00193245
1831	2550	1.00956	0.00193245
1831	2551	1.00956	0.00193245
1831	2552	1.00956	0.00193245
1831	2553	1.00956	0.00193245
1831	2554	1.00956	0.00193245
1831	2555	1.00956	0.00193245
1831	2556	1.00956	0.00193245
1831	2557	1.00956	0.00193245
1831	2558	1.00956	0.00193245
1831	2559	1.00956	0.00193245
1831	2560	1.00956	0.00193245
1831	2561	1.00956	0.00193245
1831	2562	1.00956	0.00193245
1831	2563	1.00956	0.00193245
1831	2564	1.00956	0.00193245
1831	2565	1.00956	0.00193245
1831	2566	1.00956	0.00193245
1831	2567	1.00956	0.00193245
1831	2568	1.00956	0.00193245
1831	2569	1.00956	0.00193245
1831	2570	1.00956	0.00193245
1831	2571	1.00956	0.00193245
1831	2572	1.00956	0.00193245
1831	2573	1.00956	0.00193245
1831	2574	1.00956	0.00193245
1831	2575	1.00956	0.00193245
1831	2576	1.00956	0.00193245
1831	2577	1.00956	0.00193245
1831	2578	1.00956	0.00193245
1831	2579	1.00956	0.00193245
1831	2580	1.00956	0.00193245
1831	2581	1.00956	0.00193245
1831	2582	1.00956	0.00193245
1831	2583	1.00956	0.00193245
1831	2584	1.00956	0.00193245
1831	2585	1.00956	0.00193245
1831	2586	1.00956	0.00193245
1831	2587	1.00956	0.00193245
1831	2588	1.00956	0.00193245
1831	2589	1.00956	0.00193245
1831	2590	1.00956	0.00193245
1831	2591	1.00956	0.00193245
1831	2592	1.00956	0.00193245
1831	2593	1.00956	0.00193245
1831	2594	1.00956	0.00193245
1831	2595	1.00956	0.00193245
1831	2596	1.00956	0.00193245
1831	2597	1.00956	0.00193245
1831	2598	1.00956	0.00193245
1831	2599	1.00956	0.00193245
1831	2600	1.00956	0.00193245
1831	2601	1.00956	0.00193245
1831	2602	1.00956	0.00193245
1831	2603	1.00956	0.00193245
1831	2604	1.00956	0.00193245
1831	2605	1.00956	0.00193245
1831	2606	1.00956	0.00193245
1831	2607	1.00956	0.00193245
1831	2608	1.00956	0.00193245
1831	2609	1.00956	0.00193245
1831	2610	1.00956	0.00193245
1831	2611	1.00956	0.00193245
1831	2612	1.00956	0.00193245
1831	2613	1.00956	0.00193245
1831	2614	1.00956	0.00193245
1831	2615	1.00956	0.00193245
1831	2616	1.00956	0.00193245
1831	2617	1.00956	0.00193245
1831	2618	1.00956	0.00193245
1831	2619	1.00956	0.00193245
1831	2620	1.00956	0.00193245
1831	2621	1.00956	0.00193245
1831	2622	1.00956	0.00193245
1831	2623	1.00956	0.00193245
1831	2624	1.00956	0.00193245
1831	2625	1.00956	0.00193245
