1837	0	1.01327	0.00197155
1837	1	1.01327	0.00197155
1837	2	1.01327	0.00197155
1837	3	1.01327	0.00197155
1837	4	1.01327	0.00197155
1837	5	1.01327	0.00197155
1837	6	1.01327	0.00197155
1837	7	1.01327	0.00197155
1837	8	1.01327	0.00197155
1837	9	1.01327	0.00197155
1837	10	1.01327	0.00197155
1837	11	1.01327	0.00197155
1837	12	1.01327	0.00197155
1837	13	1.01327	0.00197155
1837	14	1.01327	0.00197155
1837	15	1.01327	0.00197155
1837	16	1.01327	0.00197155
1837	17	1.01327	0.00197155
1837	18	1.01327	0.00197155
1837	19	1.01327	0.00197155
1837	20	1.01327	0.00197155
1837	21	1.01327	0.00197155
1837	22	1.01327	0.00197155
1837	23	1.01327	0.00197155
1837	24	1.01327	0.00197155
1837	25	1.01327	0.00197155
1837	26	1.01327	0.00197155
1837	27	1.01327	0.00197155
1837	28	1.01327	0.00197155
1837	29	1.01327	0.00197155
1837	30	1.01327	0.00197155
1837	31	1.01327	0.00197155
1837	32	1.01327	0.00197155
1837	33	1.01327	0.00197155
1837	34	1.01327	0.00197155
1837	35	1.01327	0.00197155
1837	36	1.01327	0.00197155
1837	37	1.01327	0.00197155
1837	38	1.01327	0.00197155
1837	39	1.01327	0.00197155
1837	40	1.01327	0.00197155
1837	41	1.01327	0.00197155
1837	42	1.01327	0.00197155
1837	43	1.01327	0.00197155
1837	44	1.01327	0.00197155
1837	45	1.01327	0.00197155
1837	46	1.01327	0.00197155
1837	47	1.01327	0.00197155
1837	48	1.01327	0.00197155
1837	49	1.01327	0.00197155
1837	50	1.01327	0.00197155
1837	51	1.01327	0.00197155
1837	52	1.01327	0.00197155
1837	53	1.01327	0.00197155
1837	54	1.01327	0.00197155
1837	55	1.01327	0.00197155
1837	56	1.01327	0.00197155
1837	57	1.01327	0.00197155
1837	58	1.01327	0.00197155
1837	59	1.01327	0.00197155
1837	60	1.01327	0.00197155
1837	61	1.01327	0.00197155
1837	62	1.01327	0.00197155
1837	63	1.01327	0.00197155
1837	64	1.01327	0.00197155
1837	65	1.01327	0.00197155
1837	66	1.01327	0.00197155
1837	67	1.01327	0.00197155
1837	68	1.01327	0.00197155
1837	69	1.01327	0.00197155
1837	70	1.01327	0.00197155
1837	71	1.01327	0.00197155
1837	72	1.01327	0.00197155
1837	73	1.01327	0.00197155
1837	74	1.01327	0.00197155
1837	75	1.01327	0.00197155
1837	76	1.01327	0.00197155
1837	77	1.01327	0.00197155
1837	78	1.01327	0.00197155
1837	79	1.01327	0.00197155
1837	80	1.01327	0.00197155
1837	81	1.01327	0.00197155
1837	82	1.01327	0.00197155
1837	83	1.01327	0.00197155
1837	84	1.01327	0.00197155
1837	85	1.01327	0.00197155
1837	86	1.01327	0.00197155
1837	87	1.01327	0.00197155
1837	88	1.01327	0.00197155
1837	89	1.01327	0.00197155
1837	90	1.01327	0.00197155
1837	91	1.01327	0.00197155
1837	92	1.01327	0.00197155
1837	93	1.01327	0.00197155
1837	94	1.01327	0.00197155
1837	95	1.01327	0.00197155
1837	96	1.01327	0.00197155
1837	97	1.01327	0.00197155
1837	98	1.01327	0.00197155
1837	99	1.01327	0.00197155
1837	100	1.01327	0.00197155
1837	101	1.01327	0.00197155
1837	102	1.01327	0.00197155
1837	103	1.01327	0.00197155
1837	104	1.01327	0.00197155
1837	105	1.01327	0.00197155
1837	106	1.01327	0.00197155
1837	107	1.01327	0.00197155
1837	108	1.01327	0.00197155
1837	109	1.01327	0.00197155
1837	110	1.01327	0.00197155
1837	111	1.01327	0.00197155
1837	112	1.01327	0.00197155
1837	113	1.01327	0.00197155
1837	114	1.01327	0.00197155
1837	115	1.01327	0.00197155
1837	116	1.01327	0.00197155
1837	117	1.01327	0.00197155
1837	118	1.01327	0.00197155
1837	119	1.01327	0.00197155
1837	120	1.01327	0.00197155
1837	121	1.01327	0.00197155
1837	122	1.01327	0.00197155
1837	123	1.01327	0.00197155
1837	124	1.01327	0.00197155
1837	125	1.01327	0.00197155
1837	126	1.01327	0.00197155
1837	127	1.01327	0.00197155
1837	128	1.01327	0.00197155
1837	129	1.01327	0.00197155
1837	130	1.01327	0.00197155
1837	131	1.01327	0.00197155
1837	132	1.01327	0.00197155
1837	133	1.01327	0.00197155
1837	134	1.01327	0.00197155
1837	135	1.01327	0.00197155
1837	136	1.01327	0.00197155
1837	137	1.01327	0.00197155
1837	138	1.01327	0.00197155
1837	139	1.01327	0.00197155
1837	140	1.01327	0.00197155
1837	141	1.01327	0.00197155
1837	142	1.01327	0.00197155
1837	143	1.01327	0.00197155
1837	144	1.01327	0.00197155
1837	145	1.01327	0.00197155
1837	146	1.01327	0.00197155
1837	147	1.01327	0.00197155
1837	148	1.01327	0.00197155
1837	149	1.01327	0.00197155
1837	150	1.01327	0.00197155
1837	151	1.01327	0.00197155
1837	152	1.01327	0.00197155
1837	153	1.01327	0.00197155
1837	154	1.01327	0.00197155
1837	155	1.01327	0.00197155
1837	156	1.01327	0.00197155
1837	157	1.01327	0.00197155
1837	158	1.01327	0.00197155
1837	159	1.01327	0.00197155
1837	160	1.01327	0.00197155
1837	161	1.01327	0.00197155
1837	162	1.01327	0.00197155
1837	163	1.01327	0.00197155
1837	164	1.01327	0.00197155
1837	165	1.01327	0.00197155
1837	166	1.01327	0.00197155
1837	167	1.01327	0.00197155
1837	168	1.01327	0.00197155
1837	169	1.01327	0.00197155
1837	170	1.01327	0.00197155
1837	171	1.01327	0.00197155
1837	172	1.01327	0.00197155
1837	173	1.01327	0.00197155
1837	174	1.01327	0.00197155
1837	175	1.01327	0.00197155
1837	176	1.01327	0.00197155
1837	177	1.01327	0.00197155
1837	178	1.01327	0.00197155
1837	179	1.01327	0.00197155
1837	180	1.01327	0.00197155
1837	181	1.01327	0.00197155
1837	182	1.01327	0.00197155
1837	183	1.01327	0.00197155
1837	184	1.01327	0.00197155
1837	185	1.01327	0.00197155
1837	186	1.01327	0.00197155
1837	187	1.01327	0.00197155
1837	188	1.01327	0.00197155
1837	189	1.01327	0.00197155
1837	190	1.01327	0.00197155
1837	191	1.01327	0.00197155
1837	192	1.01327	0.00197155
1837	193	1.01327	0.00197155
1837	194	1.01327	0.00197155
1837	195	1.01327	0.00197155
1837	196	1.01327	0.00197155
1837	197	1.01327	0.00197155
1837	198	1.01327	0.00197155
1837	199	1.01327	0.00197155
1837	200	1.01327	0.00197155
1837	201	1.01327	0.00197155
1837	202	1.01327	0.00197155
1837	203	1.01327	0.00197155
1837	204	1.01327	0.00197155
1837	205	1.01327	0.00197155
1837	206	1.01327	0.00197155
1837	207	1.01327	0.00197155
1837	208	1.01327	0.00197155
1837	209	1.01327	0.00197155
1837	210	1.01327	0.00197155
1837	211	1.01327	0.00197155
1837	212	1.01327	0.00197155
1837	213	1.01327	0.00197155
1837	214	1.01327	0.00197155
1837	215	1.01327	0.00197155
1837	216	1.01327	0.00197155
1837	217	1.01327	0.00197155
1837	218	1.01327	0.00197155
1837	219	1.01327	0.00197155
1837	220	1.01327	0.00197155
1837	221	1.01327	0.00197155
1837	222	1.01327	0.00197155
1837	223	1.01327	0.00197155
1837	224	1.01327	0.00197155
1837	225	1.01327	0.00197155
1837	226	1.01327	0.00197155
1837	227	1.01327	0.00197155
1837	228	1.01327	0.00197155
1837	229	1.01327	0.00197155
1837	230	1.01327	0.00197155
1837	231	1.01327	0.00197155
1837	232	1.01327	0.00197155
1837	233	1.01327	0.00197155
1837	234	1.01327	0.00197155
1837	235	1.01327	0.00197155
1837	236	1.01327	0.00197155
1837	237	1.01327	0.00197155
1837	238	1.01327	0.00197155
1837	239	1.01327	0.00197155
1837	240	1.01327	0.00197155
1837	241	1.01327	0.00197155
1837	242	1.01327	0.00197155
1837	243	1.01327	0.00197155
1837	244	1.01327	0.00197155
1837	245	1.01327	0.00197155
1837	246	1.01327	0.00197155
1837	247	1.01327	0.00197155
1837	248	1.01327	0.00197155
1837	249	1.01327	0.00197155
1837	250	1.01327	0.00197155
1837	251	1.01327	0.00197155
1837	252	1.01327	0.00197155
1837	253	1.01327	0.00197155
1837	254	1.01327	0.00197155
1837	255	1.01327	0.00197155
1837	256	1.01327	0.00197155
1837	257	1.01327	0.00197155
1837	258	1.01327	0.00197155
1837	259	1.01327	0.00197155
1837	260	1.01327	0.00197155
1837	261	1.01327	0.00197155
1837	262	1.01327	0.00197155
1837	263	1.01327	0.00197155
1837	264	1.01327	0.00197155
1837	265	1.01327	0.00197155
1837	266	1.01327	0.00197155
1837	267	1.01327	0.00197155
1837	268	1.01327	0.00197155
1837	269	1.01327	0.00197155
1837	270	1.01327	0.00197155
1837	271	1.01327	0.00197155
1837	272	1.01327	0.00197155
1837	273	1.01327	0.00197155
1837	274	1.01327	0.00197155
1837	275	1.01327	0.00197155
1837	276	1.01327	0.00197155
1837	277	1.01327	0.00197155
1837	278	1.01327	0.00197155
1837	279	1.01327	0.00197155
1837	280	1.01327	0.00197155
1837	281	1.01327	0.00197155
1837	282	1.01327	0.00197155
1837	283	1.01327	0.00197155
1837	284	1.01327	0.00197155
1837	285	1.01327	0.00197155
1837	286	1.01327	0.00197155
1837	287	1.01327	0.00197155
1837	288	1.01327	0.00197155
1837	289	1.01327	0.00197155
1837	290	1.01327	0.00197155
1837	291	1.01327	0.00197155
1837	292	1.01327	0.00197155
1837	293	1.01327	0.00197155
1837	294	1.01327	0.00197155
1837	295	1.01327	0.00197155
1837	296	1.01327	0.00197155
1837	297	1.01327	0.00197155
1837	298	1.01327	0.00197155
1837	299	1.01327	0.00197155
1837	300	1.01327	0.00197155
1837	301	1.01327	0.00197155
1837	302	1.01327	0.00197155
1837	303	1.01327	0.00197155
1837	304	1.01327	0.00197155
1837	305	1.01327	0.00197155
1837	306	1.01327	0.00197155
1837	307	1.01327	0.00197155
1837	308	1.01327	0.00197155
1837	309	1.01327	0.00197155
1837	310	1.01327	0.00197155
1837	311	1.01327	0.00197155
1837	312	1.01327	0.00197155
1837	313	1.01327	0.00197155
1837	314	1.01327	0.00197155
1837	315	1.01327	0.00197155
1837	316	1.01327	0.00197155
1837	317	1.01327	0.00197155
1837	318	1.01327	0.00197155
1837	319	1.01327	0.00197155
1837	320	1.01327	0.00197155
1837	321	1.01327	0.00197155
1837	322	1.01327	0.00197155
1837	323	1.01327	0.00197155
1837	324	1.01327	0.00197155
1837	325	1.01327	0.00197155
1837	326	1.01327	0.00197155
1837	327	1.01327	0.00197155
1837	328	1.01327	0.00197155
1837	329	1.01327	0.00197155
1837	330	1.01327	0.00197155
1837	331	1.01327	0.00197155
1837	332	1.01327	0.00197155
1837	333	1.01327	0.00197155
1837	334	1.01327	0.00197155
1837	335	1.01327	0.00197155
1837	336	1.01327	0.00197155
1837	337	1.01327	0.00197155
1837	338	1.01327	0.00197155
1837	339	1.01327	0.00197155
1837	340	1.01327	0.00197155
1837	341	1.01327	0.00197155
1837	342	1.01327	0.00197155
1837	343	1.01327	0.00197155
1837	344	1.01327	0.00197155
1837	345	1.01327	0.00197155
1837	346	1.01327	0.00197155
1837	347	1.01327	0.00197155
1837	348	1.01327	0.00197155
1837	349	1.01327	0.00197155
1837	350	1.01327	0.00197155
1837	351	1.01327	0.00197155
1837	352	1.01327	0.00197155
1837	353	1.01327	0.00197155
1837	354	1.01327	0.00197155
1837	355	1.01327	0.00197155
1837	356	1.01327	0.00197155
1837	357	1.01327	0.00197155
1837	358	1.01327	0.00197155
1837	359	1.01327	0.00197155
1837	360	1.01327	0.00197155
1837	361	1.01327	0.00197155
1837	362	1.01327	0.00197155
1837	363	1.01327	0.00197155
1837	364	1.01327	0.00197155
1837	365	1.01327	0.00197155
1837	366	1.01327	0.00197155
1837	367	1.01327	0.00197155
1837	368	1.01327	0.00197155
1837	369	1.01327	0.00197155
1837	370	1.01327	0.00197155
1837	371	1.01327	0.00197155
1837	372	1.01327	0.00197155
1837	373	1.01327	0.00197155
1837	374	1.01327	0.00197155
1837	375	1.01327	0.00197155
1837	376	1.01327	0.00197155
1837	377	1.01327	0.00197155
1837	378	1.01327	0.00197155
1837	379	1.01327	0.00197155
1837	380	1.01327	0.00197155
1837	381	1.01327	0.00197155
1837	382	1.01327	0.00197155
1837	383	1.01327	0.00197155
1837	384	1.01327	0.00197155
1837	385	1.01327	0.00197155
1837	386	1.01327	0.00197155
1837	387	1.01327	0.00197155
1837	388	1.01327	0.00197155
1837	389	1.01327	0.00197155
1837	390	1.01327	0.00197155
1837	391	1.01327	0.00197155
1837	392	1.01327	0.00197155
1837	393	1.01327	0.00197155
1837	394	1.01327	0.00197155
1837	395	1.01327	0.00197155
1837	396	1.01327	0.00197155
1837	397	1.01327	0.00197155
1837	398	1.01327	0.00197155
1837	399	1.01327	0.00197155
1837	400	1.01327	0.00197155
1837	401	1.01327	0.00197155
1837	402	1.01327	0.00197155
1837	403	1.01327	0.00197155
1837	404	1.01327	0.00197155
1837	405	1.01327	0.00197155
1837	406	1.01327	0.00197155
1837	407	1.01327	0.00197155
1837	408	1.01327	0.00197155
1837	409	1.01327	0.00197155
1837	410	1.01327	0.00197155
1837	411	1.01327	0.00197155
1837	412	1.01327	0.00197155
1837	413	1.01327	0.00197155
1837	414	1.01327	0.00197155
1837	415	1.01327	0.00197155
1837	416	1.01327	0.00197155
1837	417	1.01327	0.00197155
1837	418	1.01327	0.00197155
1837	419	1.01327	0.00197155
1837	420	1.01327	0.00197155
1837	421	1.01327	0.00197155
1837	422	1.01327	0.00197155
1837	423	1.01327	0.00197155
1837	424	1.01327	0.00197155
1837	425	1.01327	0.00197155
1837	426	1.01327	0.00197155
1837	427	1.01327	0.00197155
1837	428	1.01327	0.00197155
1837	429	1.01327	0.00197155
1837	430	1.01327	0.00197155
1837	431	1.01327	0.00197155
1837	432	1.01327	0.00197155
1837	433	1.01327	0.00197155
1837	434	1.01327	0.00197155
1837	435	1.01327	0.00197155
1837	436	1.01327	0.00197155
1837	437	1.01327	0.00197155
1837	438	1.01327	0.00197155
1837	439	1.01327	0.00197155
1837	440	1.01327	0.00197155
1837	441	1.01327	0.00197155
1837	442	1.01327	0.00197155
1837	443	1.01327	0.00197155
1837	444	1.01327	0.00197155
1837	445	1.01327	0.00197155
1837	446	1.01327	0.00197155
1837	447	1.01327	0.00197155
1837	448	1.01327	0.00197155
1837	449	1.01327	0.00197155
1837	450	1.01327	0.00197155
1837	451	1.01327	0.00197155
1837	452	1.01327	0.00197155
1837	453	1.01327	0.00197155
1837	454	1.01327	0.00197155
1837	455	1.01327	0.00197155
1837	456	1.01327	0.00197155
1837	457	1.01327	0.00197155
1837	458	1.01327	0.00197155
1837	459	1.01327	0.00197155
1837	460	1.01327	0.00197155
1837	461	1.01327	0.00197155
1837	462	1.01327	0.00197155
1837	463	1.01327	0.00197155
1837	464	1.01327	0.00197155
1837	465	1.01327	0.00197155
1837	466	1.01327	0.00197155
1837	467	1.01327	0.00197155
1837	468	1.01327	0.00197155
1837	469	1.01327	0.00197155
1837	470	1.01327	0.00197155
1837	471	1.01327	0.00197155
1837	472	1.01327	0.00197155
1837	473	1.01327	0.00197155
1837	474	1.01327	0.00197155
1837	475	1.01327	0.00197155
1837	476	1.01327	0.00197155
1837	477	1.01327	0.00197155
1837	478	1.01327	0.00197155
1837	479	1.01327	0.00197155
1837	480	1.01327	0.00197155
1837	481	1.01327	0.00197155
1837	482	1.01327	0.00197155
1837	483	1.01327	0.00197155
1837	484	1.01327	0.00197155
1837	485	1.01327	0.00197155
1837	486	1.01327	0.00197155
1837	487	1.01327	0.00197155
1837	488	1.01327	0.00197155
1837	489	1.01327	0.00197155
1837	490	1.01327	0.00197155
1837	491	1.01327	0.00197155
1837	492	1.01327	0.00197155
1837	493	1.01327	0.00197155
1837	494	1.01327	0.00197155
1837	495	1.01327	0.00197155
1837	496	1.01327	0.00197155
1837	497	1.01327	0.00197155
1837	498	1.01327	0.00197155
1837	499	1.01327	0.00197155
1837	500	1.01327	0.00197155
1837	501	1.01327	0.00197155
1837	502	1.01327	0.00197155
1837	503	1.01327	0.00197155
1837	504	1.01327	0.00197155
1837	505	1.01327	0.00197155
1837	506	1.01327	0.00197155
1837	507	1.01327	0.00197155
1837	508	1.01327	0.00197155
1837	509	1.01327	0.00197155
1837	510	1.01327	0.00197155
1837	511	1.01327	0.00197155
1837	512	1.01327	0.00197155
1837	513	1.01327	0.00197155
1837	514	1.01327	0.00197155
1837	515	1.01327	0.00197155
1837	516	1.01327	0.00197155
1837	517	1.01327	0.00197155
1837	518	1.01327	0.00197155
1837	519	1.01327	0.00197155
1837	520	1.01327	0.00197155
1837	521	1.01327	0.00197155
1837	522	1.01327	0.00197155
1837	523	1.01327	0.00197155
1837	524	1.01327	0.00197155
1837	525	1.01327	0.00197155
1837	526	1.01327	0.00197155
1837	527	1.01327	0.00197155
1837	528	1.01327	0.00197155
1837	529	1.01327	0.00197155
1837	530	1.01327	0.00197155
1837	531	1.01327	0.00197155
1837	532	1.01327	0.00197155
1837	533	1.01327	0.00197155
1837	534	1.01327	0.00197155
1837	535	1.01327	0.00197155
1837	536	1.01327	0.00197155
1837	537	1.01327	0.00197155
1837	538	1.01327	0.00197155
1837	539	1.01327	0.00197155
1837	540	1.01327	0.00197155
1837	541	1.01327	0.00197155
1837	542	1.01327	0.00197155
1837	543	1.01327	0.00197155
1837	544	1.01327	0.00197155
1837	545	1.01327	0.00197155
1837	546	1.01327	0.00197155
1837	547	1.01327	0.00197155
1837	548	1.01327	0.00197155
1837	549	1.01327	0.00197155
1837	550	1.01327	0.00197155
1837	551	1.01327	0.00197155
1837	552	1.01327	0.00197155
1837	553	1.01327	0.00197155
1837	554	1.01327	0.00197155
1837	555	1.01327	0.00197155
1837	556	1.01327	0.00197155
1837	557	1.01327	0.00197155
1837	558	1.01327	0.00197155
1837	559	1.01327	0.00197155
1837	560	1.01327	0.00197155
1837	561	1.01327	0.00197155
1837	562	1.01327	0.00197155
1837	563	1.01327	0.00197155
1837	564	1.01327	0.00197155
1837	565	1.01327	0.00197155
1837	566	1.01327	0.00197155
1837	567	1.01327	0.00197155
1837	568	1.01327	0.00197155
1837	569	1.01327	0.00197155
1837	570	1.01327	0.00197155
1837	571	1.01327	0.00197155
1837	572	1.01327	0.00197155
1837	573	1.01327	0.00197155
1837	574	1.01327	0.00197155
1837	575	1.01327	0.00197155
1837	576	1.01327	0.00197155
1837	577	1.01327	0.00197155
1837	578	1.01327	0.00197155
1837	579	1.01327	0.00197155
1837	580	1.01327	0.00197155
1837	581	1.01327	0.00197155
1837	582	1.01327	0.00197155
1837	583	1.01327	0.00197155
1837	584	1.01327	0.00197155
1837	585	1.01327	0.00197155
1837	586	1.01327	0.00197155
1837	587	1.01327	0.00197155
1837	588	1.01327	0.00197155
1837	589	1.01327	0.00197155
1837	590	1.01327	0.00197155
1837	591	1.01327	0.00197155
1837	592	1.01327	0.00197155
1837	593	1.01327	0.00197155
1837	594	1.01327	0.00197155
1837	595	1.01327	0.00197155
1837	596	1.01327	0.00197155
1837	597	1.01327	0.00197155
1837	598	1.01327	0.00197155
1837	599	1.01327	0.00197155
1837	600	1.01327	0.00197155
1837	601	1.01327	0.00197155
1837	602	1.01327	0.00197155
1837	603	1.01327	0.00197155
1837	604	1.01327	0.00197155
1837	605	1.01327	0.00197155
1837	606	1.01327	0.00197155
1837	607	1.01327	0.00197155
1837	608	1.01327	0.00197155
1837	609	1.01327	0.00197155
1837	610	1.01327	0.00197155
1837	611	1.01327	0.00197155
1837	612	1.01327	0.00197155
1837	613	1.01327	0.00197155
1837	614	1.01327	0.00197155
1837	615	1.01327	0.00197155
1837	616	1.01327	0.00197155
1837	617	1.01327	0.00197155
1837	618	1.01327	0.00197155
1837	619	1.01327	0.00197155
1837	620	1.01327	0.00197155
1837	621	1.01327	0.00197155
1837	622	1.01327	0.00197155
1837	623	1.01327	0.00197155
1837	624	1.01327	0.00197155
1837	625	1.01327	0.00197155
1837	626	1.01327	0.00197155
1837	627	1.01327	0.00197155
1837	628	1.01327	0.00197155
1837	629	1.01327	0.00197155
1837	630	1.01327	0.00197155
1837	631	1.01327	0.00197155
1837	632	1.01327	0.00197155
1837	633	1.01327	0.00197155
1837	634	1.01327	0.00197155
1837	635	1.01327	0.00197155
1837	636	1.01327	0.00197155
1837	637	1.01327	0.00197155
1837	638	1.01327	0.00197155
1837	639	1.01327	0.00197155
1837	640	1.01327	0.00197155
1837	641	1.01327	0.00197155
1837	642	1.01327	0.00197155
1837	643	1.01327	0.00197155
1837	644	1.01327	0.00197155
1837	645	1.01327	0.00197155
1837	646	1.01327	0.00197155
1837	647	1.01327	0.00197155
1837	648	1.01327	0.00197155
1837	649	1.01327	0.00197155
1837	650	1.01327	0.00197155
1837	651	1.01327	0.00197155
1837	652	1.01327	0.00197155
1837	653	1.01327	0.00197155
1837	654	1.01327	0.00197155
1837	655	1.01327	0.00197155
1837	656	1.01327	0.00197155
1837	657	1.01327	0.00197155
1837	658	1.01327	0.00197155
1837	659	1.01327	0.00197155
1837	660	1.01327	0.00197155
1837	661	1.01327	0.00197155
1837	662	1.01327	0.00197155
1837	663	1.01327	0.00197155
1837	664	1.01327	0.00197155
1837	665	1.01327	0.00197155
1837	666	1.01327	0.00197155
1837	667	1.01327	0.00197155
1837	668	1.01327	0.00197155
1837	669	1.01327	0.00197155
1837	670	1.01327	0.00197155
1837	671	1.01327	0.00197155
1837	672	1.01327	0.00197155
1837	673	1.01327	0.00197155
1837	674	1.01327	0.00197155
1837	675	1.01327	0.00197155
1837	676	1.01327	0.00197155
1837	677	1.01327	0.00197155
1837	678	1.01327	0.00197155
1837	679	1.01327	0.00197155
1837	680	1.01327	0.00197155
1837	681	1.01327	0.00197155
1837	682	1.01327	0.00197155
1837	683	1.01327	0.00197155
1837	684	1.01327	0.00197155
1837	685	1.01327	0.00197155
1837	686	1.01327	0.00197155
1837	687	1.01327	0.00197155
1837	688	1.01327	0.00197155
1837	689	1.01327	0.00197155
1837	690	1.01327	0.00197155
1837	691	1.01327	0.00197155
1837	692	1.01327	0.00197155
1837	693	1.01327	0.00197155
1837	694	1.01327	0.00197155
1837	695	1.01327	0.00197155
1837	696	1.01327	0.00197155
1837	697	1.01327	0.00197155
1837	698	1.01327	0.00197155
1837	699	1.01327	0.00197155
1837	700	1.01327	0.00197155
1837	701	1.01327	0.00197155
1837	702	1.01327	0.00197155
1837	703	1.01327	0.00197155
1837	704	1.01327	0.00197155
1837	705	1.01327	0.00197155
1837	706	1.01327	0.00197155
1837	707	1.01327	0.00197155
1837	708	1.01327	0.00197155
1837	709	1.01327	0.00197155
1837	710	1.01327	0.00197155
1837	711	1.01327	0.00197155
1837	712	1.01327	0.00197155
1837	713	1.01327	0.00197155
1837	714	1.01327	0.00197155
1837	715	1.01327	0.00197155
1837	716	1.01327	0.00197155
1837	717	1.01327	0.00197155
1837	718	1.01327	0.00197155
1837	719	1.01327	0.00197155
1837	720	1.01327	0.00197155
1837	721	1.01327	0.00197155
1837	722	1.01327	0.00197155
1837	723	1.01327	0.00197155
1837	724	1.01327	0.00197155
1837	725	1.01327	0.00197155
1837	726	1.01327	0.00197155
1837	727	1.01327	0.00197155
1837	728	1.01327	0.00197155
1837	729	1.01327	0.00197155
1837	730	1.01327	0.00197155
1837	731	1.01327	0.00197155
1837	732	1.01327	0.00197155
1837	733	1.01327	0.00197155
1837	734	1.01327	0.00197155
1837	735	1.01327	0.00197155
1837	736	1.01327	0.00197155
1837	737	1.01327	0.00197155
1837	738	1.01327	0.00197155
1837	739	1.01327	0.00197155
1837	740	1.01327	0.00197155
1837	741	1.01327	0.00197155
1837	742	1.01327	0.00197155
1837	743	1.01327	0.00197155
1837	744	1.01327	0.00197155
1837	745	1.01327	0.00197155
1837	746	1.01327	0.00197155
1837	747	1.01327	0.00197155
1837	748	1.01327	0.00197155
1837	749	1.01327	0.00197155
1837	750	1.01327	0.00197155
1837	751	1.01327	0.00197155
1837	752	1.01327	0.00197155
1837	753	1.01327	0.00197155
1837	754	1.01327	0.00197155
1837	755	1.01327	0.00197155
1837	756	1.01327	0.00197155
1837	757	1.01327	0.00197155
1837	758	1.01327	0.00197155
1837	759	1.01327	0.00197155
1837	760	1.01327	0.00197155
1837	761	1.01327	0.00197155
1837	762	1.01327	0.00197155
1837	763	1.01327	0.00197155
1837	764	1.01327	0.00197155
1837	765	1.01327	0.00197155
1837	766	1.01327	0.00197155
1837	767	1.01327	0.00197155
1837	768	1.01327	0.00197155
1837	769	1.01327	0.00197155
1837	770	1.01327	0.00197155
1837	771	1.01327	0.00197155
1837	772	1.01327	0.00197155
1837	773	1.01327	0.00197155
1837	774	1.01327	0.00197155
1837	775	1.01327	0.00197155
1837	776	1.01327	0.00197155
1837	777	1.01327	0.00197155
1837	778	1.01327	0.00197155
1837	779	1.01327	0.00197155
1837	780	1.01327	0.00197155
1837	781	1.01327	0.00197155
1837	782	1.01327	0.00197155
1837	783	1.01327	0.00197155
1837	784	1.01327	0.00197155
1837	785	1.01327	0.00197155
1837	786	1.01327	0.00197155
1837	787	1.01327	0.00197155
1837	788	1.01327	0.00197155
1837	789	1.01327	0.00197155
1837	790	1.01327	0.00197155
1837	791	1.01327	0.00197155
1837	792	1.01327	0.00197155
1837	793	1.01327	0.00197155
1837	794	1.01327	0.00197155
1837	795	1.01327	0.00197155
1837	796	1.01327	0.00197155
1837	797	1.01327	0.00197155
1837	798	1.01327	0.00197155
1837	799	1.01327	0.00197155
1837	800	1.01327	0.00197155
1837	801	1.01327	0.00197155
1837	802	1.01327	0.00197155
1837	803	1.01327	0.00197155
1837	804	1.01327	0.00197155
1837	805	1.01327	0.00197155
1837	806	1.01327	0.00197155
1837	807	1.01327	0.00197155
1837	808	1.01327	0.00197155
1837	809	1.01327	0.00197155
1837	810	1.01327	0.00197155
1837	811	1.01327	0.00197155
1837	812	1.01327	0.00197155
1837	813	1.01327	0.00197155
1837	814	1.01327	0.00197155
1837	815	1.01327	0.00197155
1837	816	1.01327	0.00197155
1837	817	1.01327	0.00197155
1837	818	1.01327	0.00197155
1837	819	1.01327	0.00197155
1837	820	1.01327	0.00197155
1837	821	1.01327	0.00197155
1837	822	1.01327	0.00197155
1837	823	1.01327	0.00197155
1837	824	1.01327	0.00197155
1837	825	1.01327	0.00197155
1837	826	1.01327	0.00197155
1837	827	1.01327	0.00197155
1837	828	1.01327	0.00197155
1837	829	1.01327	0.00197155
1837	830	1.01327	0.00197155
1837	831	1.01327	0.00197155
1837	832	1.01327	0.00197155
1837	833	1.01327	0.00197155
1837	834	1.01327	0.00197155
1837	835	1.01327	0.00197155
1837	836	1.01327	0.00197155
1837	837	1.01327	0.00197155
1837	838	1.01327	0.00197155
1837	839	1.01327	0.00197155
1837	840	1.01327	0.00197155
1837	841	1.01327	0.00197155
1837	842	1.01327	0.00197155
1837	843	1.01327	0.00197155
1837	844	1.01327	0.00197155
1837	845	1.01327	0.00197155
1837	846	1.01327	0.00197155
1837	847	1.01327	0.00197155
1837	848	1.01327	0.00197155
1837	849	1.01327	0.00197155
1837	850	1.01327	0.00197155
1837	851	1.01327	0.00197155
1837	852	1.01327	0.00197155
1837	853	1.01327	0.00197155
1837	854	1.01327	0.00197155
1837	855	1.01327	0.00197155
1837	856	1.01327	0.00197155
1837	857	1.01327	0.00197155
1837	858	1.01327	0.00197155
1837	859	1.01327	0.00197155
1837	860	1.01327	0.00197155
1837	861	1.01327	0.00197155
1837	862	1.01327	0.00197155
1837	863	1.01327	0.00197155
1837	864	1.01327	0.00197155
1837	865	1.01327	0.00197155
1837	866	1.01327	0.00197155
1837	867	1.01327	0.00197155
1837	868	1.01327	0.00197155
1837	869	1.01327	0.00197155
1837	870	1.01327	0.00197155
1837	871	1.01327	0.00197155
1837	872	1.01327	0.00197155
1837	873	1.01327	0.00197155
1837	874	1.01327	0.00197155
1837	875	1.01327	0.00197155
1837	876	1.01327	0.00197155
1837	877	1.01327	0.00197155
1837	878	1.01327	0.00197155
1837	879	1.01327	0.00197155
1837	880	1.01327	0.00197155
1837	881	1.01327	0.00197155
1837	882	1.01327	0.00197155
1837	883	1.01327	0.00197155
1837	884	1.01327	0.00197155
1837	885	1.01327	0.00197155
1837	886	1.01327	0.00197155
1837	887	1.01327	0.00197155
1837	888	1.01327	0.00197155
1837	889	1.01327	0.00197155
1837	890	1.01327	0.00197155
1837	891	1.01327	0.00197155
1837	892	1.01327	0.00197155
1837	893	1.01327	0.00197155
1837	894	1.01327	0.00197155
1837	895	1.01327	0.00197155
1837	896	1.01327	0.00197155
1837	897	1.01327	0.00197155
1837	898	1.01327	0.00197155
1837	899	1.01327	0.00197155
1837	900	1.01327	0.00197155
1837	901	1.01327	0.00197155
1837	902	1.01327	0.00197155
1837	903	1.01327	0.00197155
1837	904	1.01327	0.00197155
1837	905	1.01327	0.00197155
1837	906	1.01327	0.00197155
1837	907	1.01327	0.00197155
1837	908	1.01327	0.00197155
1837	909	1.01327	0.00197155
1837	910	1.01327	0.00197155
1837	911	1.01327	0.00197155
1837	912	1.01327	0.00197155
1837	913	1.01327	0.00197155
1837	914	1.01327	0.00197155
1837	915	1.01327	0.00197155
1837	916	1.01327	0.00197155
1837	917	1.01327	0.00197155
1837	918	1.01327	0.00197155
1837	919	1.01327	0.00197155
1837	920	1.01327	0.00197155
1837	921	1.01327	0.00197155
1837	922	1.01327	0.00197155
1837	923	1.01327	0.00197155
1837	924	1.01327	0.00197155
1837	925	1.01327	0.00197155
1837	926	1.01327	0.00197155
1837	927	1.01327	0.00197155
1837	928	1.01327	0.00197155
1837	929	1.01327	0.00197155
1837	930	1.01327	0.00197155
1837	931	1.01327	0.00197155
1837	932	1.01327	0.00197155
1837	933	1.01327	0.00197155
1837	934	1.01327	0.00197155
1837	935	1.01327	0.00197155
1837	936	1.01327	0.00197155
1837	937	1.01327	0.00197155
1837	938	1.01327	0.00197155
1837	939	1.01327	0.00197155
1837	940	1.01327	0.00197155
1837	941	1.01327	0.00197155
1837	942	1.01327	0.00197155
1837	943	1.01327	0.00197155
1837	944	1.01327	0.00197155
1837	945	1.01327	0.00197155
1837	946	1.01327	0.00197155
1837	947	1.01327	0.00197155
1837	948	1.01327	0.00197155
1837	949	1.01327	0.00197155
1837	950	1.01327	0.00197155
1837	951	1.01327	0.00197155
1837	952	1.01327	0.00197155
1837	953	1.01327	0.00197155
1837	954	1.01327	0.00197155
1837	955	1.01327	0.00197155
1837	956	1.01327	0.00197155
1837	957	1.01327	0.00197155
1837	958	1.01327	0.00197155
1837	959	1.01327	0.00197155
1837	960	1.01327	0.00197155
1837	961	1.01327	0.00197155
1837	962	1.01327	0.00197155
1837	963	1.01327	0.00197155
1837	964	1.01327	0.00197155
1837	965	1.01327	0.00197155
1837	966	1.01327	0.00197155
1837	967	1.01327	0.00197155
1837	968	1.01327	0.00197155
1837	969	1.01327	0.00197155
1837	970	1.01327	0.00197155
1837	971	1.01327	0.00197155
1837	972	1.01327	0.00197155
1837	973	1.01327	0.00197155
1837	974	1.01327	0.00197155
1837	975	1.01327	0.00197155
1837	976	1.01327	0.00197155
1837	977	1.01327	0.00197155
1837	978	1.01327	0.00197155
1837	979	1.01327	0.00197155
1837	980	1.01327	0.00197155
1837	981	1.01327	0.00197155
1837	982	1.01327	0.00197155
1837	983	1.01327	0.00197155
1837	984	1.01327	0.00197155
1837	985	1.01327	0.00197155
1837	986	1.01327	0.00197155
1837	987	1.01327	0.00197155
1837	988	1.01327	0.00197155
1837	989	1.01327	0.00197155
1837	990	1.01327	0.00197155
1837	991	1.01327	0.00197155
1837	992	1.01327	0.00197155
1837	993	1.01327	0.00197155
1837	994	1.01327	0.00197155
1837	995	1.01327	0.00197155
1837	996	1.01327	0.00197155
1837	997	1.01327	0.00197155
1837	998	1.01327	0.00197155
1837	999	1.01327	0.00197155
1837	1000	1.01327	0.00197155
1837	1001	1.01327	0.00197155
1837	1002	1.01327	0.00197155
1837	1003	1.01327	0.00197155
1837	1004	1.01327	0.00197155
1837	1005	1.01327	0.00197155
1837	1006	1.01327	0.00197155
1837	1007	1.01327	0.00197155
1837	1008	1.01327	0.00197155
1837	1009	1.01327	0.00197155
1837	1010	1.01327	0.00197155
1837	1011	1.01327	0.00197155
1837	1012	1.01327	0.00197155
1837	1013	1.01327	0.00197155
1837	1014	1.01327	0.00197155
1837	1015	1.01327	0.00197155
1837	1016	1.01327	0.00197155
1837	1017	1.01327	0.00197155
1837	1018	1.01327	0.00197155
1837	1019	1.01327	0.00197155
1837	1020	1.01327	0.00197155
1837	1021	1.01327	0.00197155
1837	1022	1.01327	0.00197155
1837	1023	1.01327	0.00197155
1837	1024	1.01327	0.00197155
1837	1025	1.01327	0.00197155
1837	1026	1.01327	0.00197155
1837	1027	1.01327	0.00197155
1837	1028	1.01327	0.00197155
1837	1029	1.01327	0.00197155
1837	1030	1.01327	0.00197155
1837	1031	1.01327	0.00197155
1837	1032	1.01327	0.00197155
1837	1033	1.01327	0.00197155
1837	1034	1.01327	0.00197155
1837	1035	1.01327	0.00197155
1837	1036	1.01327	0.00197155
1837	1037	1.01327	0.00197155
1837	1038	1.01327	0.00197155
1837	1039	1.01327	0.00197155
1837	1040	1.01327	0.00197155
1837	1041	1.01327	0.00197155
1837	1042	1.01327	0.00197155
1837	1043	1.01327	0.00197155
1837	1044	1.01327	0.00197155
1837	1045	1.01327	0.00197155
1837	1046	1.01327	0.00197155
1837	1047	1.01327	0.00197155
1837	1048	1.01327	0.00197155
1837	1049	1.01327	0.00197155
1837	1050	1.01327	0.00197155
1837	1051	1.01327	0.00197155
1837	1052	1.01327	0.00197155
1837	1053	1.01327	0.00197155
1837	1054	1.01327	0.00197155
1837	1055	1.01327	0.00197155
1837	1056	1.01327	0.00197155
1837	1057	1.01327	0.00197155
1837	1058	1.01327	0.00197155
1837	1059	1.01327	0.00197155
1837	1060	1.01327	0.00197155
1837	1061	1.01327	0.00197155
1837	1062	1.01327	0.00197155
1837	1063	1.01327	0.00197155
1837	1064	1.01327	0.00197155
1837	1065	1.01327	0.00197155
1837	1066	1.01327	0.00197155
1837	1067	1.01327	0.00197155
1837	1068	1.01327	0.00197155
1837	1069	1.01327	0.00197155
1837	1070	1.01327	0.00197155
1837	1071	1.01327	0.00197155
1837	1072	1.01327	0.00197155
1837	1073	1.01327	0.00197155
1837	1074	1.01327	0.00197155
1837	1075	1.01327	0.00197155
1837	1076	1.01327	0.00197155
1837	1077	1.01327	0.00197155
1837	1078	1.01327	0.00197155
1837	1079	1.01327	0.00197155
1837	1080	1.01327	0.00197155
1837	1081	1.01327	0.00197155
1837	1082	1.01327	0.00197155
1837	1083	1.01327	0.00197155
1837	1084	1.01327	0.00197155
1837	1085	1.01327	0.00197155
1837	1086	1.01327	0.00197155
1837	1087	1.01327	0.00197155
1837	1088	1.01327	0.00197155
1837	1089	1.01327	0.00197155
1837	1090	1.01327	0.00197155
1837	1091	1.01327	0.00197155
1837	1092	1.01327	0.00197155
1837	1093	1.01327	0.00197155
1837	1094	1.01327	0.00197155
1837	1095	1.01327	0.00197155
1837	1096	1.01327	0.00197155
1837	1097	1.01327	0.00197155
1837	1098	1.01327	0.00197155
1837	1099	1.01327	0.00197155
1837	1100	1.01327	0.00197155
1837	1101	1.01327	0.00197155
1837	1102	1.01327	0.00197155
1837	1103	1.01327	0.00197155
1837	1104	1.01327	0.00197155
1837	1105	1.01327	0.00197155
1837	1106	1.01327	0.00197155
1837	1107	1.01327	0.00197155
1837	1108	1.01327	0.00197155
1837	1109	1.01327	0.00197155
1837	1110	1.01327	0.00197155
1837	1111	1.01327	0.00197155
1837	1112	1.01327	0.00197155
1837	1113	1.01327	0.00197155
1837	1114	1.01327	0.00197155
1837	1115	1.01327	0.00197155
1837	1116	1.01327	0.00197155
1837	1117	1.01327	0.00197155
1837	1118	1.01327	0.00197155
1837	1119	1.01327	0.00197155
1837	1120	1.01327	0.00197155
1837	1121	1.01327	0.00197155
1837	1122	1.01327	0.00197155
1837	1123	1.01327	0.00197155
1837	1124	1.01327	0.00197155
1837	1125	1.01327	0.00197155
1837	1126	1.01327	0.00197155
1837	1127	1.01327	0.00197155
1837	1128	1.01327	0.00197155
1837	1129	1.01327	0.00197155
1837	1130	1.01327	0.00197155
1837	1131	1.01327	0.00197155
1837	1132	1.01327	0.00197155
1837	1133	1.01327	0.00197155
1837	1134	1.01327	0.00197155
1837	1135	1.01327	0.00197155
1837	1136	1.01327	0.00197155
1837	1137	1.01327	0.00197155
1837	1138	1.01327	0.00197155
1837	1139	1.01327	0.00197155
1837	1140	1.01327	0.00197155
1837	1141	1.01327	0.00197155
1837	1142	1.01327	0.00197155
1837	1143	1.01327	0.00197155
1837	1144	1.01327	0.00197155
1837	1145	1.01327	0.00197155
1837	1146	1.01327	0.00197155
1837	1147	1.01327	0.00197155
1837	1148	1.01327	0.00197155
1837	1149	1.01327	0.00197155
1837	1150	1.01327	0.00197155
1837	1151	1.01327	0.00197155
1837	1152	1.01327	0.00197155
1837	1153	1.01327	0.00197155
1837	1154	1.01327	0.00197155
1837	1155	1.01327	0.00197155
1837	1156	1.01327	0.00197155
1837	1157	1.01327	0.00197155
1837	1158	1.01327	0.00197155
1837	1159	1.01327	0.00197155
1837	1160	1.01327	0.00197155
1837	1161	1.01327	0.00197155
1837	1162	1.01327	0.00197155
1837	1163	1.01327	0.00197155
1837	1164	1.01327	0.00197155
1837	1165	1.01327	0.00197155
1837	1166	1.01327	0.00197155
1837	1167	1.01327	0.00197155
1837	1168	1.01327	0.00197155
1837	1169	1.01327	0.00197155
1837	1170	1.01327	0.00197155
1837	1171	1.01327	0.00197155
1837	1172	1.01327	0.00197155
1837	1173	1.01327	0.00197155
1837	1174	1.01327	0.00197155
1837	1175	1.01327	0.00197155
1837	1176	1.01327	0.00197155
1837	1177	1.01327	0.00197155
1837	1178	1.01327	0.00197155
1837	1179	1.01327	0.00197155
1837	1180	1.01327	0.00197155
1837	1181	1.01327	0.00197155
1837	1182	1.01327	0.00197155
1837	1183	1.01327	0.00197155
1837	1184	1.01327	0.00197155
1837	1185	1.01327	0.00197155
1837	1186	1.01327	0.00197155
1837	1187	1.01327	0.00197155
1837	1188	1.01327	0.00197155
1837	1189	1.01327	0.00197155
1837	1190	1.01327	0.00197155
1837	1191	1.01327	0.00197155
1837	1192	1.01327	0.00197155
1837	1193	1.01327	0.00197155
1837	1194	1.01327	0.00197155
1837	1195	1.01327	0.00197155
1837	1196	1.01327	0.00197155
1837	1197	1.01327	0.00197155
1837	1198	1.01327	0.00197155
1837	1199	1.01327	0.00197155
1837	1200	1.01327	0.00197155
1837	1201	1.01327	0.00197155
1837	1202	1.01327	0.00197155
1837	1203	1.01327	0.00197155
1837	1204	1.01327	0.00197155
1837	1205	1.01327	0.00197155
1837	1206	1.01327	0.00197155
1837	1207	1.01327	0.00197155
1837	1208	1.01327	0.00197155
1837	1209	1.01327	0.00197155
1837	1210	1.01327	0.00197155
1837	1211	1.01327	0.00197155
1837	1212	1.01327	0.00197155
1837	1213	1.01327	0.00197155
1837	1214	1.01327	0.00197155
1837	1215	1.01327	0.00197155
1837	1216	1.01327	0.00197155
1837	1217	1.01327	0.00197155
1837	1218	1.01327	0.00197155
1837	1219	1.01327	0.00197155
1837	1220	1.01327	0.00197155
1837	1221	1.01327	0.00197155
1837	1222	1.01327	0.00197155
1837	1223	1.01327	0.00197155
1837	1224	1.01327	0.00197155
1837	1225	1.01327	0.00197155
1837	1226	1.01327	0.00197155
1837	1227	1.01327	0.00197155
1837	1228	1.01327	0.00197155
1837	1229	1.01327	0.00197155
1837	1230	1.01327	0.00197155
1837	1231	1.01327	0.00197155
1837	1232	1.01327	0.00197155
1837	1233	1.01327	0.00197155
1837	1234	1.01327	0.00197155
1837	1235	1.01327	0.00197155
1837	1236	1.01327	0.00197155
1837	1237	1.01327	0.00197155
1837	1238	1.01327	0.00197155
1837	1239	1.01327	0.00197155
1837	1240	1.01327	0.00197155
1837	1241	1.01327	0.00197155
1837	1242	1.01327	0.00197155
1837	1243	1.01327	0.00197155
1837	1244	1.01327	0.00197155
1837	1245	1.01327	0.00197155
1837	1246	1.01327	0.00197155
1837	1247	1.01327	0.00197155
1837	1248	1.01327	0.00197155
1837	1249	1.01327	0.00197155
1837	1250	1.01327	0.00197155
1837	1251	1.01327	0.00197155
1837	1252	1.01327	0.00197155
1837	1253	1.01327	0.00197155
1837	1254	1.01327	0.00197155
1837	1255	1.01327	0.00197155
1837	1256	1.01327	0.00197155
1837	1257	1.01327	0.00197155
1837	1258	1.01327	0.00197155
1837	1259	1.01327	0.00197155
1837	1260	1.01327	0.00197155
1837	1261	1.01327	0.00197155
1837	1262	1.01327	0.00197155
1837	1263	1.01327	0.00197155
1837	1264	1.01327	0.00197155
1837	1265	1.01327	0.00197155
1837	1266	1.01327	0.00197155
1837	1267	1.01327	0.00197155
1837	1268	1.01327	0.00197155
1837	1269	1.01327	0.00197155
1837	1270	1.01327	0.00197155
1837	1271	1.01327	0.00197155
1837	1272	1.01327	0.00197155
1837	1273	1.01327	0.00197155
1837	1274	1.01327	0.00197155
1837	1275	1.01327	0.00197155
1837	1276	1.01327	0.00197155
1837	1277	1.01327	0.00197155
1837	1278	1.01327	0.00197155
1837	1279	1.01327	0.00197155
1837	1280	1.01327	0.00197155
1837	1281	1.01327	0.00197155
1837	1282	1.01327	0.00197155
1837	1283	1.01327	0.00197155
1837	1284	1.01327	0.00197155
1837	1285	1.01327	0.00197155
1837	1286	1.01327	0.00197155
1837	1287	1.01327	0.00197155
1837	1288	1.01327	0.00197155
1837	1289	1.01327	0.00197155
1837	1290	1.01327	0.00197155
1837	1291	1.01327	0.00197155
1837	1292	1.01327	0.00197155
1837	1293	1.01327	0.00197155
1837	1294	1.01327	0.00197155
1837	1295	1.01327	0.00197155
1837	1296	1.01327	0.00197155
1837	1297	1.01327	0.00197155
1837	1298	1.01327	0.00197155
1837	1299	1.01327	0.00197155
1837	1300	1.01327	0.00197155
1837	1301	1.01327	0.00197155
1837	1302	1.01327	0.00197155
1837	1303	1.01327	0.00197155
1837	1304	1.01327	0.00197155
1837	1305	1.01327	0.00197155
1837	1306	1.01327	0.00197155
1837	1307	1.01327	0.00197155
1837	1308	1.01327	0.00197155
1837	1309	1.01327	0.00197155
1837	1310	1.01327	0.00197155
1837	1311	1.01327	0.00197155
1837	1312	1.01327	0.00197155
1837	1313	1.01327	0.00197155
1837	1314	1.01327	0.00197155
1837	1315	1.01327	0.00197155
1837	1316	1.01327	0.00197155
1837	1317	1.01327	0.00197155
1837	1318	1.01327	0.00197155
1837	1319	1.01327	0.00197155
1837	1320	1.01327	0.00197155
1837	1321	1.01327	0.00197155
1837	1322	1.01327	0.00197155
1837	1323	1.01327	0.00197155
1837	1324	1.01327	0.00197155
1837	1325	1.01327	0.00197155
1837	1326	1.01327	0.00197155
1837	1327	1.01327	0.00197155
1837	1328	1.01327	0.00197155
1837	1329	1.01327	0.00197155
1837	1330	1.01327	0.00197155
1837	1331	1.01327	0.00197155
1837	1332	1.01327	0.00197155
1837	1333	1.01327	0.00197155
1837	1334	1.01327	0.00197155
1837	1335	1.01327	0.00197155
1837	1336	1.01327	0.00197155
1837	1337	1.01327	0.00197155
1837	1338	1.01327	0.00197155
1837	1339	1.01327	0.00197155
1837	1340	1.01327	0.00197155
1837	1341	1.01327	0.00197155
1837	1342	1.01327	0.00197155
1837	1343	1.01327	0.00197155
1837	1344	1.01327	0.00197155
1837	1345	1.01327	0.00197155
1837	1346	1.01327	0.00197155
1837	1347	1.01327	0.00197155
1837	1348	1.01327	0.00197155
1837	1349	1.01327	0.00197155
1837	1350	1.01327	0.00197155
1837	1351	1.01327	0.00197155
1837	1352	1.01327	0.00197155
1837	1353	1.01327	0.00197155
1837	1354	1.01327	0.00197155
1837	1355	1.01327	0.00197155
1837	1356	1.01327	0.00197155
1837	1357	1.01327	0.00197155
1837	1358	1.01327	0.00197155
1837	1359	1.01327	0.00197155
1837	1360	1.01327	0.00197155
1837	1361	1.01327	0.00197155
1837	1362	1.01327	0.00197155
1837	1363	1.01327	0.00197155
1837	1364	1.01327	0.00197155
1837	1365	1.01327	0.00197155
1837	1366	1.01327	0.00197155
1837	1367	1.01327	0.00197155
1837	1368	1.01327	0.00197155
1837	1369	1.01327	0.00197155
1837	1370	1.01327	0.00197155
1837	1371	1.01327	0.00197155
1837	1372	1.01327	0.00197155
1837	1373	1.01327	0.00197155
1837	1374	1.01327	0.00197155
1837	1375	1.01327	0.00197155
1837	1376	1.01327	0.00197155
1837	1377	1.01327	0.00197155
1837	1378	1.01327	0.00197155
1837	1379	1.01327	0.00197155
1837	1380	1.01327	0.00197155
1837	1381	1.01327	0.00197155
1837	1382	1.01327	0.00197155
1837	1383	1.01327	0.00197155
1837	1384	1.01327	0.00197155
1837	1385	1.01327	0.00197155
1837	1386	1.01327	0.00197155
1837	1387	1.01327	0.00197155
1837	1388	1.01327	0.00197155
1837	1389	1.01327	0.00197155
1837	1390	1.01327	0.00197155
1837	1391	1.01327	0.00197155
1837	1392	1.01327	0.00197155
1837	1393	1.01327	0.00197155
1837	1394	1.01327	0.00197155
1837	1395	1.01327	0.00197155
1837	1396	1.01327	0.00197155
1837	1397	1.01327	0.00197155
1837	1398	1.01327	0.00197155
1837	1399	1.01327	0.00197155
1837	1400	1.01327	0.00197155
1837	1401	1.01327	0.00197155
1837	1402	1.01327	0.00197155
1837	1403	1.01327	0.00197155
1837	1404	1.01327	0.00197155
1837	1405	1.01327	0.00197155
1837	1406	1.01327	0.00197155
1837	1407	1.01327	0.00197155
1837	1408	1.01327	0.00197155
1837	1409	1.01327	0.00197155
1837	1410	1.01327	0.00197155
1837	1411	1.01327	0.00197155
1837	1412	1.01327	0.00197155
1837	1413	1.01327	0.00197155
1837	1414	1.01327	0.00197155
1837	1415	1.01327	0.00197155
1837	1416	1.01327	0.00197155
1837	1417	1.01327	0.00197155
1837	1418	1.01327	0.00197155
1837	1419	1.01327	0.00197155
1837	1420	1.01327	0.00197155
1837	1421	1.01327	0.00197155
1837	1422	1.01327	0.00197155
1837	1423	1.01327	0.00197155
1837	1424	1.01327	0.00197155
1837	1425	1.01327	0.00197155
1837	1426	1.01327	0.00197155
1837	1427	1.01327	0.00197155
1837	1428	1.01327	0.00197155
1837	1429	1.01327	0.00197155
1837	1430	1.01327	0.00197155
1837	1431	1.01327	0.00197155
1837	1432	1.01327	0.00197155
1837	1433	1.01327	0.00197155
1837	1434	1.01327	0.00197155
1837	1435	1.01327	0.00197155
1837	1436	1.01327	0.00197155
1837	1437	1.01327	0.00197155
1837	1438	1.01327	0.00197155
1837	1439	1.01327	0.00197155
1837	1440	1.01327	0.00197155
1837	1441	1.01327	0.00197155
1837	1442	1.01327	0.00197155
1837	1443	1.01327	0.00197155
1837	1444	1.01327	0.00197155
1837	1445	1.01327	0.00197155
1837	1446	1.01327	0.00197155
1837	1447	1.01327	0.00197155
1837	1448	1.01327	0.00197155
1837	1449	1.01327	0.00197155
1837	1450	1.01327	0.00197155
1837	1451	1.01327	0.00197155
1837	1452	1.01327	0.00197155
1837	1453	1.01327	0.00197155
1837	1454	1.01327	0.00197155
1837	1455	1.01327	0.00197155
1837	1456	1.01327	0.00197155
1837	1457	1.01327	0.00197155
1837	1458	1.01327	0.00197155
1837	1459	1.01327	0.00197155
1837	1460	1.01327	0.00197155
1837	1461	1.01327	0.00197155
1837	1462	1.01327	0.00197155
1837	1463	1.01327	0.00197155
1837	1464	1.01327	0.00197155
1837	1465	1.01327	0.00197155
1837	1466	1.01327	0.00197155
1837	1467	1.01327	0.00197155
1837	1468	1.01327	0.00197155
1837	1469	1.01327	0.00197155
1837	1470	1.01327	0.00197155
1837	1471	1.01327	0.00197155
1837	1472	1.01327	0.00197155
1837	1473	1.01327	0.00197155
1837	1474	1.01327	0.00197155
1837	1475	1.01327	0.00197155
1837	1476	1.01327	0.00197155
1837	1477	1.01327	0.00197155
1837	1478	1.01327	0.00197155
1837	1479	1.01327	0.00197155
1837	1480	1.01327	0.00197155
1837	1481	1.01327	0.00197155
1837	1482	1.01327	0.00197155
1837	1483	1.01327	0.00197155
1837	1484	1.01327	0.00197155
1837	1485	1.01327	0.00197155
1837	1486	1.01327	0.00197155
1837	1487	1.01327	0.00197155
1837	1488	1.01327	0.00197155
1837	1489	1.01327	0.00197155
1837	1490	1.01327	0.00197155
1837	1491	1.01327	0.00197155
1837	1492	1.01327	0.00197155
1837	1493	1.01327	0.00197155
1837	1494	1.01327	0.00197155
1837	1495	1.01327	0.00197155
1837	1496	1.01327	0.00197155
1837	1497	1.01327	0.00197155
1837	1498	1.01327	0.00197155
1837	1499	1.01327	0.00197155
1837	1500	1.01327	0.00197155
1837	1501	1.01327	0.00197155
1837	1502	1.01327	0.00197155
1837	1503	1.01327	0.00197155
1837	1504	1.01327	0.00197155
1837	1505	1.01327	0.00197155
1837	1506	1.01327	0.00197155
1837	1507	1.01327	0.00197155
1837	1508	1.01327	0.00197155
1837	1509	1.01327	0.00197155
1837	1510	1.01327	0.00197155
1837	1511	1.01327	0.00197155
1837	1512	1.01327	0.00197155
1837	1513	1.01327	0.00197155
1837	1514	1.01327	0.00197155
1837	1515	1.01327	0.00197155
1837	1516	1.01327	0.00197155
1837	1517	1.01327	0.00197155
1837	1518	1.01327	0.00197155
1837	1519	1.01327	0.00197155
1837	1520	1.01327	0.00197155
1837	1521	1.01327	0.00197155
1837	1522	1.01327	0.00197155
1837	1523	1.01327	0.00197155
1837	1524	1.01327	0.00197155
1837	1525	1.01327	0.00197155
1837	1526	1.01327	0.00197155
1837	1527	1.01327	0.00197155
1837	1528	1.01327	0.00197155
1837	1529	1.01327	0.00197155
1837	1530	1.01327	0.00197155
1837	1531	1.01327	0.00197155
1837	1532	1.01327	0.00197155
1837	1533	1.01327	0.00197155
1837	1534	1.01327	0.00197155
1837	1535	1.01327	0.00197155
1837	1536	1.01327	0.00197155
1837	1537	1.01327	0.00197155
1837	1538	1.01327	0.00197155
1837	1539	1.01327	0.00197155
1837	1540	1.01327	0.00197155
1837	1541	1.01327	0.00197155
1837	1542	1.01327	0.00197155
1837	1543	1.01327	0.00197155
1837	1544	1.01327	0.00197155
1837	1545	1.01327	0.00197155
1837	1546	1.01327	0.00197155
1837	1547	1.01327	0.00197155
1837	1548	1.01327	0.00197155
1837	1549	1.01327	0.00197155
1837	1550	1.01327	0.00197155
1837	1551	1.01327	0.00197155
1837	1552	1.01327	0.00197155
1837	1553	1.01327	0.00197155
1837	1554	1.01327	0.00197155
1837	1555	1.01327	0.00197155
1837	1556	1.01327	0.00197155
1837	1557	1.01327	0.00197155
1837	1558	1.01327	0.00197155
1837	1559	1.01327	0.00197155
1837	1560	1.01327	0.00197155
1837	1561	1.01327	0.00197155
1837	1562	1.01327	0.00197155
1837	1563	1.01327	0.00197155
1837	1564	1.01327	0.00197155
1837	1565	1.01327	0.00197155
1837	1566	1.01327	0.00197155
1837	1567	1.01327	0.00197155
1837	1568	1.01327	0.00197155
1837	1569	1.01327	0.00197155
1837	1570	1.01327	0.00197155
1837	1571	1.01327	0.00197155
1837	1572	1.01327	0.00197155
1837	1573	1.01327	0.00197155
1837	1574	1.01327	0.00197155
1837	1575	1.01327	0.00197155
1837	1576	1.01327	0.00197155
1837	1577	1.01327	0.00197155
1837	1578	1.01327	0.00197155
1837	1579	1.01327	0.00197155
1837	1580	1.01327	0.00197155
1837	1581	1.01327	0.00197155
1837	1582	1.01327	0.00197155
1837	1583	1.01327	0.00197155
1837	1584	1.01327	0.00197155
1837	1585	1.01327	0.00197155
1837	1586	1.01327	0.00197155
1837	1587	1.01327	0.00197155
1837	1588	1.01327	0.00197155
1837	1589	1.01327	0.00197155
1837	1590	1.01327	0.00197155
1837	1591	1.01327	0.00197155
1837	1592	1.01327	0.00197155
1837	1593	1.01327	0.00197155
1837	1594	1.01327	0.00197155
1837	1595	1.01327	0.00197155
1837	1596	1.01327	0.00197155
1837	1597	1.01327	0.00197155
1837	1598	1.01327	0.00197155
1837	1599	1.01327	0.00197155
1837	1600	1.01327	0.00197155
1837	1601	1.01327	0.00197155
1837	1602	1.01327	0.00197155
1837	1603	1.01327	0.00197155
1837	1604	1.01327	0.00197155
1837	1605	1.01327	0.00197155
1837	1606	1.01327	0.00197155
1837	1607	1.01327	0.00197155
1837	1608	1.01327	0.00197155
1837	1609	1.01327	0.00197155
1837	1610	1.01327	0.00197155
1837	1611	1.01327	0.00197155
1837	1612	1.01327	0.00197155
1837	1613	1.01327	0.00197155
1837	1614	1.01327	0.00197155
1837	1615	1.01327	0.00197155
1837	1616	1.01327	0.00197155
1837	1617	1.01327	0.00197155
1837	1618	1.01327	0.00197155
1837	1619	1.01327	0.00197155
1837	1620	1.01327	0.00197155
1837	1621	1.01327	0.00197155
1837	1622	1.01327	0.00197155
1837	1623	1.01327	0.00197155
1837	1624	1.01327	0.00197155
1837	1625	1.01327	0.00197155
1837	1626	1.01327	0.00197155
1837	1627	1.01327	0.00197155
1837	1628	1.01327	0.00197155
1837	1629	1.01327	0.00197155
1837	1630	1.01327	0.00197155
1837	1631	1.01327	0.00197155
1837	1632	1.01327	0.00197155
1837	1633	1.01327	0.00197155
1837	1634	1.01327	0.00197155
1837	1635	1.01327	0.00197155
1837	1636	1.01327	0.00197155
1837	1637	1.01327	0.00197155
1837	1638	1.01327	0.00197155
1837	1639	1.01327	0.00197155
1837	1640	1.01327	0.00197155
1837	1641	1.01327	0.00197155
1837	1642	1.01327	0.00197155
1837	1643	1.01327	0.00197155
1837	1644	1.01327	0.00197155
1837	1645	1.01327	0.00197155
1837	1646	1.01327	0.00197155
1837	1647	1.01327	0.00197155
1837	1648	1.01327	0.00197155
1837	1649	1.01327	0.00197155
1837	1650	1.01327	0.00197155
1837	1651	1.01327	0.00197155
1837	1652	1.01327	0.00197155
1837	1653	1.01327	0.00197155
1837	1654	1.01327	0.00197155
1837	1655	1.01327	0.00197155
1837	1656	1.01327	0.00197155
1837	1657	1.01327	0.00197155
1837	1658	1.01327	0.00197155
1837	1659	1.01327	0.00197155
1837	1660	1.01327	0.00197155
1837	1661	1.01327	0.00197155
1837	1662	1.01327	0.00197155
1837	1663	1.01327	0.00197155
1837	1664	1.01327	0.00197155
1837	1665	1.01327	0.00197155
1837	1666	1.01327	0.00197155
1837	1667	1.01327	0.00197155
1837	1668	1.01327	0.00197155
1837	1669	1.01327	0.00197155
1837	1670	1.01327	0.00197155
1837	1671	1.01327	0.00197155
1837	1672	1.01327	0.00197155
1837	1673	1.01327	0.00197155
1837	1674	1.01327	0.00197155
1837	1675	1.01327	0.00197155
1837	1676	1.01327	0.00197155
1837	1677	1.01327	0.00197155
1837	1678	1.01327	0.00197155
1837	1679	1.01327	0.00197155
1837	1680	1.01327	0.00197155
1837	1681	1.01327	0.00197155
1837	1682	1.01327	0.00197155
1837	1683	1.01327	0.00197155
1837	1684	1.01327	0.00197155
1837	1685	1.01327	0.00197155
1837	1686	1.01327	0.00197155
1837	1687	1.01327	0.00197155
1837	1688	1.01327	0.00197155
1837	1689	1.01327	0.00197155
1837	1690	1.01327	0.00197155
1837	1691	1.01327	0.00197155
1837	1692	1.01327	0.00197155
1837	1693	1.01327	0.00197155
1837	1694	1.01327	0.00197155
1837	1695	1.01327	0.00197155
1837	1696	1.01327	0.00197155
1837	1697	1.01327	0.00197155
1837	1698	1.01327	0.00197155
1837	1699	1.01327	0.00197155
1837	1700	1.01327	0.00197155
1837	1701	1.01327	0.00197155
1837	1702	1.01327	0.00197155
1837	1703	1.01327	0.00197155
1837	1704	1.01327	0.00197155
1837	1705	1.01327	0.00197155
1837	1706	1.01327	0.00197155
1837	1707	1.01327	0.00197155
1837	1708	1.01327	0.00197155
1837	1709	1.01327	0.00197155
1837	1710	1.01327	0.00197155
1837	1711	1.01327	0.00197155
1837	1712	1.01327	0.00197155
1837	1713	1.01327	0.00197155
1837	1714	1.01327	0.00197155
1837	1715	1.01327	0.00197155
1837	1716	1.01327	0.00197155
1837	1717	1.01327	0.00197155
1837	1718	1.01327	0.00197155
1837	1719	1.01327	0.00197155
1837	1720	1.01327	0.00197155
1837	1721	1.01327	0.00197155
1837	1722	1.01327	0.00197155
1837	1723	1.01327	0.00197155
1837	1724	1.01327	0.00197155
1837	1725	1.01327	0.00197155
1837	1726	1.01327	0.00197155
1837	1727	1.01327	0.00197155
1837	1728	1.01327	0.00197155
1837	1729	1.01327	0.00197155
1837	1730	1.01327	0.00197155
1837	1731	1.01327	0.00197155
1837	1732	1.01327	0.00197155
1837	1733	1.01327	0.00197155
1837	1734	1.01327	0.00197155
1837	1735	1.01327	0.00197155
1837	1736	1.01327	0.00197155
1837	1737	1.01327	0.00197155
1837	1738	1.01327	0.00197155
1837	1739	1.01327	0.00197155
1837	1740	1.01327	0.00197155
1837	1741	1.01327	0.00197155
1837	1742	1.01327	0.00197155
1837	1743	1.01327	0.00197155
1837	1744	1.01327	0.00197155
1837	1745	1.01327	0.00197155
1837	1746	1.01327	0.00197155
1837	1747	1.01327	0.00197155
1837	1748	1.01327	0.00197155
1837	1749	1.01327	0.00197155
1837	1750	1.01327	0.00197155
1837	1751	1.01327	0.00197155
1837	1752	1.01327	0.00197155
1837	1753	1.01327	0.00197155
1837	1754	1.01327	0.00197155
1837	1755	1.01327	0.00197155
1837	1756	1.01327	0.00197155
1837	1757	1.01327	0.00197155
1837	1758	1.01327	0.00197155
1837	1759	1.01327	0.00197155
1837	1760	1.01327	0.00197155
1837	1761	1.01327	0.00197155
1837	1762	1.01327	0.00197155
1837	1763	1.01327	0.00197155
1837	1764	1.01327	0.00197155
1837	1765	1.01327	0.00197155
1837	1766	1.01327	0.00197155
1837	1767	1.01327	0.00197155
1837	1768	1.01327	0.00197155
1837	1769	1.01327	0.00197155
1837	1770	1.01327	0.00197155
1837	1771	1.01327	0.00197155
1837	1772	1.01327	0.00197155
1837	1773	1.01327	0.00197155
1837	1774	1.01327	0.00197155
1837	1775	1.01327	0.00197155
1837	1776	1.01327	0.00197155
1837	1777	1.01327	0.00197155
1837	1778	1.01327	0.00197155
1837	1779	1.01327	0.00197155
1837	1780	1.01327	0.00197155
1837	1781	1.01327	0.00197155
1837	1782	1.01327	0.00197155
1837	1783	1.01327	0.00197155
1837	1784	1.01327	0.00197155
1837	1785	1.01327	0.00197155
1837	1786	1.01327	0.00197155
1837	1787	1.01327	0.00197155
1837	1788	1.01327	0.00197155
1837	1789	1.01327	0.00197155
1837	1790	1.01327	0.00197155
1837	1791	1.01327	0.00197155
1837	1792	1.01327	0.00197155
1837	1793	1.01327	0.00197155
1837	1794	1.01327	0.00197155
1837	1795	1.01327	0.00197155
1837	1796	1.01327	0.00197155
1837	1797	1.01327	0.00197155
1837	1798	1.01327	0.00197155
1837	1799	1.01327	0.00197155
1837	1800	1.01327	0.00197155
1837	1801	1.01327	0.00197155
1837	1802	1.01327	0.00197155
1837	1803	1.01327	0.00197155
1837	1804	1.01327	0.00197155
1837	1805	1.01327	0.00197155
1837	1806	1.01327	0.00197155
1837	1807	1.01327	0.00197155
1837	1808	1.01327	0.00197155
1837	1809	1.01327	0.00197155
1837	1810	1.01327	0.00197155
1837	1811	1.01327	0.00197155
1837	1812	1.01327	0.00197155
1837	1813	1.01327	0.00197155
1837	1814	1.01327	0.00197155
1837	1815	1.01327	0.00197155
1837	1816	1.01327	0.00197155
1837	1817	1.01327	0.00197155
1837	1818	1.01327	0.00197155
1837	1819	1.01327	0.00197155
1837	1820	1.01327	0.00197155
1837	1821	1.01327	0.00197155
1837	1822	1.01327	0.00197155
1837	1823	1.01327	0.00197155
1837	1824	1.01327	0.00197155
1837	1825	1.01327	0.00197155
1837	1826	1.01327	0.00197155
1837	1827	1.01327	0.00197155
1837	1828	1.01327	0.00197155
1837	1829	1.01327	0.00197155
1837	1830	1.01327	0.00197155
1837	1831	1.01327	0.00197155
1837	1832	1.01327	0.00197155
1837	1833	1.01327	0.00197155
1837	1834	1.01327	0.00197155
1837	1835	1.01327	0.00197155
1837	1836	1.01327	0.00197155
1837	1837	1.01327	0.00197155
1837	1838	1.01327	0.00197155
1837	1839	1.01327	0.00197155
1837	1840	1.01327	0.00197155
1837	1841	1.01327	0.00197155
1837	1842	1.01327	0.00197155
1837	1843	1.01327	0.00197155
1837	1844	1.01327	0.00197155
1837	1845	1.01327	0.00197155
1837	1846	1.01327	0.00197155
1837	1847	1.01327	0.00197155
1837	1848	1.01327	0.00197155
1837	1849	1.01327	0.00197155
1837	1850	1.01327	0.00197155
1837	1851	1.01327	0.00197155
1837	1852	1.01327	0.00197155
1837	1853	1.01327	0.00197155
1837	1854	1.01327	0.00197155
1837	1855	1.01327	0.00197155
1837	1856	1.01327	0.00197155
1837	1857	1.01327	0.00197155
1837	1858	1.01327	0.00197155
1837	1859	1.01327	0.00197155
1837	1860	1.01327	0.00197155
1837	1861	1.01327	0.00197155
1837	1862	1.01327	0.00197155
1837	1863	1.01327	0.00197155
1837	1864	1.01327	0.00197155
1837	1865	1.01327	0.00197155
1837	1866	1.01327	0.00197155
1837	1867	1.01327	0.00197155
1837	1868	1.01327	0.00197155
1837	1869	1.01327	0.00197155
1837	1870	1.01327	0.00197155
1837	1871	1.01327	0.00197155
1837	1872	1.01327	0.00197155
1837	1873	1.01327	0.00197155
1837	1874	1.01327	0.00197155
1837	1875	1.01327	0.00197155
1837	1876	1.01327	0.00197155
1837	1877	1.01327	0.00197155
1837	1878	1.01327	0.00197155
1837	1879	1.01327	0.00197155
1837	1880	1.01327	0.00197155
1837	1881	1.01327	0.00197155
1837	1882	1.01327	0.00197155
1837	1883	1.01327	0.00197155
1837	1884	1.01327	0.00197155
1837	1885	1.01327	0.00197155
1837	1886	1.01327	0.00197155
1837	1887	1.01327	0.00197155
1837	1888	1.01327	0.00197155
1837	1889	1.01327	0.00197155
1837	1890	1.01327	0.00197155
1837	1891	1.01327	0.00197155
1837	1892	1.01327	0.00197155
1837	1893	1.01327	0.00197155
1837	1894	1.01327	0.00197155
1837	1895	1.01327	0.00197155
1837	1896	1.01327	0.00197155
1837	1897	1.01327	0.00197155
1837	1898	1.01327	0.00197155
1837	1899	1.01327	0.00197155
1837	1900	1.01327	0.00197155
1837	1901	1.01327	0.00197155
1837	1902	1.01327	0.00197155
1837	1903	1.01327	0.00197155
1837	1904	1.01327	0.00197155
1837	1905	1.01327	0.00197155
1837	1906	1.01327	0.00197155
1837	1907	1.01327	0.00197155
1837	1908	1.01327	0.00197155
1837	1909	1.01327	0.00197155
1837	1910	1.01327	0.00197155
1837	1911	1.01327	0.00197155
1837	1912	1.01327	0.00197155
1837	1913	1.01327	0.00197155
1837	1914	1.01327	0.00197155
1837	1915	1.01327	0.00197155
1837	1916	1.01327	0.00197155
1837	1917	1.01327	0.00197155
1837	1918	1.01327	0.00197155
1837	1919	1.01327	0.00197155
1837	1920	1.01327	0.00197155
1837	1921	1.01327	0.00197155
1837	1922	1.01327	0.00197155
1837	1923	1.01327	0.00197155
1837	1924	1.01327	0.00197155
1837	1925	1.01327	0.00197155
1837	1926	1.01327	0.00197155
1837	1927	1.01327	0.00197155
1837	1928	1.01327	0.00197155
1837	1929	1.01327	0.00197155
1837	1930	1.01327	0.00197155
1837	1931	1.01327	0.00197155
1837	1932	1.01327	0.00197155
1837	1933	1.01327	0.00197155
1837	1934	1.01327	0.00197155
1837	1935	1.01327	0.00197155
1837	1936	1.01327	0.00197155
1837	1937	1.01327	0.00197155
1837	1938	1.01327	0.00197155
1837	1939	1.01327	0.00197155
1837	1940	1.01327	0.00197155
1837	1941	1.01327	0.00197155
1837	1942	1.01327	0.00197155
1837	1943	1.01327	0.00197155
1837	1944	1.01327	0.00197155
1837	1945	1.01327	0.00197155
1837	1946	1.01327	0.00197155
1837	1947	1.01327	0.00197155
1837	1948	1.01327	0.00197155
1837	1949	1.01327	0.00197155
1837	1950	1.01327	0.00197155
1837	1951	1.01327	0.00197155
1837	1952	1.01327	0.00197155
1837	1953	1.01327	0.00197155
1837	1954	1.01327	0.00197155
1837	1955	1.01327	0.00197155
1837	1956	1.01327	0.00197155
1837	1957	1.01327	0.00197155
1837	1958	1.01327	0.00197155
1837	1959	1.01327	0.00197155
1837	1960	1.01327	0.00197155
1837	1961	1.01327	0.00197155
1837	1962	1.01327	0.00197155
1837	1963	1.01327	0.00197155
1837	1964	1.01327	0.00197155
1837	1965	1.01327	0.00197155
1837	1966	1.01327	0.00197155
1837	1967	1.01327	0.00197155
1837	1968	1.01327	0.00197155
1837	1969	1.01327	0.00197155
1837	1970	1.01327	0.00197155
1837	1971	1.01327	0.00197155
1837	1972	1.01327	0.00197155
1837	1973	1.01327	0.00197155
1837	1974	1.01327	0.00197155
1837	1975	1.01327	0.00197155
1837	1976	1.01327	0.00197155
1837	1977	1.01327	0.00197155
1837	1978	1.01327	0.00197155
1837	1979	1.01327	0.00197155
1837	1980	1.01327	0.00197155
1837	1981	1.01327	0.00197155
1837	1982	1.01327	0.00197155
1837	1983	1.01327	0.00197155
1837	1984	1.01327	0.00197155
1837	1985	1.01327	0.00197155
1837	1986	1.01327	0.00197155
1837	1987	1.01327	0.00197155
1837	1988	1.01327	0.00197155
1837	1989	1.01327	0.00197155
1837	1990	1.01327	0.00197155
1837	1991	1.01327	0.00197155
1837	1992	1.01327	0.00197155
1837	1993	1.01327	0.00197155
1837	1994	1.01327	0.00197155
1837	1995	1.01327	0.00197155
1837	1996	1.01327	0.00197155
1837	1997	1.01327	0.00197155
1837	1998	1.01327	0.00197155
1837	1999	1.01327	0.00197155
1837	2000	1.01327	0.00197155
1837	2001	1.01327	0.00197155
1837	2002	1.01327	0.00197155
1837	2003	1.01327	0.00197155
1837	2004	1.01327	0.00197155
1837	2005	1.01327	0.00197155
1837	2006	1.01327	0.00197155
1837	2007	1.01327	0.00197155
1837	2008	1.01327	0.00197155
1837	2009	1.01327	0.00197155
1837	2010	1.01327	0.00197155
1837	2011	1.01327	0.00197155
1837	2012	1.01327	0.00197155
1837	2013	1.01327	0.00197155
1837	2014	1.01327	0.00197155
1837	2015	1.01327	0.00197155
1837	2016	1.01327	0.00197155
1837	2017	1.01327	0.00197155
1837	2018	1.01327	0.00197155
1837	2019	1.01327	0.00197155
1837	2020	1.01327	0.00197155
1837	2021	1.01327	0.00197155
1837	2022	1.01327	0.00197155
1837	2023	1.01327	0.00197155
1837	2024	1.01327	0.00197155
1837	2025	1.01327	0.00197155
1837	2026	1.01327	0.00197155
1837	2027	1.01327	0.00197155
1837	2028	1.01327	0.00197155
1837	2029	1.01327	0.00197155
1837	2030	1.01327	0.00197155
1837	2031	1.01327	0.00197155
1837	2032	1.01327	0.00197155
1837	2033	1.01327	0.00197155
1837	2034	1.01327	0.00197155
1837	2035	1.01327	0.00197155
1837	2036	1.01327	0.00197155
1837	2037	1.01327	0.00197155
1837	2038	1.01327	0.00197155
1837	2039	1.01327	0.00197155
1837	2040	1.01327	0.00197155
1837	2041	1.01327	0.00197155
1837	2042	1.01327	0.00197155
1837	2043	1.01327	0.00197155
1837	2044	1.01327	0.00197155
1837	2045	1.01327	0.00197155
1837	2046	1.01327	0.00197155
1837	2047	1.01327	0.00197155
1837	2048	1.01327	0.00197155
1837	2049	1.01327	0.00197155
1837	2050	1.01327	0.00197155
1837	2051	1.01327	0.00197155
1837	2052	1.01327	0.00197155
1837	2053	1.01327	0.00197155
1837	2054	1.01327	0.00197155
1837	2055	1.01327	0.00197155
1837	2056	1.01327	0.00197155
1837	2057	1.01327	0.00197155
1837	2058	1.01327	0.00197155
1837	2059	1.01327	0.00197155
1837	2060	1.01327	0.00197155
1837	2061	1.01327	0.00197155
1837	2062	1.01327	0.00197155
1837	2063	1.01327	0.00197155
1837	2064	1.01327	0.00197155
1837	2065	1.01327	0.00197155
1837	2066	1.01327	0.00197155
1837	2067	1.01327	0.00197155
1837	2068	1.01327	0.00197155
1837	2069	1.01327	0.00197155
1837	2070	1.01327	0.00197155
1837	2071	1.01327	0.00197155
1837	2072	1.01327	0.00197155
1837	2073	1.01327	0.00197155
1837	2074	1.01327	0.00197155
1837	2075	1.01327	0.00197155
1837	2076	1.01327	0.00197155
1837	2077	1.01327	0.00197155
1837	2078	1.01327	0.00197155
1837	2079	1.01327	0.00197155
1837	2080	1.01327	0.00197155
1837	2081	1.01327	0.00197155
1837	2082	1.01327	0.00197155
1837	2083	1.01327	0.00197155
1837	2084	1.01327	0.00197155
1837	2085	1.01327	0.00197155
1837	2086	1.01327	0.00197155
1837	2087	1.01327	0.00197155
1837	2088	1.01327	0.00197155
1837	2089	1.01327	0.00197155
1837	2090	1.01327	0.00197155
1837	2091	1.01327	0.00197155
1837	2092	1.01327	0.00197155
1837	2093	1.01327	0.00197155
1837	2094	1.01327	0.00197155
1837	2095	1.01327	0.00197155
1837	2096	1.01327	0.00197155
1837	2097	1.01327	0.00197155
1837	2098	1.01327	0.00197155
1837	2099	1.01327	0.00197155
1837	2100	1.01327	0.00197155
1837	2101	1.01327	0.00197155
1837	2102	1.01327	0.00197155
1837	2103	1.01327	0.00197155
1837	2104	1.01327	0.00197155
1837	2105	1.01327	0.00197155
1837	2106	1.01327	0.00197155
1837	2107	1.01327	0.00197155
1837	2108	1.01327	0.00197155
1837	2109	1.01327	0.00197155
1837	2110	1.01327	0.00197155
1837	2111	1.01327	0.00197155
1837	2112	1.01327	0.00197155
1837	2113	1.01327	0.00197155
1837	2114	1.01327	0.00197155
1837	2115	1.01327	0.00197155
1837	2116	1.01327	0.00197155
1837	2117	1.01327	0.00197155
1837	2118	1.01327	0.00197155
1837	2119	1.01327	0.00197155
1837	2120	1.01327	0.00197155
1837	2121	1.01327	0.00197155
1837	2122	1.01327	0.00197155
1837	2123	1.01327	0.00197155
1837	2124	1.01327	0.00197155
1837	2125	1.01327	0.00197155
1837	2126	1.01327	0.00197155
1837	2127	1.01327	0.00197155
1837	2128	1.01327	0.00197155
1837	2129	1.01327	0.00197155
1837	2130	1.01327	0.00197155
1837	2131	1.01327	0.00197155
1837	2132	1.01327	0.00197155
1837	2133	1.01327	0.00197155
1837	2134	1.01327	0.00197155
1837	2135	1.01327	0.00197155
1837	2136	1.01327	0.00197155
1837	2137	1.01327	0.00197155
1837	2138	1.01327	0.00197155
1837	2139	1.01327	0.00197155
1837	2140	1.01327	0.00197155
1837	2141	1.01327	0.00197155
1837	2142	1.01327	0.00197155
1837	2143	1.01327	0.00197155
1837	2144	1.01327	0.00197155
1837	2145	1.01327	0.00197155
1837	2146	1.01327	0.00197155
1837	2147	1.01327	0.00197155
1837	2148	1.01327	0.00197155
1837	2149	1.01327	0.00197155
1837	2150	1.01327	0.00197155
1837	2151	1.01327	0.00197155
1837	2152	1.01327	0.00197155
1837	2153	1.01327	0.00197155
1837	2154	1.01327	0.00197155
1837	2155	1.01327	0.00197155
1837	2156	1.01327	0.00197155
1837	2157	1.01327	0.00197155
1837	2158	1.01327	0.00197155
1837	2159	1.01327	0.00197155
1837	2160	1.01327	0.00197155
1837	2161	1.01327	0.00197155
1837	2162	1.01327	0.00197155
1837	2163	1.01327	0.00197155
1837	2164	1.01327	0.00197155
1837	2165	1.01327	0.00197155
1837	2166	1.01327	0.00197155
1837	2167	1.01327	0.00197155
1837	2168	1.01327	0.00197155
1837	2169	1.01327	0.00197155
1837	2170	1.01327	0.00197155
1837	2171	1.01327	0.00197155
1837	2172	1.01327	0.00197155
1837	2173	1.01327	0.00197155
1837	2174	1.01327	0.00197155
1837	2175	1.01327	0.00197155
1837	2176	1.01327	0.00197155
1837	2177	1.01327	0.00197155
1837	2178	1.01327	0.00197155
1837	2179	1.01327	0.00197155
1837	2180	1.01327	0.00197155
1837	2181	1.01327	0.00197155
1837	2182	1.01327	0.00197155
1837	2183	1.01327	0.00197155
1837	2184	1.01327	0.00197155
1837	2185	1.01327	0.00197155
1837	2186	1.01327	0.00197155
1837	2187	1.01327	0.00197155
1837	2188	1.01327	0.00197155
1837	2189	1.01327	0.00197155
1837	2190	1.01327	0.00197155
1837	2191	1.01327	0.00197155
1837	2192	1.01327	0.00197155
1837	2193	1.01327	0.00197155
1837	2194	1.01327	0.00197155
1837	2195	1.01327	0.00197155
1837	2196	1.01327	0.00197155
1837	2197	1.01327	0.00197155
1837	2198	1.01327	0.00197155
1837	2199	1.01327	0.00197155
1837	2200	1.01327	0.00197155
1837	2201	1.01327	0.00197155
1837	2202	1.01327	0.00197155
1837	2203	1.01327	0.00197155
1837	2204	1.01327	0.00197155
1837	2205	1.01327	0.00197155
1837	2206	1.01327	0.00197155
1837	2207	1.01327	0.00197155
1837	2208	1.01327	0.00197155
1837	2209	1.01327	0.00197155
1837	2210	1.01327	0.00197155
1837	2211	1.01327	0.00197155
1837	2212	1.01327	0.00197155
1837	2213	1.01327	0.00197155
1837	2214	1.01327	0.00197155
1837	2215	1.01327	0.00197155
1837	2216	1.01327	0.00197155
1837	2217	1.01327	0.00197155
1837	2218	1.01327	0.00197155
1837	2219	1.01327	0.00197155
1837	2220	1.01327	0.00197155
1837	2221	1.01327	0.00197155
1837	2222	1.01327	0.00197155
1837	2223	1.01327	0.00197155
1837	2224	1.01327	0.00197155
1837	2225	1.01327	0.00197155
1837	2226	1.01327	0.00197155
1837	2227	1.01327	0.00197155
1837	2228	1.01327	0.00197155
1837	2229	1.01327	0.00197155
1837	2230	1.01327	0.00197155
1837	2231	1.01327	0.00197155
1837	2232	1.01327	0.00197155
1837	2233	1.01327	0.00197155
1837	2234	1.01327	0.00197155
1837	2235	1.01327	0.00197155
1837	2236	1.01327	0.00197155
1837	2237	1.01327	0.00197155
1837	2238	1.01327	0.00197155
1837	2239	1.01327	0.00197155
1837	2240	1.01327	0.00197155
1837	2241	1.01327	0.00197155
1837	2242	1.01327	0.00197155
1837	2243	1.01327	0.00197155
1837	2244	1.01327	0.00197155
1837	2245	1.01327	0.00197155
1837	2246	1.01327	0.00197155
1837	2247	1.01327	0.00197155
1837	2248	1.01327	0.00197155
1837	2249	1.01327	0.00197155
1837	2250	1.01327	0.00197155
1837	2251	1.01327	0.00197155
1837	2252	1.01327	0.00197155
1837	2253	1.01327	0.00197155
1837	2254	1.01327	0.00197155
1837	2255	1.01327	0.00197155
1837	2256	1.01327	0.00197155
1837	2257	1.01327	0.00197155
1837	2258	1.01327	0.00197155
1837	2259	1.01327	0.00197155
1837	2260	1.01327	0.00197155
1837	2261	1.01327	0.00197155
1837	2262	1.01327	0.00197155
1837	2263	1.01327	0.00197155
1837	2264	1.01327	0.00197155
1837	2265	1.01327	0.00197155
1837	2266	1.01327	0.00197155
1837	2267	1.01327	0.00197155
1837	2268	1.01327	0.00197155
1837	2269	1.01327	0.00197155
1837	2270	1.01327	0.00197155
1837	2271	1.01327	0.00197155
1837	2272	1.01327	0.00197155
1837	2273	1.01327	0.00197155
1837	2274	1.01327	0.00197155
1837	2275	1.01327	0.00197155
1837	2276	1.01327	0.00197155
1837	2277	1.01327	0.00197155
1837	2278	1.01327	0.00197155
1837	2279	1.01327	0.00197155
1837	2280	1.01327	0.00197155
1837	2281	1.01327	0.00197155
1837	2282	1.01327	0.00197155
1837	2283	1.01327	0.00197155
1837	2284	1.01327	0.00197155
1837	2285	1.01327	0.00197155
1837	2286	1.01327	0.00197155
1837	2287	1.01327	0.00197155
1837	2288	1.01327	0.00197155
1837	2289	1.01327	0.00197155
1837	2290	1.01327	0.00197155
1837	2291	1.01327	0.00197155
1837	2292	1.01327	0.00197155
1837	2293	1.01327	0.00197155
1837	2294	1.01327	0.00197155
1837	2295	1.01327	0.00197155
1837	2296	1.01327	0.00197155
1837	2297	1.01327	0.00197155
1837	2298	1.01327	0.00197155
1837	2299	1.01327	0.00197155
1837	2300	1.01327	0.00197155
1837	2301	1.01327	0.00197155
1837	2302	1.01327	0.00197155
1837	2303	1.01327	0.00197155
1837	2304	1.01327	0.00197155
1837	2305	1.01327	0.00197155
1837	2306	1.01327	0.00197155
1837	2307	1.01327	0.00197155
1837	2308	1.01327	0.00197155
1837	2309	1.01327	0.00197155
1837	2310	1.01327	0.00197155
1837	2311	1.01327	0.00197155
1837	2312	1.01327	0.00197155
1837	2313	1.01327	0.00197155
1837	2314	1.01327	0.00197155
1837	2315	1.01327	0.00197155
1837	2316	1.01327	0.00197155
1837	2317	1.01327	0.00197155
1837	2318	1.01327	0.00197155
1837	2319	1.01327	0.00197155
1837	2320	1.01327	0.00197155
1837	2321	1.01327	0.00197155
1837	2322	1.01327	0.00197155
1837	2323	1.01327	0.00197155
1837	2324	1.01327	0.00197155
1837	2325	1.01327	0.00197155
1837	2326	1.01327	0.00197155
1837	2327	1.01327	0.00197155
1837	2328	1.01327	0.00197155
1837	2329	1.01327	0.00197155
1837	2330	1.01327	0.00197155
1837	2331	1.01327	0.00197155
1837	2332	1.01327	0.00197155
1837	2333	1.01327	0.00197155
1837	2334	1.01327	0.00197155
1837	2335	1.01327	0.00197155
1837	2336	1.01327	0.00197155
1837	2337	1.01327	0.00197155
1837	2338	1.01327	0.00197155
1837	2339	1.01327	0.00197155
1837	2340	1.01327	0.00197155
1837	2341	1.01327	0.00197155
1837	2342	1.01327	0.00197155
1837	2343	1.01327	0.00197155
1837	2344	1.01327	0.00197155
1837	2345	1.01327	0.00197155
1837	2346	1.01327	0.00197155
1837	2347	1.01327	0.00197155
1837	2348	1.01327	0.00197155
1837	2349	1.01327	0.00197155
1837	2350	1.01327	0.00197155
1837	2351	1.01327	0.00197155
1837	2352	1.01327	0.00197155
1837	2353	1.01327	0.00197155
1837	2354	1.01327	0.00197155
1837	2355	1.01327	0.00197155
1837	2356	1.01327	0.00197155
1837	2357	1.01327	0.00197155
1837	2358	1.01327	0.00197155
1837	2359	1.01327	0.00197155
1837	2360	1.01327	0.00197155
1837	2361	1.01327	0.00197155
1837	2362	1.01327	0.00197155
1837	2363	1.01327	0.00197155
1837	2364	1.01327	0.00197155
1837	2365	1.01327	0.00197155
1837	2366	1.01327	0.00197155
1837	2367	1.01327	0.00197155
1837	2368	1.01327	0.00197155
1837	2369	1.01327	0.00197155
1837	2370	1.01327	0.00197155
1837	2371	1.01327	0.00197155
1837	2372	1.01327	0.00197155
1837	2373	1.01327	0.00197155
1837	2374	1.01327	0.00197155
1837	2375	1.01327	0.00197155
1837	2376	1.01327	0.00197155
1837	2377	1.01327	0.00197155
1837	2378	1.01327	0.00197155
1837	2379	1.01327	0.00197155
1837	2380	1.01327	0.00197155
1837	2381	1.01327	0.00197155
1837	2382	1.01327	0.00197155
1837	2383	1.01327	0.00197155
1837	2384	1.01327	0.00197155
1837	2385	1.01327	0.00197155
1837	2386	1.01327	0.00197155
1837	2387	1.01327	0.00197155
1837	2388	1.01327	0.00197155
1837	2389	1.01327	0.00197155
1837	2390	1.01327	0.00197155
1837	2391	1.01327	0.00197155
1837	2392	1.01327	0.00197155
1837	2393	1.01327	0.00197155
1837	2394	1.01327	0.00197155
1837	2395	1.01327	0.00197155
1837	2396	1.01327	0.00197155
1837	2397	1.01327	0.00197155
1837	2398	1.01327	0.00197155
1837	2399	1.01327	0.00197155
1837	2400	1.01327	0.00197155
1837	2401	1.01327	0.00197155
1837	2402	1.01327	0.00197155
1837	2403	1.01327	0.00197155
1837	2404	1.01327	0.00197155
1837	2405	1.01327	0.00197155
1837	2406	1.01327	0.00197155
1837	2407	1.01327	0.00197155
1837	2408	1.01327	0.00197155
1837	2409	1.01327	0.00197155
1837	2410	1.01327	0.00197155
1837	2411	1.01327	0.00197155
1837	2412	1.01327	0.00197155
1837	2413	1.01327	0.00197155
1837	2414	1.01327	0.00197155
1837	2415	1.01327	0.00197155
1837	2416	1.01327	0.00197155
1837	2417	1.01327	0.00197155
1837	2418	1.01327	0.00197155
1837	2419	1.01327	0.00197155
1837	2420	1.01327	0.00197155
1837	2421	1.01327	0.00197155
1837	2422	1.01327	0.00197155
1837	2423	1.01327	0.00197155
1837	2424	1.01327	0.00197155
1837	2425	1.01327	0.00197155
1837	2426	1.01327	0.00197155
1837	2427	1.01327	0.00197155
1837	2428	1.01327	0.00197155
1837	2429	1.01327	0.00197155
1837	2430	1.01327	0.00197155
1837	2431	1.01327	0.00197155
1837	2432	1.01327	0.00197155
1837	2433	1.01327	0.00197155
1837	2434	1.01327	0.00197155
1837	2435	1.01327	0.00197155
1837	2436	1.01327	0.00197155
1837	2437	1.01327	0.00197155
1837	2438	1.01327	0.00197155
1837	2439	1.01327	0.00197155
1837	2440	1.01327	0.00197155
1837	2441	1.01327	0.00197155
1837	2442	1.01327	0.00197155
1837	2443	1.01327	0.00197155
1837	2444	1.01327	0.00197155
1837	2445	1.01327	0.00197155
1837	2446	1.01327	0.00197155
1837	2447	1.01327	0.00197155
1837	2448	1.01327	0.00197155
1837	2449	1.01327	0.00197155
1837	2450	1.01327	0.00197155
1837	2451	1.01327	0.00197155
1837	2452	1.01327	0.00197155
1837	2453	1.01327	0.00197155
1837	2454	1.01327	0.00197155
1837	2455	1.01327	0.00197155
1837	2456	1.01327	0.00197155
1837	2457	1.01327	0.00197155
1837	2458	1.01327	0.00197155
1837	2459	1.01327	0.00197155
1837	2460	1.01327	0.00197155
1837	2461	1.01327	0.00197155
1837	2462	1.01327	0.00197155
1837	2463	1.01327	0.00197155
1837	2464	1.01327	0.00197155
1837	2465	1.01327	0.00197155
1837	2466	1.01327	0.00197155
1837	2467	1.01327	0.00197155
1837	2468	1.01327	0.00197155
1837	2469	1.01327	0.00197155
1837	2470	1.01327	0.00197155
1837	2471	1.01327	0.00197155
1837	2472	1.01327	0.00197155
1837	2473	1.01327	0.00197155
1837	2474	1.01327	0.00197155
1837	2475	1.01327	0.00197155
1837	2476	1.01327	0.00197155
1837	2477	1.01327	0.00197155
1837	2478	1.01327	0.00197155
1837	2479	1.01327	0.00197155
1837	2480	1.01327	0.00197155
1837	2481	1.01327	0.00197155
1837	2482	1.01327	0.00197155
1837	2483	1.01327	0.00197155
1837	2484	1.01327	0.00197155
1837	2485	1.01327	0.00197155
1837	2486	1.01327	0.00197155
1837	2487	1.01327	0.00197155
1837	2488	1.01327	0.00197155
1837	2489	1.01327	0.00197155
1837	2490	1.01327	0.00197155
1837	2491	1.01327	0.00197155
1837	2492	1.01327	0.00197155
1837	2493	1.01327	0.00197155
1837	2494	1.01327	0.00197155
1837	2495	1.01327	0.00197155
1837	2496	1.01327	0.00197155
1837	2497	1.01327	0.00197155
1837	2498	1.01327	0.00197155
1837	2499	1.01327	0.00197155
1837	2500	1.01327	0.00197155
1837	2501	1.01327	0.00197155
1837	2502	1.01327	0.00197155
1837	2503	1.01327	0.00197155
1837	2504	1.01327	0.00197155
1837	2505	1.01327	0.00197155
1837	2506	1.01327	0.00197155
1837	2507	1.01327	0.00197155
1837	2508	1.01327	0.00197155
1837	2509	1.01327	0.00197155
1837	2510	1.01327	0.00197155
1837	2511	1.01327	0.00197155
1837	2512	1.01327	0.00197155
1837	2513	1.01327	0.00197155
1837	2514	1.01327	0.00197155
1837	2515	1.01327	0.00197155
1837	2516	1.01327	0.00197155
1837	2517	1.01327	0.00197155
1837	2518	1.01327	0.00197155
1837	2519	1.01327	0.00197155
1837	2520	1.01327	0.00197155
1837	2521	1.01327	0.00197155
1837	2522	1.01327	0.00197155
1837	2523	1.01327	0.00197155
1837	2524	1.01327	0.00197155
1837	2525	1.01327	0.00197155
1837	2526	1.01327	0.00197155
1837	2527	1.01327	0.00197155
1837	2528	1.01327	0.00197155
1837	2529	1.01327	0.00197155
1837	2530	1.01327	0.00197155
1837	2531	1.01327	0.00197155
1837	2532	1.01327	0.00197155
1837	2533	1.01327	0.00197155
1837	2534	1.01327	0.00197155
1837	2535	1.01327	0.00197155
1837	2536	1.01327	0.00197155
1837	2537	1.01327	0.00197155
1837	2538	1.01327	0.00197155
1837	2539	1.01327	0.00197155
1837	2540	1.01327	0.00197155
1837	2541	1.01327	0.00197155
1837	2542	1.01327	0.00197155
1837	2543	1.01327	0.00197155
1837	2544	1.01327	0.00197155
1837	2545	1.01327	0.00197155
1837	2546	1.01327	0.00197155
1837	2547	1.01327	0.00197155
1837	2548	1.01327	0.00197155
1837	2549	1.01327	0.00197155
1837	2550	1.01327	0.00197155
1837	2551	1.01327	0.00197155
1837	2552	1.01327	0.00197155
1837	2553	1.01327	0.00197155
1837	2554	1.01327	0.00197155
1837	2555	1.01327	0.00197155
1837	2556	1.01327	0.00197155
1837	2557	1.01327	0.00197155
1837	2558	1.01327	0.00197155
1837	2559	1.01327	0.00197155
1837	2560	1.01327	0.00197155
1837	2561	1.01327	0.00197155
1837	2562	1.01327	0.00197155
1837	2563	1.01327	0.00197155
1837	2564	1.01327	0.00197155
1837	2565	1.01327	0.00197155
1837	2566	1.01327	0.00197155
1837	2567	1.01327	0.00197155
1837	2568	1.01327	0.00197155
1837	2569	1.01327	0.00197155
1837	2570	1.01327	0.00197155
1837	2571	1.01327	0.00197155
1837	2572	1.01327	0.00197155
1837	2573	1.01327	0.00197155
1837	2574	1.01327	0.00197155
1837	2575	1.01327	0.00197155
1837	2576	1.01327	0.00197155
1837	2577	1.01327	0.00197155
1837	2578	1.01327	0.00197155
1837	2579	1.01327	0.00197155
1837	2580	1.01327	0.00197155
1837	2581	1.01327	0.00197155
1837	2582	1.01327	0.00197155
1837	2583	1.01327	0.00197155
1837	2584	1.01327	0.00197155
1837	2585	1.01327	0.00197155
1837	2586	1.01327	0.00197155
1837	2587	1.01327	0.00197155
1837	2588	1.01327	0.00197155
1837	2589	1.01327	0.00197155
1837	2590	1.01327	0.00197155
1837	2591	1.01327	0.00197155
1837	2592	1.01327	0.00197155
1837	2593	1.01327	0.00197155
1837	2594	1.01327	0.00197155
1837	2595	1.01327	0.00197155
1837	2596	1.01327	0.00197155
1837	2597	1.01327	0.00197155
1837	2598	1.01327	0.00197155
1837	2599	1.01327	0.00197155
1837	2600	1.01327	0.00197155
1837	2601	1.01327	0.00197155
1837	2602	1.01327	0.00197155
1837	2603	1.01327	0.00197155
1837	2604	1.01327	0.00197155
1837	2605	1.01327	0.00197155
1837	2606	1.01327	0.00197155
1837	2607	1.01327	0.00197155
1837	2608	1.01327	0.00197155
1837	2609	1.01327	0.00197155
1837	2610	1.01327	0.00197155
1837	2611	1.01327	0.00197155
1837	2612	1.01327	0.00197155
1837	2613	1.01327	0.00197155
1837	2614	1.01327	0.00197155
1837	2615	1.01327	0.00197155
1837	2616	1.01327	0.00197155
1837	2617	1.01327	0.00197155
1837	2618	1.01327	0.00197155
1837	2619	1.01327	0.00197155
1837	2620	1.01327	0.00197155
1837	2621	1.01327	0.00197155
1837	2622	1.01327	0.00197155
1837	2623	1.01327	0.00197155
1837	2624	1.01327	0.00197155
1837	2625	1.01327	0.00197155
1837	2626	1.01327	0.00197155
1837	2627	1.01327	0.00197155
1837	2628	1.01327	0.00197155
1837	2629	1.01327	0.00197155
1837	2630	1.01327	0.00197155
1837	2631	1.01327	0.00197155
1837	2632	1.01327	0.00197155
1837	2633	1.01327	0.00197155
1837	2634	1.01327	0.00197155
1837	2635	1.01327	0.00197155
1837	2636	1.01327	0.00197155
1837	2637	1.01327	0.00197155
1837	2638	1.01327	0.00197155
1837	2639	1.01327	0.00197155
1837	2640	1.01327	0.00197155
1837	2641	1.01327	0.00197155
1837	2642	1.01327	0.00197155
1837	2643	1.01327	0.00197155
1837	2644	1.01327	0.00197155
1837	2645	1.01327	0.00197155
1837	2646	1.01327	0.00197155
1837	2647	1.01327	0.00197155
1837	2648	1.01327	0.00197155
1837	2649	1.01327	0.00197155
1837	2650	1.01327	0.00197155
1837	2651	1.01327	0.00197155
1837	2652	1.01327	0.00197155
1837	2653	1.01327	0.00197155
1837	2654	1.01327	0.00197155
1837	2655	1.01327	0.00197155
1837	2656	1.01327	0.00197155
1837	2657	1.01327	0.00197155
1837	2658	1.01327	0.00197155
1837	2659	1.01327	0.00197155
1837	2660	1.01327	0.00197155
1837	2661	1.01327	0.00197155
1837	2662	1.01327	0.00197155
1837	2663	1.01327	0.00197155
1837	2664	1.01327	0.00197155
1837	2665	1.01327	0.00197155
1837	2666	1.01327	0.00197155
1837	2667	1.01327	0.00197155
1837	2668	1.01327	0.00197155
1837	2669	1.01327	0.00197155
1837	2670	1.01327	0.00197155
1837	2671	1.01327	0.00197155
1837	2672	1.01327	0.00197155
1837	2673	1.01327	0.00197155
1837	2674	1.01327	0.00197155
1837	2675	1.01327	0.00197155
1837	2676	1.01327	0.00197155
1837	2677	1.01327	0.00197155
1837	2678	1.01327	0.00197155
1837	2679	1.01327	0.00197155
1837	2680	1.01327	0.00197155
1837	2681	1.01327	0.00197155
1837	2682	1.01327	0.00197155
1837	2683	1.01327	0.00197155
1837	2684	1.01327	0.00197155
1837	2685	1.01327	0.00197155
1837	2686	1.01327	0.00197155
1837	2687	1.01327	0.00197155
1837	2688	1.01327	0.00197155
1837	2689	1.01327	0.00197155
1837	2690	1.01327	0.00197155
1837	2691	1.01327	0.00197155
1837	2692	1.01327	0.00197155
1837	2693	1.01327	0.00197155
1837	2694	1.01327	0.00197155
1837	2695	1.01327	0.00197155
1837	2696	1.01327	0.00197155
1837	2697	1.01327	0.00197155
1837	2698	1.01327	0.00197155
1837	2699	1.01327	0.00197155
1837	2700	1.01327	0.00197155
1837	2701	1.01327	0.00197155
1837	2702	1.01327	0.00197155
1837	2703	1.01327	0.00197155
1837	2704	1.01327	0.00197155
1837	2705	1.01327	0.00197155
1837	2706	1.01327	0.00197155
1837	2707	1.01327	0.00197155
1837	2708	1.01327	0.00197155
1837	2709	1.01327	0.00197155
1837	2710	1.01327	0.00197155
1837	2711	1.01327	0.00197155
1837	2712	1.01327	0.00197155
1837	2713	1.01327	0.00197155
1837	2714	1.01327	0.00197155
1837	2715	1.01327	0.00197155
1837	2716	1.01327	0.00197155
1837	2717	1.01327	0.00197155
1837	2718	1.01327	0.00197155
1837	2719	1.01327	0.00197155
1837	2720	1.01327	0.00197155
1837	2721	1.01327	0.00197155
1837	2722	1.01327	0.00197155
1837	2723	1.01327	0.00197155
1837	2724	1.01327	0.00197155
1837	2725	1.01327	0.00197155
1837	2726	1.01327	0.00197155
1837	2727	1.01327	0.00197155
1837	2728	1.01327	0.00197155
1837	2729	1.01327	0.00197155
1837	2730	1.01327	0.00197155
1837	2731	1.01327	0.00197155
1837	2732	1.01327	0.00197155
1837	2733	1.01327	0.00197155
1837	2734	1.01327	0.00197155
1837	2735	1.01327	0.00197155
1837	2736	1.01327	0.00197155
1837	2737	1.01327	0.00197155
1837	2738	1.01327	0.00197155
1837	2739	1.01327	0.00197155
1837	2740	1.01327	0.00197155
1837	2741	1.01327	0.00197155
1837	2742	1.01327	0.00197155
1837	2743	1.01327	0.00197155
1837	2744	1.01327	0.00197155
1837	2745	1.01327	0.00197155
1837	2746	1.01327	0.00197155
1837	2747	1.01327	0.00197155
1837	2748	1.01327	0.00197155
1837	2749	1.01327	0.00197155
1837	2750	1.01327	0.00197155
1837	2751	1.01327	0.00197155
1837	2752	1.01327	0.00197155
1837	2753	1.01327	0.00197155
1837	2754	1.01327	0.00197155
1837	2755	1.01327	0.00197155
1837	2756	1.01327	0.00197155
1837	2757	1.01327	0.00197155
1837	2758	1.01327	0.00197155
1837	2759	1.01327	0.00197155
1837	2760	1.01327	0.00197155
1837	2761	1.01327	0.00197155
1837	2762	1.01327	0.00197155
1837	2763	1.01327	0.00197155
1837	2764	1.01327	0.00197155
1837	2765	1.01327	0.00197155
1837	2766	1.01327	0.00197155
1837	2767	1.01327	0.00197155
1837	2768	1.01327	0.00197155
1837	2769	1.01327	0.00197155
1837	2770	1.01327	0.00197155
1837	2771	1.01327	0.00197155
1837	2772	1.01327	0.00197155
1837	2773	1.01327	0.00197155
1837	2774	1.01327	0.00197155
1837	2775	1.01327	0.00197155
1837	2776	1.01327	0.00197155
1837	2777	1.01327	0.00197155
1837	2778	1.01327	0.00197155
1837	2779	1.01327	0.00197155
1837	2780	1.01327	0.00197155
1837	2781	1.01327	0.00197155
1837	2782	1.01327	0.00197155
1837	2783	1.01327	0.00197155
1837	2784	1.01327	0.00197155
1837	2785	1.01327	0.00197155
1837	2786	1.01327	0.00197155
1837	2787	1.01327	0.00197155
1837	2788	1.01327	0.00197155
1837	2789	1.01327	0.00197155
1837	2790	1.01327	0.00197155
1837	2791	1.01327	0.00197155
1837	2792	1.01327	0.00197155
1837	2793	1.01327	0.00197155
1837	2794	1.01327	0.00197155
1837	2795	1.01327	0.00197155
1837	2796	1.01327	0.00197155
1837	2797	1.01327	0.00197155
1837	2798	1.01327	0.00197155
1837	2799	1.01327	0.00197155
1837	2800	1.01327	0.00197155
1837	2801	1.01327	0.00197155
1837	2802	1.01327	0.00197155
1837	2803	1.01327	0.00197155
1837	2804	1.01327	0.00197155
1837	2805	1.01327	0.00197155
1837	2806	1.01327	0.00197155
1837	2807	1.01327	0.00197155
1837	2808	1.01327	0.00197155
1837	2809	1.01327	0.00197155
1837	2810	1.01327	0.00197155
1837	2811	1.01327	0.00197155
1837	2812	1.01327	0.00197155
1837	2813	1.01327	0.00197155
1837	2814	1.01327	0.00197155
1837	2815	1.01327	0.00197155
1837	2816	1.01327	0.00197155
1837	2817	1.01327	0.00197155
1837	2818	1.01327	0.00197155
1837	2819	1.01327	0.00197155
1837	2820	1.01327	0.00197155
1837	2821	1.01327	0.00197155
1837	2822	1.01327	0.00197155
1837	2823	1.01327	0.00197155
1837	2824	1.01327	0.00197155
1837	2825	1.01327	0.00197155
1837	2826	1.01327	0.00197155
1837	2827	1.01327	0.00197155
1837	2828	1.01327	0.00197155
1837	2829	1.01327	0.00197155
1837	2830	1.01327	0.00197155
1837	2831	1.01327	0.00197155
1837	2832	1.01327	0.00197155
1837	2833	1.01327	0.00197155
1837	2834	1.01327	0.00197155
1837	2835	1.01327	0.00197155
1837	2836	1.01327	0.00197155
1837	2837	1.01327	0.00197155
1837	2838	1.01327	0.00197155
1837	2839	1.01327	0.00197155
1837	2840	1.01327	0.00197155
1837	2841	1.01327	0.00197155
1837	2842	1.01327	0.00197155
1837	2843	1.01327	0.00197155
1837	2844	1.01327	0.00197155
1837	2845	1.01327	0.00197155
1837	2846	1.01327	0.00197155
1837	2847	1.01327	0.00197155
1837	2848	1.01327	0.00197155
1837	2849	1.01327	0.00197155
1837	2850	1.01327	0.00197155
1837	2851	1.01327	0.00197155
1837	2852	1.01327	0.00197155
1837	2853	1.01327	0.00197155
1837	2854	1.01327	0.00197155
1837	2855	1.01327	0.00197155
1837	2856	1.01327	0.00197155
1837	2857	1.01327	0.00197155
1837	2858	1.01327	0.00197155
1837	2859	1.01327	0.00197155
1837	2860	1.01327	0.00197155
1837	2861	1.01327	0.00197155
1837	2862	1.01327	0.00197155
1837	2863	1.01327	0.00197155
1837	2864	1.01327	0.00197155
1837	2865	1.01327	0.00197155
1837	2866	1.01327	0.00197155
1837	2867	1.01327	0.00197155
1837	2868	1.01327	0.00197155
1837	2869	1.01327	0.00197155
1837	2870	1.01327	0.00197155
1837	2871	1.01327	0.00197155
1837	2872	1.01327	0.00197155
1837	2873	1.01327	0.00197155
1837	2874	1.01327	0.00197155
1837	2875	1.01327	0.00197155
1837	2876	1.01327	0.00197155
1837	2877	1.01327	0.00197155
1837	2878	1.01327	0.00197155
1837	2879	1.01327	0.00197155
1837	2880	1.01327	0.00197155
1837	2881	1.01327	0.00197155
1837	2882	1.01327	0.00197155
1837	2883	1.01327	0.00197155
1837	2884	1.01327	0.00197155
1837	2885	1.01327	0.00197155
1837	2886	1.01327	0.00197155
1837	2887	1.01327	0.00197155
1837	2888	1.01327	0.00197155
1837	2889	1.01327	0.00197155
1837	2890	1.01327	0.00197155
1837	2891	1.01327	0.00197155
1837	2892	1.01327	0.00197155
1837	2893	1.01327	0.00197155
1837	2894	1.01327	0.00197155
1837	2895	1.01327	0.00197155
1837	2896	1.01327	0.00197155
1837	2897	1.01327	0.00197155
1837	2898	1.01327	0.00197155
1837	2899	1.01327	0.00197155
1837	2900	1.01327	0.00197155
1837	2901	1.01327	0.00197155
1837	2902	1.01327	0.00197155
1837	2903	1.01327	0.00197155
1837	2904	1.01327	0.00197155
1837	2905	1.01327	0.00197155
1837	2906	1.01327	0.00197155
1837	2907	1.01327	0.00197155
1837	2908	1.01327	0.00197155
1837	2909	1.01327	0.00197155
1837	2910	1.01327	0.00197155
1837	2911	1.01327	0.00197155
1837	2912	1.01327	0.00197155
1837	2913	1.01327	0.00197155
1837	2914	1.01327	0.00197155
1837	2915	1.01327	0.00197155
1837	2916	1.01327	0.00197155
1837	2917	1.01327	0.00197155
1837	2918	1.01327	0.00197155
1837	2919	1.01327	0.00197155
1837	2920	1.01327	0.00197155
1837	2921	1.01327	0.00197155
1837	2922	1.01327	0.00197155
1837	2923	1.01327	0.00197155
1837	2924	1.01327	0.00197155
1837	2925	1.01327	0.00197155
1837	2926	1.01327	0.00197155
1837	2927	1.01327	0.00197155
1837	2928	1.01327	0.00197155
1837	2929	1.01327	0.00197155
1837	2930	1.01327	0.00197155
1837	2931	1.01327	0.00197155
1837	2932	1.01327	0.00197155
1837	2933	1.01327	0.00197155
1837	2934	1.01327	0.00197155
1837	2935	1.01327	0.00197155
1837	2936	1.01327	0.00197155
1837	2937	1.01327	0.00197155
1837	2938	1.01327	0.00197155
1837	2939	1.01327	0.00197155
1837	2940	1.01327	0.00197155
1837	2941	1.01327	0.00197155
1837	2942	1.01327	0.00197155
1837	2943	1.01327	0.00197155
1837	2944	1.01327	0.00197155
1837	2945	1.01327	0.00197155
1837	2946	1.01327	0.00197155
1837	2947	1.01327	0.00197155
1837	2948	1.01327	0.00197155
1837	2949	1.01327	0.00197155
1837	2950	1.01327	0.00197155
1837	2951	1.01327	0.00197155
1837	2952	1.01327	0.00197155
1837	2953	1.01327	0.00197155
1837	2954	1.01327	0.00197155
1837	2955	1.01327	0.00197155
1837	2956	1.01327	0.00197155
1837	2957	1.01327	0.00197155
1837	2958	1.01327	0.00197155
1837	2959	1.01327	0.00197155
1837	2960	1.01327	0.00197155
1837	2961	1.01327	0.00197155
1837	2962	1.01327	0.00197155
1837	2963	1.01327	0.00197155
1837	2964	1.01327	0.00197155
1837	2965	1.01327	0.00197155
1837	2966	1.01327	0.00197155
1837	2967	1.01327	0.00197155
1837	2968	1.01327	0.00197155
1837	2969	1.01327	0.00197155
1837	2970	1.01327	0.00197155
1837	2971	1.01327	0.00197155
1837	2972	1.01327	0.00197155
1837	2973	1.01327	0.00197155
1837	2974	1.01327	0.00197155
1837	2975	1.01327	0.00197155
1837	2976	1.01327	0.00197155
1837	2977	1.01327	0.00197155
1837	2978	1.01327	0.00197155
1837	2979	1.01327	0.00197155
1837	2980	1.01327	0.00197155
1837	2981	1.01327	0.00197155
1837	2982	1.01327	0.00197155
1837	2983	1.01327	0.00197155
1837	2984	1.01327	0.00197155
1837	2985	1.01327	0.00197155
1837	2986	1.01327	0.00197155
1837	2987	1.01327	0.00197155
1837	2988	1.01327	0.00197155
1837	2989	1.01327	0.00197155
1837	2990	1.01327	0.00197155
1837	2991	1.01327	0.00197155
1837	2992	1.01327	0.00197155
1837	2993	1.01327	0.00197155
1837	2994	1.01327	0.00197155
1837	2995	1.01327	0.00197155
1837	2996	1.01327	0.00197155
1837	2997	1.01327	0.00197155
1837	2998	1.01327	0.00197155
1837	2999	1.01327	0.00197155
1837	3000	1.01327	0.00197155
1837	3001	1.01327	0.00197155
1837	3002	1.01327	0.00197155
1837	3003	1.01327	0.00197155
1837	3004	1.01327	0.00197155
1837	3005	1.01327	0.00197155
1837	3006	1.01327	0.00197155
1837	3007	1.01327	0.00197155
1837	3008	1.01327	0.00197155
1837	3009	1.01327	0.00197155
1837	3010	1.01327	0.00197155
1837	3011	1.01327	0.00197155
1837	3012	1.01327	0.00197155
1837	3013	1.01327	0.00197155
1837	3014	1.01327	0.00197155
1837	3015	1.01327	0.00197155
1837	3016	1.01327	0.00197155
1837	3017	1.01327	0.00197155
1837	3018	1.01327	0.00197155
1837	3019	1.01327	0.00197155
1837	3020	1.01327	0.00197155
1837	3021	1.01327	0.00197155
1837	3022	1.01327	0.00197155
1837	3023	1.01327	0.00197155
1837	3024	1.01327	0.00197155
1837	3025	1.01327	0.00197155
1837	3026	1.01327	0.00197155
1837	3027	1.01327	0.00197155
1837	3028	1.01327	0.00197155
1837	3029	1.01327	0.00197155
1837	3030	1.01327	0.00197155
1837	3031	1.01327	0.00197155
1837	3032	1.01327	0.00197155
1837	3033	1.01327	0.00197155
1837	3034	1.01327	0.00197155
1837	3035	1.01327	0.00197155
1837	3036	1.01327	0.00197155
1837	3037	1.01327	0.00197155
1837	3038	1.01327	0.00197155
1837	3039	1.01327	0.00197155
1837	3040	1.01327	0.00197155
1837	3041	1.01327	0.00197155
1837	3042	1.01327	0.00197155
1837	3043	1.01327	0.00197155
1837	3044	1.01327	0.00197155
1837	3045	1.01327	0.00197155
1837	3046	1.01327	0.00197155
1837	3047	1.01327	0.00197155
1837	3048	1.01327	0.00197155
1837	3049	1.01327	0.00197155
1837	3050	1.01327	0.00197155
1837	3051	1.01327	0.00197155
1837	3052	1.01327	0.00197155
1837	3053	1.01327	0.00197155
1837	3054	1.01327	0.00197155
1837	3055	1.01327	0.00197155
1837	3056	1.01327	0.00197155
1837	3057	1.01327	0.00197155
1837	3058	1.01327	0.00197155
1837	3059	1.01327	0.00197155
1837	3060	1.01327	0.00197155
1837	3061	1.01327	0.00197155
1837	3062	1.01327	0.00197155
1837	3063	1.01327	0.00197155
1837	3064	1.01327	0.00197155
1837	3065	1.01327	0.00197155
1837	3066	1.01327	0.00197155
1837	3067	1.01327	0.00197155
1837	3068	1.01327	0.00197155
1837	3069	1.01327	0.00197155
1837	3070	1.01327	0.00197155
1837	3071	1.01327	0.00197155
1837	3072	1.01327	0.00197155
1837	3073	1.01327	0.00197155
1837	3074	1.01327	0.00197155
1837	3075	1.01327	0.00197155
1837	3076	1.01327	0.00197155
1837	3077	1.01327	0.00197155
1837	3078	1.01327	0.00197155
1837	3079	1.01327	0.00197155
1837	3080	1.01327	0.00197155
1837	3081	1.01327	0.00197155
1837	3082	1.01327	0.00197155
1837	3083	1.01327	0.00197155
1837	3084	1.01327	0.00197155
1837	3085	1.01327	0.00197155
1837	3086	1.01327	0.00197155
1837	3087	1.01327	0.00197155
1837	3088	1.01327	0.00197155
1837	3089	1.01327	0.00197155
1837	3090	1.01327	0.00197155
1837	3091	1.01327	0.00197155
1837	3092	1.01327	0.00197155
1837	3093	1.01327	0.00197155
1837	3094	1.01327	0.00197155
1837	3095	1.01327	0.00197155
1837	3096	1.01327	0.00197155
1837	3097	1.01327	0.00197155
1837	3098	1.01327	0.00197155
1837	3099	1.01327	0.00197155
1837	3100	1.01327	0.00197155
1837	3101	1.01327	0.00197155
1837	3102	1.01327	0.00197155
1837	3103	1.01327	0.00197155
1837	3104	1.01327	0.00197155
1837	3105	1.01327	0.00197155
1837	3106	1.01327	0.00197155
1837	3107	1.01327	0.00197155
1837	3108	1.01327	0.00197155
1837	3109	1.01327	0.00197155
1837	3110	1.01327	0.00197155
1837	3111	1.01327	0.00197155
1837	3112	1.01327	0.00197155
1837	3113	1.01327	0.00197155
1837	3114	1.01327	0.00197155
1837	3115	1.01327	0.00197155
1837	3116	1.01327	0.00197155
1837	3117	1.01327	0.00197155
1837	3118	1.01327	0.00197155
1837	3119	1.01327	0.00197155
1837	3120	1.01327	0.00197155
1837	3121	1.01327	0.00197155
1837	3122	1.01327	0.00197155
1837	3123	1.01327	0.00197155
1837	3124	1.01327	0.00197155
1837	3125	1.01327	0.00197155
1837	3126	1.01327	0.00197155
1837	3127	1.01327	0.00197155
1837	3128	1.01327	0.00197155
1837	3129	1.01327	0.00197155
1837	3130	1.01327	0.00197155
1837	3131	1.01327	0.00197155
1837	3132	1.01327	0.00197155
1837	3133	1.01327	0.00197155
1837	3134	1.01327	0.00197155
1837	3135	1.01327	0.00197155
1837	3136	1.01327	0.00197155
1837	3137	1.01327	0.00197155
1837	3138	1.01327	0.00197155
1837	3139	1.01327	0.00197155
1837	3140	1.01327	0.00197155
1837	3141	1.01327	0.00197155
1837	3142	1.01327	0.00197155
1837	3143	1.01327	0.00197155
1837	3144	1.01327	0.00197155
1837	3145	1.01327	0.00197155
1837	3146	1.01327	0.00197155
1837	3147	1.01327	0.00197155
1837	3148	1.01327	0.00197155
1837	3149	1.01327	0.00197155
1837	3150	1.01327	0.00197155
1837	3151	1.01327	0.00197155
1837	3152	1.01327	0.00197155
1837	3153	1.01327	0.00197155
1837	3154	1.01327	0.00197155
1837	3155	1.01327	0.00197155
1837	3156	1.01327	0.00197155
1837	3157	1.01327	0.00197155
1837	3158	1.01327	0.00197155
1837	3159	1.01327	0.00197155
1837	3160	1.01327	0.00197155
1837	3161	1.01327	0.00197155
1837	3162	1.01327	0.00197155
1837	3163	1.01327	0.00197155
1837	3164	1.01327	0.00197155
1837	3165	1.01327	0.00197155
1837	3166	1.01327	0.00197155
1837	3167	1.01327	0.00197155
1837	3168	1.01327	0.00197155
1837	3169	1.01327	0.00197155
1837	3170	1.01327	0.00197155
1837	3171	1.01327	0.00197155
1837	3172	1.01327	0.00197155
1837	3173	1.01327	0.00197155
1837	3174	1.01327	0.00197155
1837	3175	1.01327	0.00197155
1837	3176	1.01327	0.00197155
1837	3177	1.01327	0.00197155
1837	3178	1.01327	0.00197155
1837	3179	1.01327	0.00197155
1837	3180	1.01327	0.00197155
1837	3181	1.01327	0.00197155
1837	3182	1.01327	0.00197155
1837	3183	1.01327	0.00197155
1837	3184	1.01327	0.00197155
1837	3185	1.01327	0.00197155
1837	3186	1.01327	0.00197155
1837	3187	1.01327	0.00197155
1837	3188	1.01327	0.00197155
1837	3189	1.01327	0.00197155
1837	3190	1.01327	0.00197155
1837	3191	1.01327	0.00197155
1837	3192	1.01327	0.00197155
1837	3193	1.01327	0.00197155
1837	3194	1.01327	0.00197155
1837	3195	1.01327	0.00197155
1837	3196	1.01327	0.00197155
1837	3197	1.01327	0.00197155
1837	3198	1.01327	0.00197155
1837	3199	1.01327	0.00197155
1837	3200	1.01327	0.00197155
1837	3201	1.01327	0.00197155
1837	3202	1.01327	0.00197155
1837	3203	1.01327	0.00197155
1837	3204	1.01327	0.00197155
1837	3205	1.01327	0.00197155
1837	3206	1.01327	0.00197155
1837	3207	1.01327	0.00197155
1837	3208	1.01327	0.00197155
1837	3209	1.01327	0.00197155
1837	3210	1.01327	0.00197155
1837	3211	1.01327	0.00197155
1837	3212	1.01327	0.00197155
1837	3213	1.01327	0.00197155
1837	3214	1.01327	0.00197155
1837	3215	1.01327	0.00197155
1837	3216	1.01327	0.00197155
1837	3217	1.01327	0.00197155
1837	3218	1.01327	0.00197155
1837	3219	1.01327	0.00197155
1837	3220	1.01327	0.00197155
1837	3221	1.01327	0.00197155
1837	3222	1.01327	0.00197155
1837	3223	1.01327	0.00197155
1837	3224	1.01327	0.00197155
1837	3225	1.01327	0.00197155
1837	3226	1.01327	0.00197155
1837	3227	1.01327	0.00197155
1837	3228	1.01327	0.00197155
1837	3229	1.01327	0.00197155
1837	3230	1.01327	0.00197155
1837	3231	1.01327	0.00197155
1837	3232	1.01327	0.00197155
1837	3233	1.01327	0.00197155
1837	3234	1.01327	0.00197155
1837	3235	1.01327	0.00197155
1837	3236	1.01327	0.00197155
1837	3237	1.01327	0.00197155
1837	3238	1.01327	0.00197155
1837	3239	1.01327	0.00197155
1837	3240	1.01327	0.00197155
1837	3241	1.01327	0.00197155
1837	3242	1.01327	0.00197155
1837	3243	1.01327	0.00197155
1837	3244	1.01327	0.00197155
1837	3245	1.01327	0.00197155
1837	3246	1.01327	0.00197155
1837	3247	1.01327	0.00197155
1837	3248	1.01327	0.00197155
1837	3249	1.01327	0.00197155
1837	3250	1.01327	0.00197155
1837	3251	1.01327	0.00197155
1837	3252	1.01327	0.00197155
1837	3253	1.01327	0.00197155
1837	3254	1.01327	0.00197155
1837	3255	1.01327	0.00197155
1837	3256	1.01327	0.00197155
1837	3257	1.01327	0.00197155
1837	3258	1.01327	0.00197155
1837	3259	1.01327	0.00197155
1837	3260	1.01327	0.00197155
1837	3261	1.01327	0.00197155
1837	3262	1.01327	0.00197155
1837	3263	1.01327	0.00197155
1837	3264	1.01327	0.00197155
1837	3265	1.01327	0.00197155
1837	3266	1.01327	0.00197155
1837	3267	1.01327	0.00197155
1837	3268	1.01327	0.00197155
1837	3269	1.01327	0.00197155
