1642	0	1.00444	0.00188506
1642	1	1.00444	0.00188506
1642	2	1.00444	0.00188506
1642	3	1.00444	0.00188506
1642	4	1.00444	0.00188506
1642	5	1.00444	0.00188506
1642	6	1.00444	0.00188506
1642	7	1.00444	0.00188506
1642	8	1.00444	0.00188506
1642	9	1.00444	0.00188506
1642	10	1.00444	0.00188506
1642	11	1.00444	0.00188506
1642	12	1.00444	0.00188506
1642	13	1.00444	0.00188506
1642	14	1.00444	0.00188506
1642	15	1.00444	0.00188506
1642	16	1.00444	0.00188506
1642	17	1.00444	0.00188506
1642	18	1.00444	0.00188506
1642	19	1.00444	0.00188506
1642	20	1.00444	0.00188506
1642	21	1.00444	0.00188506
1642	22	1.00444	0.00188506
1642	23	1.00444	0.00188506
1642	24	1.00444	0.00188506
1642	25	1.00444	0.00188506
1642	26	1.00444	0.00188506
1642	27	1.00444	0.00188506
1642	28	1.00444	0.00188506
1642	29	1.00444	0.00188506
1642	30	1.00444	0.00188506
1642	31	1.00444	0.00188506
1642	32	1.00444	0.00188506
1642	33	1.00444	0.00188506
1642	34	1.00444	0.00188506
1642	35	1.00444	0.00188506
1642	36	1.00444	0.00188506
1642	37	1.00444	0.00188506
1642	38	1.00444	0.00188506
1642	39	1.00444	0.00188506
1642	40	1.00444	0.00188506
1642	41	1.00444	0.00188506
1642	42	1.00444	0.00188506
1642	43	1.00444	0.00188506
1642	44	1.00444	0.00188506
1642	45	1.00444	0.00188506
1642	46	1.00444	0.00188506
1642	47	1.00444	0.00188506
1642	48	1.00444	0.00188506
1642	49	1.00444	0.00188506
1642	50	1.00444	0.00188506
1642	51	1.00444	0.00188506
1642	52	1.00444	0.00188506
1642	53	1.00444	0.00188506
1642	54	1.00444	0.00188506
1642	55	1.00444	0.00188506
1642	56	1.00444	0.00188506
1642	57	1.00444	0.00188506
1642	58	1.00444	0.00188506
1642	59	1.00444	0.00188506
1642	60	1.00444	0.00188506
1642	61	1.00444	0.00188506
1642	62	1.00444	0.00188506
1642	63	1.00444	0.00188506
1642	64	1.00444	0.00188506
1642	65	1.00444	0.00188506
1642	66	1.00444	0.00188506
1642	67	1.00444	0.00188506
1642	68	1.00444	0.00188506
1642	69	1.00444	0.00188506
1642	70	1.00444	0.00188506
1642	71	1.00444	0.00188506
1642	72	1.00444	0.00188506
1642	73	1.00444	0.00188506
1642	74	1.00444	0.00188506
1642	75	1.00444	0.00188506
1642	76	1.00444	0.00188506
1642	77	1.00444	0.00188506
1642	78	1.00444	0.00188506
1642	79	1.00444	0.00188506
1642	80	1.00444	0.00188506
1642	81	1.00444	0.00188506
1642	82	1.00444	0.00188506
1642	83	1.00444	0.00188506
1642	84	1.00444	0.00188506
1642	85	1.00444	0.00188506
1642	86	1.00444	0.00188506
1642	87	1.00444	0.00188506
1642	88	1.00444	0.00188506
1642	89	1.00444	0.00188506
1642	90	1.00444	0.00188506
1642	91	1.00444	0.00188506
1642	92	1.00444	0.00188506
1642	93	1.00444	0.00188506
1642	94	1.00444	0.00188506
1642	95	1.00444	0.00188506
1642	96	1.00444	0.00188506
1642	97	1.00444	0.00188506
1642	98	1.00444	0.00188506
1642	99	1.00444	0.00188506
1642	100	1.00444	0.00188506
1642	101	1.00444	0.00188506
1642	102	1.00444	0.00188506
1642	103	1.00444	0.00188506
1642	104	1.00444	0.00188506
1642	105	1.00444	0.00188506
1642	106	1.00444	0.00188506
1642	107	1.00444	0.00188506
1642	108	1.00444	0.00188506
1642	109	1.00444	0.00188506
1642	110	1.00444	0.00188506
1642	111	1.00444	0.00188506
1642	112	1.00444	0.00188506
1642	113	1.00444	0.00188506
1642	114	1.00444	0.00188506
1642	115	1.00444	0.00188506
1642	116	1.00444	0.00188506
1642	117	1.00444	0.00188506
1642	118	1.00444	0.00188506
1642	119	1.00444	0.00188506
1642	120	1.00444	0.00188506
1642	121	1.00444	0.00188506
1642	122	1.00444	0.00188506
1642	123	1.00444	0.00188506
1642	124	1.00444	0.00188506
1642	125	1.00444	0.00188506
1642	126	1.00444	0.00188506
1642	127	1.00444	0.00188506
1642	128	1.00444	0.00188506
1642	129	1.00444	0.00188506
1642	130	1.00444	0.00188506
1642	131	1.00444	0.00188506
1642	132	1.00444	0.00188506
1642	133	1.00444	0.00188506
1642	134	1.00444	0.00188506
1642	135	1.00444	0.00188506
1642	136	1.00444	0.00188506
1642	137	1.00444	0.00188506
1642	138	1.00444	0.00188506
1642	139	1.00444	0.00188506
1642	140	1.00444	0.00188506
1642	141	1.00444	0.00188506
1642	142	1.00444	0.00188506
1642	143	1.00444	0.00188506
1642	144	1.00444	0.00188506
1642	145	1.00444	0.00188506
1642	146	1.00444	0.00188506
1642	147	1.00444	0.00188506
1642	148	1.00444	0.00188506
1642	149	1.00444	0.00188506
1642	150	1.00444	0.00188506
1642	151	1.00444	0.00188506
1642	152	1.00444	0.00188506
1642	153	1.00444	0.00188506
1642	154	1.00444	0.00188506
1642	155	1.00444	0.00188506
1642	156	1.00444	0.00188506
1642	157	1.00444	0.00188506
1642	158	1.00444	0.00188506
1642	159	1.00444	0.00188506
1642	160	1.00444	0.00188506
1642	161	1.00444	0.00188506
1642	162	1.00444	0.00188506
1642	163	1.00444	0.00188506
1642	164	1.00444	0.00188506
1642	165	1.00444	0.00188506
1642	166	1.00444	0.00188506
1642	167	1.00444	0.00188506
1642	168	1.00444	0.00188506
1642	169	1.00444	0.00188506
1642	170	1.00444	0.00188506
1642	171	1.00444	0.00188506
1642	172	1.00444	0.00188506
1642	173	1.00444	0.00188506
1642	174	1.00444	0.00188506
1642	175	1.00444	0.00188506
1642	176	1.00444	0.00188506
1642	177	1.00444	0.00188506
1642	178	1.00444	0.00188506
1642	179	1.00444	0.00188506
1642	180	1.00444	0.00188506
1642	181	1.00444	0.00188506
1642	182	1.00444	0.00188506
1642	183	1.00444	0.00188506
1642	184	1.00444	0.00188506
1642	185	1.00444	0.00188506
1642	186	1.00444	0.00188506
1642	187	1.00444	0.00188506
1642	188	1.00444	0.00188506
1642	189	1.00444	0.00188506
1642	190	1.00444	0.00188506
1642	191	1.00444	0.00188506
1642	192	1.00444	0.00188506
1642	193	1.00444	0.00188506
1642	194	1.00444	0.00188506
1642	195	1.00444	0.00188506
1642	196	1.00444	0.00188506
1642	197	1.00444	0.00188506
1642	198	1.00444	0.00188506
1642	199	1.00444	0.00188506
1642	200	1.00444	0.00188506
1642	201	1.00444	0.00188506
1642	202	1.00444	0.00188506
1642	203	1.00444	0.00188506
1642	204	1.00444	0.00188506
1642	205	1.00444	0.00188506
1642	206	1.00444	0.00188506
1642	207	1.00444	0.00188506
1642	208	1.00444	0.00188506
1642	209	1.00444	0.00188506
1642	210	1.00444	0.00188506
1642	211	1.00444	0.00188506
1642	212	1.00444	0.00188506
1642	213	1.00444	0.00188506
1642	214	1.00444	0.00188506
1642	215	1.00444	0.00188506
1642	216	1.00444	0.00188506
1642	217	1.00444	0.00188506
1642	218	1.00444	0.00188506
1642	219	1.00444	0.00188506
1642	220	1.00444	0.00188506
1642	221	1.00444	0.00188506
1642	222	1.00444	0.00188506
1642	223	1.00444	0.00188506
1642	224	1.00444	0.00188506
1642	225	1.00444	0.00188506
1642	226	1.00444	0.00188506
1642	227	1.00444	0.00188506
1642	228	1.00444	0.00188506
1642	229	1.00444	0.00188506
