1932	0	1.01983	0.00195643
1932	1	1.01983	0.00195643
1932	2	1.01983	0.00195643
1932	3	1.01983	0.00195643
1932	4	1.01983	0.00195643
1932	5	1.01983	0.00195643
1932	6	1.01983	0.00195643
1932	7	1.01983	0.00195643
1932	8	1.01983	0.00195643
1932	9	1.01983	0.00195643
1932	10	1.01983	0.00195643
1932	11	1.01983	0.00195643
1932	12	1.01983	0.00195643
1932	13	1.01983	0.00195643
1932	14	1.01983	0.00195643
1932	15	1.01983	0.00195643
1932	16	1.01983	0.00195643
1932	17	1.01983	0.00195643
1932	18	1.01983	0.00195643
1932	19	1.01983	0.00195643
1932	20	1.01983	0.00195643
1932	21	1.01983	0.00195643
1932	22	1.01983	0.00195643
1932	23	1.01983	0.00195643
1932	24	1.01983	0.00195643
1932	25	1.01983	0.00195643
1932	26	1.01983	0.00195643
1932	27	1.01983	0.00195643
1932	28	1.01983	0.00195643
1932	29	1.01983	0.00195643
1932	30	1.01983	0.00195643
1932	31	1.01983	0.00195643
1932	32	1.01983	0.00195643
1932	33	1.01983	0.00195643
1932	34	1.01983	0.00195643
1932	35	1.01983	0.00195643
1932	36	1.01983	0.00195643
1932	37	1.01983	0.00195643
1932	38	1.01983	0.00195643
1932	39	1.01983	0.00195643
1932	40	1.01983	0.00195643
1932	41	1.01983	0.00195643
1932	42	1.01983	0.00195643
1932	43	1.01983	0.00195643
1932	44	1.01983	0.00195643
1932	45	1.01983	0.00195643
1932	46	1.01983	0.00195643
1932	47	1.01983	0.00195643
1932	48	1.01983	0.00195643
1932	49	1.01983	0.00195643
1932	50	1.01983	0.00195643
1932	51	1.01983	0.00195643
1932	52	1.01983	0.00195643
1932	53	1.01983	0.00195643
1932	54	1.01983	0.00195643
1932	55	1.01983	0.00195643
1932	56	1.01983	0.00195643
1932	57	1.01983	0.00195643
1932	58	1.01983	0.00195643
1932	59	1.01983	0.00195643
1932	60	1.01983	0.00195643
1932	61	1.01983	0.00195643
1932	62	1.01983	0.00195643
1932	63	1.01983	0.00195643
1932	64	1.01983	0.00195643
1932	65	1.01983	0.00195643
1932	66	1.01983	0.00195643
1932	67	1.01983	0.00195643
1932	68	1.01983	0.00195643
1932	69	1.01983	0.00195643
1932	70	1.01983	0.00195643
1932	71	1.01983	0.00195643
1932	72	1.01983	0.00195643
1932	73	1.01983	0.00195643
1932	74	1.01983	0.00195643
1932	75	1.01983	0.00195643
1932	76	1.01983	0.00195643
1932	77	1.01983	0.00195643
1932	78	1.01983	0.00195643
1932	79	1.01983	0.00195643
1932	80	1.01983	0.00195643
1932	81	1.01983	0.00195643
1932	82	1.01983	0.00195643
1932	83	1.01983	0.00195643
1932	84	1.01983	0.00195643
1932	85	1.01983	0.00195643
1932	86	1.01983	0.00195643
1932	87	1.01983	0.00195643
1932	88	1.01983	0.00195643
1932	89	1.01983	0.00195643
1932	90	1.01983	0.00195643
1932	91	1.01983	0.00195643
1932	92	1.01983	0.00195643
1932	93	1.01983	0.00195643
1932	94	1.01983	0.00195643
1932	95	1.01983	0.00195643
1932	96	1.01983	0.00195643
1932	97	1.01983	0.00195643
1932	98	1.01983	0.00195643
1932	99	1.01983	0.00195643
1932	100	1.01983	0.00195643
1932	101	1.01983	0.00195643
1932	102	1.01983	0.00195643
1932	103	1.01983	0.00195643
1932	104	1.01983	0.00195643
1932	105	1.01983	0.00195643
1932	106	1.01983	0.00195643
1932	107	1.01983	0.00195643
1932	108	1.01983	0.00195643
1932	109	1.01983	0.00195643
1932	110	1.01983	0.00195643
1932	111	1.01983	0.00195643
1932	112	1.01983	0.00195643
1932	113	1.01983	0.00195643
1932	114	1.01983	0.00195643
1932	115	1.01983	0.00195643
1932	116	1.01983	0.00195643
1932	117	1.01983	0.00195643
1932	118	1.01983	0.00195643
1932	119	1.01983	0.00195643
1932	120	1.01983	0.00195643
1932	121	1.01983	0.00195643
1932	122	1.01983	0.00195643
1932	123	1.01983	0.00195643
1932	124	1.01983	0.00195643
1932	125	1.01983	0.00195643
1932	126	1.01983	0.00195643
1932	127	1.01983	0.00195643
1932	128	1.01983	0.00195643
1932	129	1.01983	0.00195643
1932	130	1.01983	0.00195643
1932	131	1.01983	0.00195643
1932	132	1.01983	0.00195643
1932	133	1.01983	0.00195643
1932	134	1.01983	0.00195643
1932	135	1.01983	0.00195643
1932	136	1.01983	0.00195643
1932	137	1.01983	0.00195643
1932	138	1.01983	0.00195643
1932	139	1.01983	0.00195643
1932	140	1.01983	0.00195643
1932	141	1.01983	0.00195643
1932	142	1.01983	0.00195643
1932	143	1.01983	0.00195643
1932	144	1.01983	0.00195643
1932	145	1.01983	0.00195643
1932	146	1.01983	0.00195643
1932	147	1.01983	0.00195643
1932	148	1.01983	0.00195643
1932	149	1.01983	0.00195643
1932	150	1.01983	0.00195643
1932	151	1.01983	0.00195643
1932	152	1.01983	0.00195643
1932	153	1.01983	0.00195643
1932	154	1.01983	0.00195643
1932	155	1.01983	0.00195643
1932	156	1.01983	0.00195643
1932	157	1.01983	0.00195643
1932	158	1.01983	0.00195643
1932	159	1.01983	0.00195643
1932	160	1.01983	0.00195643
1932	161	1.01983	0.00195643
1932	162	1.01983	0.00195643
1932	163	1.01983	0.00195643
1932	164	1.01983	0.00195643
1932	165	1.01983	0.00195643
1932	166	1.01983	0.00195643
1932	167	1.01983	0.00195643
1932	168	1.01983	0.00195643
1932	169	1.01983	0.00195643
1932	170	1.01983	0.00195643
1932	171	1.01983	0.00195643
1932	172	1.01983	0.00195643
1932	173	1.01983	0.00195643
1932	174	1.01983	0.00195643
1932	175	1.01983	0.00195643
1932	176	1.01983	0.00195643
1932	177	1.01983	0.00195643
1932	178	1.01983	0.00195643
1932	179	1.01983	0.00195643
1932	180	1.01983	0.00195643
1932	181	1.01983	0.00195643
1932	182	1.01983	0.00195643
1932	183	1.01983	0.00195643
1932	184	1.01983	0.00195643
1932	185	1.01983	0.00195643
1932	186	1.01983	0.00195643
1932	187	1.01983	0.00195643
1932	188	1.01983	0.00195643
1932	189	1.01983	0.00195643
1932	190	1.01983	0.00195643
1932	191	1.01983	0.00195643
1932	192	1.01983	0.00195643
1932	193	1.01983	0.00195643
1932	194	1.01983	0.00195643
1932	195	1.01983	0.00195643
1932	196	1.01983	0.00195643
1932	197	1.01983	0.00195643
1932	198	1.01983	0.00195643
1932	199	1.01983	0.00195643
1932	200	1.01983	0.00195643
1932	201	1.01983	0.00195643
1932	202	1.01983	0.00195643
1932	203	1.01983	0.00195643
1932	204	1.01983	0.00195643
1932	205	1.01983	0.00195643
1932	206	1.01983	0.00195643
1932	207	1.01983	0.00195643
1932	208	1.01983	0.00195643
1932	209	1.01983	0.00195643
1932	210	1.01983	0.00195643
1932	211	1.01983	0.00195643
1932	212	1.01983	0.00195643
1932	213	1.01983	0.00195643
1932	214	1.01983	0.00195643
1932	215	1.01983	0.00195643
1932	216	1.01983	0.00195643
1932	217	1.01983	0.00195643
1932	218	1.01983	0.00195643
1932	219	1.01983	0.00195643
1932	220	1.01983	0.00195643
1932	221	1.01983	0.00195643
1932	222	1.01983	0.00195643
1932	223	1.01983	0.00195643
1932	224	1.01983	0.00195643
1932	225	1.01983	0.00195643
1932	226	1.01983	0.00195643
1932	227	1.01983	0.00195643
1932	228	1.01983	0.00195643
1932	229	1.01983	0.00195643
1932	230	1.01983	0.00195643
1932	231	1.01983	0.00195643
1932	232	1.01983	0.00195643
1932	233	1.01983	0.00195643
1932	234	1.01983	0.00195643
1932	235	1.01983	0.00195643
1932	236	1.01983	0.00195643
1932	237	1.01983	0.00195643
1932	238	1.01983	0.00195643
1932	239	1.01983	0.00195643
1932	240	1.01983	0.00195643
1932	241	1.01983	0.00195643
1932	242	1.01983	0.00195643
1932	243	1.01983	0.00195643
1932	244	1.01983	0.00195643
1932	245	1.01983	0.00195643
1932	246	1.01983	0.00195643
1932	247	1.01983	0.00195643
1932	248	1.01983	0.00195643
1932	249	1.01983	0.00195643
1932	250	1.01983	0.00195643
1932	251	1.01983	0.00195643
1932	252	1.01983	0.00195643
1932	253	1.01983	0.00195643
1932	254	1.01983	0.00195643
1932	255	1.01983	0.00195643
1932	256	1.01983	0.00195643
1932	257	1.01983	0.00195643
1932	258	1.01983	0.00195643
1932	259	1.01983	0.00195643
1932	260	1.01983	0.00195643
1932	261	1.01983	0.00195643
1932	262	1.01983	0.00195643
1932	263	1.01983	0.00195643
1932	264	1.01983	0.00195643
1932	265	1.01983	0.00195643
1932	266	1.01983	0.00195643
1932	267	1.01983	0.00195643
1932	268	1.01983	0.00195643
1932	269	1.01983	0.00195643
1932	270	1.01983	0.00195643
1932	271	1.01983	0.00195643
1932	272	1.01983	0.00195643
1932	273	1.01983	0.00195643
1932	274	1.01983	0.00195643
1932	275	1.01983	0.00195643
1932	276	1.01983	0.00195643
1932	277	1.01983	0.00195643
1932	278	1.01983	0.00195643
1932	279	1.01983	0.00195643
1932	280	1.01983	0.00195643
1932	281	1.01983	0.00195643
1932	282	1.01983	0.00195643
1932	283	1.01983	0.00195643
1932	284	1.01983	0.00195643
1932	285	1.01983	0.00195643
1932	286	1.01983	0.00195643
1932	287	1.01983	0.00195643
1932	288	1.01983	0.00195643
1932	289	1.01983	0.00195643
1932	290	1.01983	0.00195643
1932	291	1.01983	0.00195643
1932	292	1.01983	0.00195643
1932	293	1.01983	0.00195643
1932	294	1.01983	0.00195643
1932	295	1.01983	0.00195643
1932	296	1.01983	0.00195643
1932	297	1.01983	0.00195643
1932	298	1.01983	0.00195643
1932	299	1.01983	0.00195643
1932	300	1.01983	0.00195643
1932	301	1.01983	0.00195643
1932	302	1.01983	0.00195643
1932	303	1.01983	0.00195643
1932	304	1.01983	0.00195643
1932	305	1.01983	0.00195643
1932	306	1.01983	0.00195643
1932	307	1.01983	0.00195643
1932	308	1.01983	0.00195643
1932	309	1.01983	0.00195643
1932	310	1.01983	0.00195643
1932	311	1.01983	0.00195643
1932	312	1.01983	0.00195643
1932	313	1.01983	0.00195643
1932	314	1.01983	0.00195643
1932	315	1.01983	0.00195643
1932	316	1.01983	0.00195643
1932	317	1.01983	0.00195643
1932	318	1.01983	0.00195643
1932	319	1.01983	0.00195643
1932	320	1.01983	0.00195643
1932	321	1.01983	0.00195643
1932	322	1.01983	0.00195643
1932	323	1.01983	0.00195643
1932	324	1.01983	0.00195643
1932	325	1.01983	0.00195643
1932	326	1.01983	0.00195643
1932	327	1.01983	0.00195643
1932	328	1.01983	0.00195643
1932	329	1.01983	0.00195643
1932	330	1.01983	0.00195643
1932	331	1.01983	0.00195643
1932	332	1.01983	0.00195643
1932	333	1.01983	0.00195643
1932	334	1.01983	0.00195643
1932	335	1.01983	0.00195643
1932	336	1.01983	0.00195643
1932	337	1.01983	0.00195643
1932	338	1.01983	0.00195643
1932	339	1.01983	0.00195643
1932	340	1.01983	0.00195643
1932	341	1.01983	0.00195643
1932	342	1.01983	0.00195643
1932	343	1.01983	0.00195643
1932	344	1.01983	0.00195643
1932	345	1.01983	0.00195643
1932	346	1.01983	0.00195643
1932	347	1.01983	0.00195643
1932	348	1.01983	0.00195643
1932	349	1.01983	0.00195643
1932	350	1.01983	0.00195643
1932	351	1.01983	0.00195643
1932	352	1.01983	0.00195643
1932	353	1.01983	0.00195643
1932	354	1.01983	0.00195643
1932	355	1.01983	0.00195643
1932	356	1.01983	0.00195643
1932	357	1.01983	0.00195643
1932	358	1.01983	0.00195643
1932	359	1.01983	0.00195643
1932	360	1.01983	0.00195643
1932	361	1.01983	0.00195643
1932	362	1.01983	0.00195643
1932	363	1.01983	0.00195643
1932	364	1.01983	0.00195643
1932	365	1.01983	0.00195643
1932	366	1.01983	0.00195643
1932	367	1.01983	0.00195643
1932	368	1.01983	0.00195643
1932	369	1.01983	0.00195643
1932	370	1.01983	0.00195643
1932	371	1.01983	0.00195643
1932	372	1.01983	0.00195643
1932	373	1.01983	0.00195643
1932	374	1.01983	0.00195643
1932	375	1.01983	0.00195643
1932	376	1.01983	0.00195643
1932	377	1.01983	0.00195643
1932	378	1.01983	0.00195643
1932	379	1.01983	0.00195643
1932	380	1.01983	0.00195643
1932	381	1.01983	0.00195643
1932	382	1.01983	0.00195643
1932	383	1.01983	0.00195643
1932	384	1.01983	0.00195643
1932	385	1.01983	0.00195643
1932	386	1.01983	0.00195643
1932	387	1.01983	0.00195643
1932	388	1.01983	0.00195643
1932	389	1.01983	0.00195643
1932	390	1.01983	0.00195643
1932	391	1.01983	0.00195643
1932	392	1.01983	0.00195643
1932	393	1.01983	0.00195643
1932	394	1.01983	0.00195643
1932	395	1.01983	0.00195643
1932	396	1.01983	0.00195643
1932	397	1.01983	0.00195643
1932	398	1.01983	0.00195643
1932	399	1.01983	0.00195643
1932	400	1.01983	0.00195643
1932	401	1.01983	0.00195643
1932	402	1.01983	0.00195643
1932	403	1.01983	0.00195643
1932	404	1.01983	0.00195643
1932	405	1.01983	0.00195643
1932	406	1.01983	0.00195643
1932	407	1.01983	0.00195643
1932	408	1.01983	0.00195643
1932	409	1.01983	0.00195643
1932	410	1.01983	0.00195643
1932	411	1.01983	0.00195643
1932	412	1.01983	0.00195643
1932	413	1.01983	0.00195643
1932	414	1.01983	0.00195643
1932	415	1.01983	0.00195643
1932	416	1.01983	0.00195643
1932	417	1.01983	0.00195643
1932	418	1.01983	0.00195643
1932	419	1.01983	0.00195643
1932	420	1.01983	0.00195643
1932	421	1.01983	0.00195643
1932	422	1.01983	0.00195643
1932	423	1.01983	0.00195643
1932	424	1.01983	0.00195643
1932	425	1.01983	0.00195643
1932	426	1.01983	0.00195643
1932	427	1.01983	0.00195643
1932	428	1.01983	0.00195643
1932	429	1.01983	0.00195643
1932	430	1.01983	0.00195643
1932	431	1.01983	0.00195643
1932	432	1.01983	0.00195643
1932	433	1.01983	0.00195643
1932	434	1.01983	0.00195643
1932	435	1.01983	0.00195643
1932	436	1.01983	0.00195643
1932	437	1.01983	0.00195643
1932	438	1.01983	0.00195643
1932	439	1.01983	0.00195643
1932	440	1.01983	0.00195643
1932	441	1.01983	0.00195643
1932	442	1.01983	0.00195643
1932	443	1.01983	0.00195643
1932	444	1.01983	0.00195643
1932	445	1.01983	0.00195643
1932	446	1.01983	0.00195643
1932	447	1.01983	0.00195643
1932	448	1.01983	0.00195643
1932	449	1.01983	0.00195643
1932	450	1.01983	0.00195643
1932	451	1.01983	0.00195643
1932	452	1.01983	0.00195643
1932	453	1.01983	0.00195643
1932	454	1.01983	0.00195643
1932	455	1.01983	0.00195643
1932	456	1.01983	0.00195643
1932	457	1.01983	0.00195643
1932	458	1.01983	0.00195643
1932	459	1.01983	0.00195643
1932	460	1.01983	0.00195643
1932	461	1.01983	0.00195643
1932	462	1.01983	0.00195643
1932	463	1.01983	0.00195643
1932	464	1.01983	0.00195643
1932	465	1.01983	0.00195643
1932	466	1.01983	0.00195643
1932	467	1.01983	0.00195643
1932	468	1.01983	0.00195643
1932	469	1.01983	0.00195643
1932	470	1.01983	0.00195643
1932	471	1.01983	0.00195643
1932	472	1.01983	0.00195643
1932	473	1.01983	0.00195643
1932	474	1.01983	0.00195643
1932	475	1.01983	0.00195643
1932	476	1.01983	0.00195643
1932	477	1.01983	0.00195643
1932	478	1.01983	0.00195643
1932	479	1.01983	0.00195643
1932	480	1.01983	0.00195643
1932	481	1.01983	0.00195643
1932	482	1.01983	0.00195643
1932	483	1.01983	0.00195643
1932	484	1.01983	0.00195643
1932	485	1.01983	0.00195643
1932	486	1.01983	0.00195643
1932	487	1.01983	0.00195643
1932	488	1.01983	0.00195643
1932	489	1.01983	0.00195643
1932	490	1.01983	0.00195643
1932	491	1.01983	0.00195643
1932	492	1.01983	0.00195643
1932	493	1.01983	0.00195643
1932	494	1.01983	0.00195643
1932	495	1.01983	0.00195643
1932	496	1.01983	0.00195643
1932	497	1.01983	0.00195643
1932	498	1.01983	0.00195643
1932	499	1.01983	0.00195643
1932	500	1.01983	0.00195643
1932	501	1.01983	0.00195643
1932	502	1.01983	0.00195643
1932	503	1.01983	0.00195643
1932	504	1.01983	0.00195643
1932	505	1.01983	0.00195643
1932	506	1.01983	0.00195643
1932	507	1.01983	0.00195643
1932	508	1.01983	0.00195643
1932	509	1.01983	0.00195643
1932	510	1.01983	0.00195643
1932	511	1.01983	0.00195643
1932	512	1.01983	0.00195643
1932	513	1.01983	0.00195643
1932	514	1.01983	0.00195643
1932	515	1.01983	0.00195643
1932	516	1.01983	0.00195643
1932	517	1.01983	0.00195643
1932	518	1.01983	0.00195643
1932	519	1.01983	0.00195643
1932	520	1.01983	0.00195643
1932	521	1.01983	0.00195643
1932	522	1.01983	0.00195643
1932	523	1.01983	0.00195643
1932	524	1.01983	0.00195643
1932	525	1.01983	0.00195643
1932	526	1.01983	0.00195643
1932	527	1.01983	0.00195643
1932	528	1.01983	0.00195643
1932	529	1.01983	0.00195643
1932	530	1.01983	0.00195643
1932	531	1.01983	0.00195643
1932	532	1.01983	0.00195643
1932	533	1.01983	0.00195643
1932	534	1.01983	0.00195643
1932	535	1.01983	0.00195643
1932	536	1.01983	0.00195643
1932	537	1.01983	0.00195643
1932	538	1.01983	0.00195643
1932	539	1.01983	0.00195643
1932	540	1.01983	0.00195643
1932	541	1.01983	0.00195643
1932	542	1.01983	0.00195643
1932	543	1.01983	0.00195643
1932	544	1.01983	0.00195643
1932	545	1.01983	0.00195643
1932	546	1.01983	0.00195643
1932	547	1.01983	0.00195643
1932	548	1.01983	0.00195643
1932	549	1.01983	0.00195643
1932	550	1.01983	0.00195643
1932	551	1.01983	0.00195643
1932	552	1.01983	0.00195643
1932	553	1.01983	0.00195643
1932	554	1.01983	0.00195643
1932	555	1.01983	0.00195643
1932	556	1.01983	0.00195643
1932	557	1.01983	0.00195643
1932	558	1.01983	0.00195643
1932	559	1.01983	0.00195643
1932	560	1.01983	0.00195643
1932	561	1.01983	0.00195643
1932	562	1.01983	0.00195643
1932	563	1.01983	0.00195643
1932	564	1.01983	0.00195643
1932	565	1.01983	0.00195643
1932	566	1.01983	0.00195643
1932	567	1.01983	0.00195643
1932	568	1.01983	0.00195643
1932	569	1.01983	0.00195643
1932	570	1.01983	0.00195643
1932	571	1.01983	0.00195643
1932	572	1.01983	0.00195643
1932	573	1.01983	0.00195643
1932	574	1.01983	0.00195643
1932	575	1.01983	0.00195643
1932	576	1.01983	0.00195643
1932	577	1.01983	0.00195643
1932	578	1.01983	0.00195643
1932	579	1.01983	0.00195643
1932	580	1.01983	0.00195643
1932	581	1.01983	0.00195643
1932	582	1.01983	0.00195643
1932	583	1.01983	0.00195643
1932	584	1.01983	0.00195643
1932	585	1.01983	0.00195643
1932	586	1.01983	0.00195643
1932	587	1.01983	0.00195643
1932	588	1.01983	0.00195643
1932	589	1.01983	0.00195643
1932	590	1.01983	0.00195643
1932	591	1.01983	0.00195643
1932	592	1.01983	0.00195643
1932	593	1.01983	0.00195643
1932	594	1.01983	0.00195643
1932	595	1.01983	0.00195643
1932	596	1.01983	0.00195643
1932	597	1.01983	0.00195643
1932	598	1.01983	0.00195643
1932	599	1.01983	0.00195643
1932	600	1.01983	0.00195643
1932	601	1.01983	0.00195643
1932	602	1.01983	0.00195643
1932	603	1.01983	0.00195643
1932	604	1.01983	0.00195643
1932	605	1.01983	0.00195643
1932	606	1.01983	0.00195643
1932	607	1.01983	0.00195643
1932	608	1.01983	0.00195643
1932	609	1.01983	0.00195643
1932	610	1.01983	0.00195643
1932	611	1.01983	0.00195643
1932	612	1.01983	0.00195643
1932	613	1.01983	0.00195643
1932	614	1.01983	0.00195643
1932	615	1.01983	0.00195643
1932	616	1.01983	0.00195643
1932	617	1.01983	0.00195643
1932	618	1.01983	0.00195643
1932	619	1.01983	0.00195643
1932	620	1.01983	0.00195643
1932	621	1.01983	0.00195643
1932	622	1.01983	0.00195643
1932	623	1.01983	0.00195643
1932	624	1.01983	0.00195643
1932	625	1.01983	0.00195643
1932	626	1.01983	0.00195643
1932	627	1.01983	0.00195643
1932	628	1.01983	0.00195643
1932	629	1.01983	0.00195643
1932	630	1.01983	0.00195643
1932	631	1.01983	0.00195643
1932	632	1.01983	0.00195643
1932	633	1.01983	0.00195643
1932	634	1.01983	0.00195643
1932	635	1.01983	0.00195643
1932	636	1.01983	0.00195643
1932	637	1.01983	0.00195643
1932	638	1.01983	0.00195643
1932	639	1.01983	0.00195643
1932	640	1.01983	0.00195643
1932	641	1.01983	0.00195643
1932	642	1.01983	0.00195643
1932	643	1.01983	0.00195643
1932	644	1.01983	0.00195643
1932	645	1.01983	0.00195643
1932	646	1.01983	0.00195643
1932	647	1.01983	0.00195643
1932	648	1.01983	0.00195643
1932	649	1.01983	0.00195643
1932	650	1.01983	0.00195643
1932	651	1.01983	0.00195643
1932	652	1.01983	0.00195643
1932	653	1.01983	0.00195643
1932	654	1.01983	0.00195643
1932	655	1.01983	0.00195643
1932	656	1.01983	0.00195643
1932	657	1.01983	0.00195643
1932	658	1.01983	0.00195643
1932	659	1.01983	0.00195643
1932	660	1.01983	0.00195643
1932	661	1.01983	0.00195643
1932	662	1.01983	0.00195643
1932	663	1.01983	0.00195643
1932	664	1.01983	0.00195643
1932	665	1.01983	0.00195643
1932	666	1.01983	0.00195643
1932	667	1.01983	0.00195643
1932	668	1.01983	0.00195643
1932	669	1.01983	0.00195643
1932	670	1.01983	0.00195643
1932	671	1.01983	0.00195643
1932	672	1.01983	0.00195643
1932	673	1.01983	0.00195643
1932	674	1.01983	0.00195643
1932	675	1.01983	0.00195643
1932	676	1.01983	0.00195643
1932	677	1.01983	0.00195643
1932	678	1.01983	0.00195643
1932	679	1.01983	0.00195643
1932	680	1.01983	0.00195643
1932	681	1.01983	0.00195643
1932	682	1.01983	0.00195643
1932	683	1.01983	0.00195643
1932	684	1.01983	0.00195643
1932	685	1.01983	0.00195643
1932	686	1.01983	0.00195643
1932	687	1.01983	0.00195643
1932	688	1.01983	0.00195643
1932	689	1.01983	0.00195643
1932	690	1.01983	0.00195643
1932	691	1.01983	0.00195643
1932	692	1.01983	0.00195643
1932	693	1.01983	0.00195643
1932	694	1.01983	0.00195643
1932	695	1.01983	0.00195643
1932	696	1.01983	0.00195643
1932	697	1.01983	0.00195643
1932	698	1.01983	0.00195643
1932	699	1.01983	0.00195643
1932	700	1.01983	0.00195643
1932	701	1.01983	0.00195643
1932	702	1.01983	0.00195643
1932	703	1.01983	0.00195643
1932	704	1.01983	0.00195643
1932	705	1.01983	0.00195643
1932	706	1.01983	0.00195643
1932	707	1.01983	0.00195643
1932	708	1.01983	0.00195643
1932	709	1.01983	0.00195643
1932	710	1.01983	0.00195643
1932	711	1.01983	0.00195643
1932	712	1.01983	0.00195643
1932	713	1.01983	0.00195643
1932	714	1.01983	0.00195643
1932	715	1.01983	0.00195643
1932	716	1.01983	0.00195643
1932	717	1.01983	0.00195643
1932	718	1.01983	0.00195643
1932	719	1.01983	0.00195643
1932	720	1.01983	0.00195643
1932	721	1.01983	0.00195643
1932	722	1.01983	0.00195643
1932	723	1.01983	0.00195643
1932	724	1.01983	0.00195643
1932	725	1.01983	0.00195643
1932	726	1.01983	0.00195643
1932	727	1.01983	0.00195643
1932	728	1.01983	0.00195643
1932	729	1.01983	0.00195643
1932	730	1.01983	0.00195643
1932	731	1.01983	0.00195643
1932	732	1.01983	0.00195643
1932	733	1.01983	0.00195643
1932	734	1.01983	0.00195643
1932	735	1.01983	0.00195643
1932	736	1.01983	0.00195643
1932	737	1.01983	0.00195643
1932	738	1.01983	0.00195643
1932	739	1.01983	0.00195643
1932	740	1.01983	0.00195643
1932	741	1.01983	0.00195643
1932	742	1.01983	0.00195643
1932	743	1.01983	0.00195643
1932	744	1.01983	0.00195643
1932	745	1.01983	0.00195643
1932	746	1.01983	0.00195643
1932	747	1.01983	0.00195643
1932	748	1.01983	0.00195643
1932	749	1.01983	0.00195643
1932	750	1.01983	0.00195643
1932	751	1.01983	0.00195643
1932	752	1.01983	0.00195643
1932	753	1.01983	0.00195643
1932	754	1.01983	0.00195643
1932	755	1.01983	0.00195643
1932	756	1.01983	0.00195643
1932	757	1.01983	0.00195643
1932	758	1.01983	0.00195643
1932	759	1.01983	0.00195643
1932	760	1.01983	0.00195643
1932	761	1.01983	0.00195643
1932	762	1.01983	0.00195643
1932	763	1.01983	0.00195643
1932	764	1.01983	0.00195643
1932	765	1.01983	0.00195643
1932	766	1.01983	0.00195643
1932	767	1.01983	0.00195643
1932	768	1.01983	0.00195643
1932	769	1.01983	0.00195643
1932	770	1.01983	0.00195643
1932	771	1.01983	0.00195643
1932	772	1.01983	0.00195643
1932	773	1.01983	0.00195643
1932	774	1.01983	0.00195643
1932	775	1.01983	0.00195643
1932	776	1.01983	0.00195643
1932	777	1.01983	0.00195643
1932	778	1.01983	0.00195643
1932	779	1.01983	0.00195643
1932	780	1.01983	0.00195643
1932	781	1.01983	0.00195643
1932	782	1.01983	0.00195643
1932	783	1.01983	0.00195643
1932	784	1.01983	0.00195643
1932	785	1.01983	0.00195643
1932	786	1.01983	0.00195643
1932	787	1.01983	0.00195643
1932	788	1.01983	0.00195643
1932	789	1.01983	0.00195643
1932	790	1.01983	0.00195643
1932	791	1.01983	0.00195643
1932	792	1.01983	0.00195643
1932	793	1.01983	0.00195643
1932	794	1.01983	0.00195643
1932	795	1.01983	0.00195643
1932	796	1.01983	0.00195643
1932	797	1.01983	0.00195643
1932	798	1.01983	0.00195643
1932	799	1.01983	0.00195643
1932	800	1.01983	0.00195643
1932	801	1.01983	0.00195643
1932	802	1.01983	0.00195643
1932	803	1.01983	0.00195643
1932	804	1.01983	0.00195643
1932	805	1.01983	0.00195643
1932	806	1.01983	0.00195643
1932	807	1.01983	0.00195643
1932	808	1.01983	0.00195643
1932	809	1.01983	0.00195643
1932	810	1.01983	0.00195643
1932	811	1.01983	0.00195643
1932	812	1.01983	0.00195643
1932	813	1.01983	0.00195643
1932	814	1.01983	0.00195643
1932	815	1.01983	0.00195643
1932	816	1.01983	0.00195643
1932	817	1.01983	0.00195643
1932	818	1.01983	0.00195643
1932	819	1.01983	0.00195643
1932	820	1.01983	0.00195643
1932	821	1.01983	0.00195643
1932	822	1.01983	0.00195643
1932	823	1.01983	0.00195643
1932	824	1.01983	0.00195643
1932	825	1.01983	0.00195643
1932	826	1.01983	0.00195643
1932	827	1.01983	0.00195643
1932	828	1.01983	0.00195643
1932	829	1.01983	0.00195643
1932	830	1.01983	0.00195643
1932	831	1.01983	0.00195643
1932	832	1.01983	0.00195643
1932	833	1.01983	0.00195643
1932	834	1.01983	0.00195643
1932	835	1.01983	0.00195643
1932	836	1.01983	0.00195643
1932	837	1.01983	0.00195643
1932	838	1.01983	0.00195643
1932	839	1.01983	0.00195643
1932	840	1.01983	0.00195643
1932	841	1.01983	0.00195643
1932	842	1.01983	0.00195643
1932	843	1.01983	0.00195643
1932	844	1.01983	0.00195643
1932	845	1.01983	0.00195643
1932	846	1.01983	0.00195643
1932	847	1.01983	0.00195643
1932	848	1.01983	0.00195643
1932	849	1.01983	0.00195643
1932	850	1.01983	0.00195643
1932	851	1.01983	0.00195643
1932	852	1.01983	0.00195643
1932	853	1.01983	0.00195643
1932	854	1.01983	0.00195643
1932	855	1.01983	0.00195643
1932	856	1.01983	0.00195643
1932	857	1.01983	0.00195643
1932	858	1.01983	0.00195643
1932	859	1.01983	0.00195643
1932	860	1.01983	0.00195643
1932	861	1.01983	0.00195643
1932	862	1.01983	0.00195643
1932	863	1.01983	0.00195643
1932	864	1.01983	0.00195643
1932	865	1.01983	0.00195643
1932	866	1.01983	0.00195643
1932	867	1.01983	0.00195643
1932	868	1.01983	0.00195643
1932	869	1.01983	0.00195643
1932	870	1.01983	0.00195643
1932	871	1.01983	0.00195643
1932	872	1.01983	0.00195643
1932	873	1.01983	0.00195643
1932	874	1.01983	0.00195643
1932	875	1.01983	0.00195643
1932	876	1.01983	0.00195643
1932	877	1.01983	0.00195643
1932	878	1.01983	0.00195643
1932	879	1.01983	0.00195643
1932	880	1.01983	0.00195643
1932	881	1.01983	0.00195643
1932	882	1.01983	0.00195643
1932	883	1.01983	0.00195643
1932	884	1.01983	0.00195643
1932	885	1.01983	0.00195643
1932	886	1.01983	0.00195643
1932	887	1.01983	0.00195643
1932	888	1.01983	0.00195643
1932	889	1.01983	0.00195643
1932	890	1.01983	0.00195643
1932	891	1.01983	0.00195643
1932	892	1.01983	0.00195643
1932	893	1.01983	0.00195643
1932	894	1.01983	0.00195643
1932	895	1.01983	0.00195643
1932	896	1.01983	0.00195643
1932	897	1.01983	0.00195643
1932	898	1.01983	0.00195643
1932	899	1.01983	0.00195643
1932	900	1.01983	0.00195643
1932	901	1.01983	0.00195643
1932	902	1.01983	0.00195643
1932	903	1.01983	0.00195643
1932	904	1.01983	0.00195643
1932	905	1.01983	0.00195643
1932	906	1.01983	0.00195643
1932	907	1.01983	0.00195643
1932	908	1.01983	0.00195643
1932	909	1.01983	0.00195643
1932	910	1.01983	0.00195643
1932	911	1.01983	0.00195643
1932	912	1.01983	0.00195643
1932	913	1.01983	0.00195643
1932	914	1.01983	0.00195643
1932	915	1.01983	0.00195643
1932	916	1.01983	0.00195643
1932	917	1.01983	0.00195643
1932	918	1.01983	0.00195643
1932	919	1.01983	0.00195643
1932	920	1.01983	0.00195643
1932	921	1.01983	0.00195643
1932	922	1.01983	0.00195643
1932	923	1.01983	0.00195643
1932	924	1.01983	0.00195643
1932	925	1.01983	0.00195643
1932	926	1.01983	0.00195643
1932	927	1.01983	0.00195643
1932	928	1.01983	0.00195643
1932	929	1.01983	0.00195643
1932	930	1.01983	0.00195643
1932	931	1.01983	0.00195643
1932	932	1.01983	0.00195643
1932	933	1.01983	0.00195643
1932	934	1.01983	0.00195643
1932	935	1.01983	0.00195643
1932	936	1.01983	0.00195643
1932	937	1.01983	0.00195643
1932	938	1.01983	0.00195643
1932	939	1.01983	0.00195643
1932	940	1.01983	0.00195643
1932	941	1.01983	0.00195643
1932	942	1.01983	0.00195643
1932	943	1.01983	0.00195643
1932	944	1.01983	0.00195643
1932	945	1.01983	0.00195643
1932	946	1.01983	0.00195643
1932	947	1.01983	0.00195643
1932	948	1.01983	0.00195643
1932	949	1.01983	0.00195643
1932	950	1.01983	0.00195643
1932	951	1.01983	0.00195643
1932	952	1.01983	0.00195643
1932	953	1.01983	0.00195643
1932	954	1.01983	0.00195643
1932	955	1.01983	0.00195643
1932	956	1.01983	0.00195643
1932	957	1.01983	0.00195643
1932	958	1.01983	0.00195643
1932	959	1.01983	0.00195643
1932	960	1.01983	0.00195643
1932	961	1.01983	0.00195643
1932	962	1.01983	0.00195643
1932	963	1.01983	0.00195643
1932	964	1.01983	0.00195643
1932	965	1.01983	0.00195643
1932	966	1.01983	0.00195643
1932	967	1.01983	0.00195643
1932	968	1.01983	0.00195643
1932	969	1.01983	0.00195643
1932	970	1.01983	0.00195643
1932	971	1.01983	0.00195643
1932	972	1.01983	0.00195643
1932	973	1.01983	0.00195643
1932	974	1.01983	0.00195643
1932	975	1.01983	0.00195643
1932	976	1.01983	0.00195643
1932	977	1.01983	0.00195643
1932	978	1.01983	0.00195643
1932	979	1.01983	0.00195643
1932	980	1.01983	0.00195643
1932	981	1.01983	0.00195643
1932	982	1.01983	0.00195643
1932	983	1.01983	0.00195643
1932	984	1.01983	0.00195643
1932	985	1.01983	0.00195643
1932	986	1.01983	0.00195643
1932	987	1.01983	0.00195643
1932	988	1.01983	0.00195643
1932	989	1.01983	0.00195643
1932	990	1.01983	0.00195643
1932	991	1.01983	0.00195643
1932	992	1.01983	0.00195643
1932	993	1.01983	0.00195643
1932	994	1.01983	0.00195643
1932	995	1.01983	0.00195643
1932	996	1.01983	0.00195643
1932	997	1.01983	0.00195643
1932	998	1.01983	0.00195643
1932	999	1.01983	0.00195643
1932	1000	1.01983	0.00195643
1932	1001	1.01983	0.00195643
1932	1002	1.01983	0.00195643
1932	1003	1.01983	0.00195643
1932	1004	1.01983	0.00195643
1932	1005	1.01983	0.00195643
1932	1006	1.01983	0.00195643
1932	1007	1.01983	0.00195643
1932	1008	1.01983	0.00195643
1932	1009	1.01983	0.00195643
1932	1010	1.01983	0.00195643
1932	1011	1.01983	0.00195643
1932	1012	1.01983	0.00195643
1932	1013	1.01983	0.00195643
1932	1014	1.01983	0.00195643
1932	1015	1.01983	0.00195643
1932	1016	1.01983	0.00195643
1932	1017	1.01983	0.00195643
1932	1018	1.01983	0.00195643
1932	1019	1.01983	0.00195643
1932	1020	1.01983	0.00195643
1932	1021	1.01983	0.00195643
1932	1022	1.01983	0.00195643
1932	1023	1.01983	0.00195643
1932	1024	1.01983	0.00195643
1932	1025	1.01983	0.00195643
1932	1026	1.01983	0.00195643
1932	1027	1.01983	0.00195643
1932	1028	1.01983	0.00195643
1932	1029	1.01983	0.00195643
1932	1030	1.01983	0.00195643
1932	1031	1.01983	0.00195643
1932	1032	1.01983	0.00195643
1932	1033	1.01983	0.00195643
1932	1034	1.01983	0.00195643
1932	1035	1.01983	0.00195643
1932	1036	1.01983	0.00195643
1932	1037	1.01983	0.00195643
1932	1038	1.01983	0.00195643
1932	1039	1.01983	0.00195643
1932	1040	1.01983	0.00195643
1932	1041	1.01983	0.00195643
1932	1042	1.01983	0.00195643
1932	1043	1.01983	0.00195643
1932	1044	1.01983	0.00195643
1932	1045	1.01983	0.00195643
1932	1046	1.01983	0.00195643
1932	1047	1.01983	0.00195643
1932	1048	1.01983	0.00195643
1932	1049	1.01983	0.00195643
1932	1050	1.01983	0.00195643
1932	1051	1.01983	0.00195643
1932	1052	1.01983	0.00195643
1932	1053	1.01983	0.00195643
1932	1054	1.01983	0.00195643
1932	1055	1.01983	0.00195643
1932	1056	1.01983	0.00195643
1932	1057	1.01983	0.00195643
1932	1058	1.01983	0.00195643
1932	1059	1.01983	0.00195643
1932	1060	1.01983	0.00195643
1932	1061	1.01983	0.00195643
1932	1062	1.01983	0.00195643
1932	1063	1.01983	0.00195643
1932	1064	1.01983	0.00195643
1932	1065	1.01983	0.00195643
1932	1066	1.01983	0.00195643
1932	1067	1.01983	0.00195643
1932	1068	1.01983	0.00195643
1932	1069	1.01983	0.00195643
1932	1070	1.01983	0.00195643
1932	1071	1.01983	0.00195643
1932	1072	1.01983	0.00195643
1932	1073	1.01983	0.00195643
1932	1074	1.01983	0.00195643
1932	1075	1.01983	0.00195643
1932	1076	1.01983	0.00195643
1932	1077	1.01983	0.00195643
1932	1078	1.01983	0.00195643
1932	1079	1.01983	0.00195643
1932	1080	1.01983	0.00195643
1932	1081	1.01983	0.00195643
1932	1082	1.01983	0.00195643
1932	1083	1.01983	0.00195643
1932	1084	1.01983	0.00195643
1932	1085	1.01983	0.00195643
1932	1086	1.01983	0.00195643
1932	1087	1.01983	0.00195643
1932	1088	1.01983	0.00195643
1932	1089	1.01983	0.00195643
1932	1090	1.01983	0.00195643
1932	1091	1.01983	0.00195643
1932	1092	1.01983	0.00195643
1932	1093	1.01983	0.00195643
1932	1094	1.01983	0.00195643
1932	1095	1.01983	0.00195643
1932	1096	1.01983	0.00195643
1932	1097	1.01983	0.00195643
1932	1098	1.01983	0.00195643
1932	1099	1.01983	0.00195643
1932	1100	1.01983	0.00195643
1932	1101	1.01983	0.00195643
1932	1102	1.01983	0.00195643
1932	1103	1.01983	0.00195643
1932	1104	1.01983	0.00195643
1932	1105	1.01983	0.00195643
1932	1106	1.01983	0.00195643
1932	1107	1.01983	0.00195643
1932	1108	1.01983	0.00195643
1932	1109	1.01983	0.00195643
1932	1110	1.01983	0.00195643
1932	1111	1.01983	0.00195643
1932	1112	1.01983	0.00195643
1932	1113	1.01983	0.00195643
1932	1114	1.01983	0.00195643
1932	1115	1.01983	0.00195643
1932	1116	1.01983	0.00195643
1932	1117	1.01983	0.00195643
1932	1118	1.01983	0.00195643
1932	1119	1.01983	0.00195643
1932	1120	1.01983	0.00195643
1932	1121	1.01983	0.00195643
1932	1122	1.01983	0.00195643
1932	1123	1.01983	0.00195643
1932	1124	1.01983	0.00195643
1932	1125	1.01983	0.00195643
1932	1126	1.01983	0.00195643
1932	1127	1.01983	0.00195643
1932	1128	1.01983	0.00195643
1932	1129	1.01983	0.00195643
1932	1130	1.01983	0.00195643
1932	1131	1.01983	0.00195643
1932	1132	1.01983	0.00195643
1932	1133	1.01983	0.00195643
1932	1134	1.01983	0.00195643
1932	1135	1.01983	0.00195643
1932	1136	1.01983	0.00195643
1932	1137	1.01983	0.00195643
1932	1138	1.01983	0.00195643
1932	1139	1.01983	0.00195643
1932	1140	1.01983	0.00195643
1932	1141	1.01983	0.00195643
1932	1142	1.01983	0.00195643
1932	1143	1.01983	0.00195643
1932	1144	1.01983	0.00195643
1932	1145	1.01983	0.00195643
1932	1146	1.01983	0.00195643
1932	1147	1.01983	0.00195643
1932	1148	1.01983	0.00195643
1932	1149	1.01983	0.00195643
1932	1150	1.01983	0.00195643
1932	1151	1.01983	0.00195643
1932	1152	1.01983	0.00195643
1932	1153	1.01983	0.00195643
1932	1154	1.01983	0.00195643
1932	1155	1.01983	0.00195643
1932	1156	1.01983	0.00195643
1932	1157	1.01983	0.00195643
1932	1158	1.01983	0.00195643
1932	1159	1.01983	0.00195643
1932	1160	1.01983	0.00195643
1932	1161	1.01983	0.00195643
1932	1162	1.01983	0.00195643
1932	1163	1.01983	0.00195643
1932	1164	1.01983	0.00195643
1932	1165	1.01983	0.00195643
1932	1166	1.01983	0.00195643
1932	1167	1.01983	0.00195643
1932	1168	1.01983	0.00195643
1932	1169	1.01983	0.00195643
1932	1170	1.01983	0.00195643
1932	1171	1.01983	0.00195643
1932	1172	1.01983	0.00195643
1932	1173	1.01983	0.00195643
1932	1174	1.01983	0.00195643
1932	1175	1.01983	0.00195643
1932	1176	1.01983	0.00195643
1932	1177	1.01983	0.00195643
1932	1178	1.01983	0.00195643
1932	1179	1.01983	0.00195643
1932	1180	1.01983	0.00195643
1932	1181	1.01983	0.00195643
1932	1182	1.01983	0.00195643
1932	1183	1.01983	0.00195643
1932	1184	1.01983	0.00195643
1932	1185	1.01983	0.00195643
1932	1186	1.01983	0.00195643
1932	1187	1.01983	0.00195643
1932	1188	1.01983	0.00195643
1932	1189	1.01983	0.00195643
1932	1190	1.01983	0.00195643
1932	1191	1.01983	0.00195643
1932	1192	1.01983	0.00195643
1932	1193	1.01983	0.00195643
1932	1194	1.01983	0.00195643
1932	1195	1.01983	0.00195643
1932	1196	1.01983	0.00195643
1932	1197	1.01983	0.00195643
1932	1198	1.01983	0.00195643
1932	1199	1.01983	0.00195643
1932	1200	1.01983	0.00195643
1932	1201	1.01983	0.00195643
1932	1202	1.01983	0.00195643
1932	1203	1.01983	0.00195643
1932	1204	1.01983	0.00195643
1932	1205	1.01983	0.00195643
1932	1206	1.01983	0.00195643
1932	1207	1.01983	0.00195643
1932	1208	1.01983	0.00195643
1932	1209	1.01983	0.00195643
1932	1210	1.01983	0.00195643
1932	1211	1.01983	0.00195643
1932	1212	1.01983	0.00195643
1932	1213	1.01983	0.00195643
1932	1214	1.01983	0.00195643
1932	1215	1.01983	0.00195643
1932	1216	1.01983	0.00195643
1932	1217	1.01983	0.00195643
1932	1218	1.01983	0.00195643
1932	1219	1.01983	0.00195643
1932	1220	1.01983	0.00195643
1932	1221	1.01983	0.00195643
1932	1222	1.01983	0.00195643
1932	1223	1.01983	0.00195643
1932	1224	1.01983	0.00195643
1932	1225	1.01983	0.00195643
1932	1226	1.01983	0.00195643
1932	1227	1.01983	0.00195643
1932	1228	1.01983	0.00195643
1932	1229	1.01983	0.00195643
1932	1230	1.01983	0.00195643
1932	1231	1.01983	0.00195643
1932	1232	1.01983	0.00195643
1932	1233	1.01983	0.00195643
1932	1234	1.01983	0.00195643
1932	1235	1.01983	0.00195643
1932	1236	1.01983	0.00195643
1932	1237	1.01983	0.00195643
1932	1238	1.01983	0.00195643
1932	1239	1.01983	0.00195643
1932	1240	1.01983	0.00195643
1932	1241	1.01983	0.00195643
1932	1242	1.01983	0.00195643
1932	1243	1.01983	0.00195643
1932	1244	1.01983	0.00195643
1932	1245	1.01983	0.00195643
1932	1246	1.01983	0.00195643
1932	1247	1.01983	0.00195643
1932	1248	1.01983	0.00195643
1932	1249	1.01983	0.00195643
1932	1250	1.01983	0.00195643
1932	1251	1.01983	0.00195643
1932	1252	1.01983	0.00195643
1932	1253	1.01983	0.00195643
1932	1254	1.01983	0.00195643
1932	1255	1.01983	0.00195643
1932	1256	1.01983	0.00195643
1932	1257	1.01983	0.00195643
1932	1258	1.01983	0.00195643
1932	1259	1.01983	0.00195643
1932	1260	1.01983	0.00195643
1932	1261	1.01983	0.00195643
1932	1262	1.01983	0.00195643
1932	1263	1.01983	0.00195643
1932	1264	1.01983	0.00195643
1932	1265	1.01983	0.00195643
1932	1266	1.01983	0.00195643
1932	1267	1.01983	0.00195643
1932	1268	1.01983	0.00195643
1932	1269	1.01983	0.00195643
1932	1270	1.01983	0.00195643
1932	1271	1.01983	0.00195643
1932	1272	1.01983	0.00195643
1932	1273	1.01983	0.00195643
1932	1274	1.01983	0.00195643
1932	1275	1.01983	0.00195643
1932	1276	1.01983	0.00195643
1932	1277	1.01983	0.00195643
1932	1278	1.01983	0.00195643
1932	1279	1.01983	0.00195643
1932	1280	1.01983	0.00195643
1932	1281	1.01983	0.00195643
1932	1282	1.01983	0.00195643
1932	1283	1.01983	0.00195643
1932	1284	1.01983	0.00195643
1932	1285	1.01983	0.00195643
1932	1286	1.01983	0.00195643
1932	1287	1.01983	0.00195643
1932	1288	1.01983	0.00195643
1932	1289	1.01983	0.00195643
1932	1290	1.01983	0.00195643
1932	1291	1.01983	0.00195643
1932	1292	1.01983	0.00195643
1932	1293	1.01983	0.00195643
1932	1294	1.01983	0.00195643
1932	1295	1.01983	0.00195643
1932	1296	1.01983	0.00195643
1932	1297	1.01983	0.00195643
1932	1298	1.01983	0.00195643
1932	1299	1.01983	0.00195643
1932	1300	1.01983	0.00195643
1932	1301	1.01983	0.00195643
1932	1302	1.01983	0.00195643
1932	1303	1.01983	0.00195643
1932	1304	1.01983	0.00195643
1932	1305	1.01983	0.00195643
1932	1306	1.01983	0.00195643
1932	1307	1.01983	0.00195643
1932	1308	1.01983	0.00195643
1932	1309	1.01983	0.00195643
1932	1310	1.01983	0.00195643
1932	1311	1.01983	0.00195643
1932	1312	1.01983	0.00195643
1932	1313	1.01983	0.00195643
1932	1314	1.01983	0.00195643
1932	1315	1.01983	0.00195643
1932	1316	1.01983	0.00195643
1932	1317	1.01983	0.00195643
1932	1318	1.01983	0.00195643
1932	1319	1.01983	0.00195643
1932	1320	1.01983	0.00195643
1932	1321	1.01983	0.00195643
1932	1322	1.01983	0.00195643
1932	1323	1.01983	0.00195643
1932	1324	1.01983	0.00195643
1932	1325	1.01983	0.00195643
1932	1326	1.01983	0.00195643
1932	1327	1.01983	0.00195643
1932	1328	1.01983	0.00195643
1932	1329	1.01983	0.00195643
1932	1330	1.01983	0.00195643
1932	1331	1.01983	0.00195643
1932	1332	1.01983	0.00195643
1932	1333	1.01983	0.00195643
1932	1334	1.01983	0.00195643
1932	1335	1.01983	0.00195643
1932	1336	1.01983	0.00195643
1932	1337	1.01983	0.00195643
1932	1338	1.01983	0.00195643
1932	1339	1.01983	0.00195643
1932	1340	1.01983	0.00195643
1932	1341	1.01983	0.00195643
1932	1342	1.01983	0.00195643
1932	1343	1.01983	0.00195643
1932	1344	1.01983	0.00195643
1932	1345	1.01983	0.00195643
1932	1346	1.01983	0.00195643
1932	1347	1.01983	0.00195643
1932	1348	1.01983	0.00195643
1932	1349	1.01983	0.00195643
1932	1350	1.01983	0.00195643
1932	1351	1.01983	0.00195643
1932	1352	1.01983	0.00195643
1932	1353	1.01983	0.00195643
1932	1354	1.01983	0.00195643
1932	1355	1.01983	0.00195643
1932	1356	1.01983	0.00195643
1932	1357	1.01983	0.00195643
1932	1358	1.01983	0.00195643
1932	1359	1.01983	0.00195643
1932	1360	1.01983	0.00195643
1932	1361	1.01983	0.00195643
1932	1362	1.01983	0.00195643
1932	1363	1.01983	0.00195643
1932	1364	1.01983	0.00195643
1932	1365	1.01983	0.00195643
1932	1366	1.01983	0.00195643
1932	1367	1.01983	0.00195643
1932	1368	1.01983	0.00195643
1932	1369	1.01983	0.00195643
1932	1370	1.01983	0.00195643
1932	1371	1.01983	0.00195643
1932	1372	1.01983	0.00195643
1932	1373	1.01983	0.00195643
1932	1374	1.01983	0.00195643
1932	1375	1.01983	0.00195643
1932	1376	1.01983	0.00195643
1932	1377	1.01983	0.00195643
1932	1378	1.01983	0.00195643
1932	1379	1.01983	0.00195643
1932	1380	1.01983	0.00195643
1932	1381	1.01983	0.00195643
1932	1382	1.01983	0.00195643
1932	1383	1.01983	0.00195643
1932	1384	1.01983	0.00195643
1932	1385	1.01983	0.00195643
1932	1386	1.01983	0.00195643
1932	1387	1.01983	0.00195643
1932	1388	1.01983	0.00195643
1932	1389	1.01983	0.00195643
1932	1390	1.01983	0.00195643
1932	1391	1.01983	0.00195643
1932	1392	1.01983	0.00195643
1932	1393	1.01983	0.00195643
1932	1394	1.01983	0.00195643
1932	1395	1.01983	0.00195643
1932	1396	1.01983	0.00195643
1932	1397	1.01983	0.00195643
1932	1398	1.01983	0.00195643
1932	1399	1.01983	0.00195643
1932	1400	1.01983	0.00195643
1932	1401	1.01983	0.00195643
1932	1402	1.01983	0.00195643
1932	1403	1.01983	0.00195643
1932	1404	1.01983	0.00195643
1932	1405	1.01983	0.00195643
1932	1406	1.01983	0.00195643
1932	1407	1.01983	0.00195643
1932	1408	1.01983	0.00195643
1932	1409	1.01983	0.00195643
1932	1410	1.01983	0.00195643
1932	1411	1.01983	0.00195643
1932	1412	1.01983	0.00195643
1932	1413	1.01983	0.00195643
1932	1414	1.01983	0.00195643
1932	1415	1.01983	0.00195643
1932	1416	1.01983	0.00195643
1932	1417	1.01983	0.00195643
1932	1418	1.01983	0.00195643
1932	1419	1.01983	0.00195643
1932	1420	1.01983	0.00195643
1932	1421	1.01983	0.00195643
1932	1422	1.01983	0.00195643
1932	1423	1.01983	0.00195643
1932	1424	1.01983	0.00195643
1932	1425	1.01983	0.00195643
1932	1426	1.01983	0.00195643
1932	1427	1.01983	0.00195643
1932	1428	1.01983	0.00195643
1932	1429	1.01983	0.00195643
1932	1430	1.01983	0.00195643
1932	1431	1.01983	0.00195643
1932	1432	1.01983	0.00195643
1932	1433	1.01983	0.00195643
1932	1434	1.01983	0.00195643
1932	1435	1.01983	0.00195643
1932	1436	1.01983	0.00195643
1932	1437	1.01983	0.00195643
1932	1438	1.01983	0.00195643
1932	1439	1.01983	0.00195643
1932	1440	1.01983	0.00195643
1932	1441	1.01983	0.00195643
1932	1442	1.01983	0.00195643
1932	1443	1.01983	0.00195643
1932	1444	1.01983	0.00195643
1932	1445	1.01983	0.00195643
1932	1446	1.01983	0.00195643
1932	1447	1.01983	0.00195643
1932	1448	1.01983	0.00195643
1932	1449	1.01983	0.00195643
1932	1450	1.01983	0.00195643
1932	1451	1.01983	0.00195643
1932	1452	1.01983	0.00195643
1932	1453	1.01983	0.00195643
1932	1454	1.01983	0.00195643
1932	1455	1.01983	0.00195643
1932	1456	1.01983	0.00195643
1932	1457	1.01983	0.00195643
1932	1458	1.01983	0.00195643
1932	1459	1.01983	0.00195643
1932	1460	1.01983	0.00195643
1932	1461	1.01983	0.00195643
1932	1462	1.01983	0.00195643
1932	1463	1.01983	0.00195643
1932	1464	1.01983	0.00195643
1932	1465	1.01983	0.00195643
1932	1466	1.01983	0.00195643
1932	1467	1.01983	0.00195643
1932	1468	1.01983	0.00195643
1932	1469	1.01983	0.00195643
1932	1470	1.01983	0.00195643
1932	1471	1.01983	0.00195643
1932	1472	1.01983	0.00195643
1932	1473	1.01983	0.00195643
1932	1474	1.01983	0.00195643
1932	1475	1.01983	0.00195643
1932	1476	1.01983	0.00195643
1932	1477	1.01983	0.00195643
1932	1478	1.01983	0.00195643
1932	1479	1.01983	0.00195643
1932	1480	1.01983	0.00195643
1932	1481	1.01983	0.00195643
1932	1482	1.01983	0.00195643
1932	1483	1.01983	0.00195643
1932	1484	1.01983	0.00195643
1932	1485	1.01983	0.00195643
1932	1486	1.01983	0.00195643
1932	1487	1.01983	0.00195643
1932	1488	1.01983	0.00195643
1932	1489	1.01983	0.00195643
1932	1490	1.01983	0.00195643
1932	1491	1.01983	0.00195643
1932	1492	1.01983	0.00195643
1932	1493	1.01983	0.00195643
1932	1494	1.01983	0.00195643
1932	1495	1.01983	0.00195643
1932	1496	1.01983	0.00195643
1932	1497	1.01983	0.00195643
1932	1498	1.01983	0.00195643
1932	1499	1.01983	0.00195643
1932	1500	1.01983	0.00195643
1932	1501	1.01983	0.00195643
1932	1502	1.01983	0.00195643
1932	1503	1.01983	0.00195643
1932	1504	1.01983	0.00195643
1932	1505	1.01983	0.00195643
1932	1506	1.01983	0.00195643
1932	1507	1.01983	0.00195643
1932	1508	1.01983	0.00195643
1932	1509	1.01983	0.00195643
1932	1510	1.01983	0.00195643
1932	1511	1.01983	0.00195643
1932	1512	1.01983	0.00195643
1932	1513	1.01983	0.00195643
1932	1514	1.01983	0.00195643
1932	1515	1.01983	0.00195643
1932	1516	1.01983	0.00195643
1932	1517	1.01983	0.00195643
1932	1518	1.01983	0.00195643
1932	1519	1.01983	0.00195643
1932	1520	1.01983	0.00195643
1932	1521	1.01983	0.00195643
1932	1522	1.01983	0.00195643
1932	1523	1.01983	0.00195643
1932	1524	1.01983	0.00195643
1932	1525	1.01983	0.00195643
1932	1526	1.01983	0.00195643
1932	1527	1.01983	0.00195643
1932	1528	1.01983	0.00195643
1932	1529	1.01983	0.00195643
1932	1530	1.01983	0.00195643
1932	1531	1.01983	0.00195643
1932	1532	1.01983	0.00195643
1932	1533	1.01983	0.00195643
1932	1534	1.01983	0.00195643
1932	1535	1.01983	0.00195643
1932	1536	1.01983	0.00195643
1932	1537	1.01983	0.00195643
1932	1538	1.01983	0.00195643
1932	1539	1.01983	0.00195643
1932	1540	1.01983	0.00195643
1932	1541	1.01983	0.00195643
1932	1542	1.01983	0.00195643
1932	1543	1.01983	0.00195643
1932	1544	1.01983	0.00195643
1932	1545	1.01983	0.00195643
1932	1546	1.01983	0.00195643
1932	1547	1.01983	0.00195643
1932	1548	1.01983	0.00195643
1932	1549	1.01983	0.00195643
1932	1550	1.01983	0.00195643
1932	1551	1.01983	0.00195643
1932	1552	1.01983	0.00195643
1932	1553	1.01983	0.00195643
1932	1554	1.01983	0.00195643
1932	1555	1.01983	0.00195643
1932	1556	1.01983	0.00195643
1932	1557	1.01983	0.00195643
1932	1558	1.01983	0.00195643
1932	1559	1.01983	0.00195643
1932	1560	1.01983	0.00195643
1932	1561	1.01983	0.00195643
1932	1562	1.01983	0.00195643
1932	1563	1.01983	0.00195643
1932	1564	1.01983	0.00195643
1932	1565	1.01983	0.00195643
1932	1566	1.01983	0.00195643
1932	1567	1.01983	0.00195643
1932	1568	1.01983	0.00195643
1932	1569	1.01983	0.00195643
1932	1570	1.01983	0.00195643
1932	1571	1.01983	0.00195643
1932	1572	1.01983	0.00195643
1932	1573	1.01983	0.00195643
1932	1574	1.01983	0.00195643
1932	1575	1.01983	0.00195643
1932	1576	1.01983	0.00195643
1932	1577	1.01983	0.00195643
1932	1578	1.01983	0.00195643
1932	1579	1.01983	0.00195643
1932	1580	1.01983	0.00195643
1932	1581	1.01983	0.00195643
1932	1582	1.01983	0.00195643
1932	1583	1.01983	0.00195643
1932	1584	1.01983	0.00195643
1932	1585	1.01983	0.00195643
1932	1586	1.01983	0.00195643
1932	1587	1.01983	0.00195643
1932	1588	1.01983	0.00195643
1932	1589	1.01983	0.00195643
1932	1590	1.01983	0.00195643
1932	1591	1.01983	0.00195643
1932	1592	1.01983	0.00195643
1932	1593	1.01983	0.00195643
1932	1594	1.01983	0.00195643
1932	1595	1.01983	0.00195643
1932	1596	1.01983	0.00195643
1932	1597	1.01983	0.00195643
1932	1598	1.01983	0.00195643
1932	1599	1.01983	0.00195643
1932	1600	1.01983	0.00195643
1932	1601	1.01983	0.00195643
1932	1602	1.01983	0.00195643
1932	1603	1.01983	0.00195643
1932	1604	1.01983	0.00195643
1932	1605	1.01983	0.00195643
1932	1606	1.01983	0.00195643
1932	1607	1.01983	0.00195643
1932	1608	1.01983	0.00195643
1932	1609	1.01983	0.00195643
1932	1610	1.01983	0.00195643
1932	1611	1.01983	0.00195643
1932	1612	1.01983	0.00195643
1932	1613	1.01983	0.00195643
1932	1614	1.01983	0.00195643
1932	1615	1.01983	0.00195643
1932	1616	1.01983	0.00195643
1932	1617	1.01983	0.00195643
1932	1618	1.01983	0.00195643
1932	1619	1.01983	0.00195643
1932	1620	1.01983	0.00195643
1932	1621	1.01983	0.00195643
1932	1622	1.01983	0.00195643
1932	1623	1.01983	0.00195643
1932	1624	1.01983	0.00195643
1932	1625	1.01983	0.00195643
1932	1626	1.01983	0.00195643
1932	1627	1.01983	0.00195643
1932	1628	1.01983	0.00195643
1932	1629	1.01983	0.00195643
1932	1630	1.01983	0.00195643
1932	1631	1.01983	0.00195643
1932	1632	1.01983	0.00195643
1932	1633	1.01983	0.00195643
1932	1634	1.01983	0.00195643
1932	1635	1.01983	0.00195643
1932	1636	1.01983	0.00195643
1932	1637	1.01983	0.00195643
1932	1638	1.01983	0.00195643
1932	1639	1.01983	0.00195643
1932	1640	1.01983	0.00195643
1932	1641	1.01983	0.00195643
1932	1642	1.01983	0.00195643
1932	1643	1.01983	0.00195643
1932	1644	1.01983	0.00195643
1932	1645	1.01983	0.00195643
1932	1646	1.01983	0.00195643
1932	1647	1.01983	0.00195643
1932	1648	1.01983	0.00195643
1932	1649	1.01983	0.00195643
1932	1650	1.01983	0.00195643
1932	1651	1.01983	0.00195643
1932	1652	1.01983	0.00195643
1932	1653	1.01983	0.00195643
1932	1654	1.01983	0.00195643
1932	1655	1.01983	0.00195643
1932	1656	1.01983	0.00195643
1932	1657	1.01983	0.00195643
1932	1658	1.01983	0.00195643
1932	1659	1.01983	0.00195643
1932	1660	1.01983	0.00195643
1932	1661	1.01983	0.00195643
1932	1662	1.01983	0.00195643
1932	1663	1.01983	0.00195643
1932	1664	1.01983	0.00195643
1932	1665	1.01983	0.00195643
1932	1666	1.01983	0.00195643
1932	1667	1.01983	0.00195643
1932	1668	1.01983	0.00195643
1932	1669	1.01983	0.00195643
1932	1670	1.01983	0.00195643
1932	1671	1.01983	0.00195643
1932	1672	1.01983	0.00195643
1932	1673	1.01983	0.00195643
1932	1674	1.01983	0.00195643
1932	1675	1.01983	0.00195643
1932	1676	1.01983	0.00195643
1932	1677	1.01983	0.00195643
1932	1678	1.01983	0.00195643
1932	1679	1.01983	0.00195643
1932	1680	1.01983	0.00195643
1932	1681	1.01983	0.00195643
1932	1682	1.01983	0.00195643
1932	1683	1.01983	0.00195643
1932	1684	1.01983	0.00195643
1932	1685	1.01983	0.00195643
1932	1686	1.01983	0.00195643
1932	1687	1.01983	0.00195643
1932	1688	1.01983	0.00195643
1932	1689	1.01983	0.00195643
1932	1690	1.01983	0.00195643
1932	1691	1.01983	0.00195643
1932	1692	1.01983	0.00195643
1932	1693	1.01983	0.00195643
1932	1694	1.01983	0.00195643
1932	1695	1.01983	0.00195643
1932	1696	1.01983	0.00195643
1932	1697	1.01983	0.00195643
1932	1698	1.01983	0.00195643
1932	1699	1.01983	0.00195643
1932	1700	1.01983	0.00195643
1932	1701	1.01983	0.00195643
1932	1702	1.01983	0.00195643
1932	1703	1.01983	0.00195643
1932	1704	1.01983	0.00195643
1932	1705	1.01983	0.00195643
1932	1706	1.01983	0.00195643
1932	1707	1.01983	0.00195643
1932	1708	1.01983	0.00195643
1932	1709	1.01983	0.00195643
1932	1710	1.01983	0.00195643
1932	1711	1.01983	0.00195643
1932	1712	1.01983	0.00195643
1932	1713	1.01983	0.00195643
1932	1714	1.01983	0.00195643
1932	1715	1.01983	0.00195643
1932	1716	1.01983	0.00195643
1932	1717	1.01983	0.00195643
1932	1718	1.01983	0.00195643
1932	1719	1.01983	0.00195643
1932	1720	1.01983	0.00195643
1932	1721	1.01983	0.00195643
1932	1722	1.01983	0.00195643
1932	1723	1.01983	0.00195643
1932	1724	1.01983	0.00195643
1932	1725	1.01983	0.00195643
1932	1726	1.01983	0.00195643
1932	1727	1.01983	0.00195643
1932	1728	1.01983	0.00195643
1932	1729	1.01983	0.00195643
1932	1730	1.01983	0.00195643
1932	1731	1.01983	0.00195643
1932	1732	1.01983	0.00195643
1932	1733	1.01983	0.00195643
1932	1734	1.01983	0.00195643
1932	1735	1.01983	0.00195643
1932	1736	1.01983	0.00195643
1932	1737	1.01983	0.00195643
1932	1738	1.01983	0.00195643
1932	1739	1.01983	0.00195643
1932	1740	1.01983	0.00195643
1932	1741	1.01983	0.00195643
1932	1742	1.01983	0.00195643
1932	1743	1.01983	0.00195643
1932	1744	1.01983	0.00195643
1932	1745	1.01983	0.00195643
1932	1746	1.01983	0.00195643
1932	1747	1.01983	0.00195643
1932	1748	1.01983	0.00195643
1932	1749	1.01983	0.00195643
1932	1750	1.01983	0.00195643
1932	1751	1.01983	0.00195643
1932	1752	1.01983	0.00195643
1932	1753	1.01983	0.00195643
1932	1754	1.01983	0.00195643
1932	1755	1.01983	0.00195643
1932	1756	1.01983	0.00195643
1932	1757	1.01983	0.00195643
1932	1758	1.01983	0.00195643
1932	1759	1.01983	0.00195643
1932	1760	1.01983	0.00195643
1932	1761	1.01983	0.00195643
1932	1762	1.01983	0.00195643
1932	1763	1.01983	0.00195643
1932	1764	1.01983	0.00195643
1932	1765	1.01983	0.00195643
1932	1766	1.01983	0.00195643
1932	1767	1.01983	0.00195643
1932	1768	1.01983	0.00195643
1932	1769	1.01983	0.00195643
1932	1770	1.01983	0.00195643
1932	1771	1.01983	0.00195643
1932	1772	1.01983	0.00195643
1932	1773	1.01983	0.00195643
1932	1774	1.01983	0.00195643
1932	1775	1.01983	0.00195643
1932	1776	1.01983	0.00195643
1932	1777	1.01983	0.00195643
1932	1778	1.01983	0.00195643
1932	1779	1.01983	0.00195643
1932	1780	1.01983	0.00195643
1932	1781	1.01983	0.00195643
1932	1782	1.01983	0.00195643
1932	1783	1.01983	0.00195643
1932	1784	1.01983	0.00195643
1932	1785	1.01983	0.00195643
1932	1786	1.01983	0.00195643
1932	1787	1.01983	0.00195643
1932	1788	1.01983	0.00195643
1932	1789	1.01983	0.00195643
1932	1790	1.01983	0.00195643
1932	1791	1.01983	0.00195643
1932	1792	1.01983	0.00195643
1932	1793	1.01983	0.00195643
1932	1794	1.01983	0.00195643
1932	1795	1.01983	0.00195643
1932	1796	1.01983	0.00195643
1932	1797	1.01983	0.00195643
1932	1798	1.01983	0.00195643
1932	1799	1.01983	0.00195643
1932	1800	1.01983	0.00195643
1932	1801	1.01983	0.00195643
1932	1802	1.01983	0.00195643
1932	1803	1.01983	0.00195643
1932	1804	1.01983	0.00195643
1932	1805	1.01983	0.00195643
1932	1806	1.01983	0.00195643
1932	1807	1.01983	0.00195643
1932	1808	1.01983	0.00195643
1932	1809	1.01983	0.00195643
1932	1810	1.01983	0.00195643
1932	1811	1.01983	0.00195643
1932	1812	1.01983	0.00195643
1932	1813	1.01983	0.00195643
1932	1814	1.01983	0.00195643
1932	1815	1.01983	0.00195643
1932	1816	1.01983	0.00195643
1932	1817	1.01983	0.00195643
1932	1818	1.01983	0.00195643
1932	1819	1.01983	0.00195643
1932	1820	1.01983	0.00195643
1932	1821	1.01983	0.00195643
1932	1822	1.01983	0.00195643
1932	1823	1.01983	0.00195643
1932	1824	1.01983	0.00195643
1932	1825	1.01983	0.00195643
1932	1826	1.01983	0.00195643
1932	1827	1.01983	0.00195643
1932	1828	1.01983	0.00195643
1932	1829	1.01983	0.00195643
1932	1830	1.01983	0.00195643
1932	1831	1.01983	0.00195643
1932	1832	1.01983	0.00195643
1932	1833	1.01983	0.00195643
1932	1834	1.01983	0.00195643
1932	1835	1.01983	0.00195643
1932	1836	1.01983	0.00195643
1932	1837	1.01983	0.00195643
1932	1838	1.01983	0.00195643
1932	1839	1.01983	0.00195643
1932	1840	1.01983	0.00195643
1932	1841	1.01983	0.00195643
1932	1842	1.01983	0.00195643
1932	1843	1.01983	0.00195643
1932	1844	1.01983	0.00195643
1932	1845	1.01983	0.00195643
1932	1846	1.01983	0.00195643
1932	1847	1.01983	0.00195643
1932	1848	1.01983	0.00195643
1932	1849	1.01983	0.00195643
1932	1850	1.01983	0.00195643
1932	1851	1.01983	0.00195643
1932	1852	1.01983	0.00195643
1932	1853	1.01983	0.00195643
1932	1854	1.01983	0.00195643
1932	1855	1.01983	0.00195643
1932	1856	1.01983	0.00195643
1932	1857	1.01983	0.00195643
1932	1858	1.01983	0.00195643
1932	1859	1.01983	0.00195643
1932	1860	1.01983	0.00195643
1932	1861	1.01983	0.00195643
1932	1862	1.01983	0.00195643
1932	1863	1.01983	0.00195643
1932	1864	1.01983	0.00195643
1932	1865	1.01983	0.00195643
1932	1866	1.01983	0.00195643
1932	1867	1.01983	0.00195643
1932	1868	1.01983	0.00195643
1932	1869	1.01983	0.00195643
1932	1870	1.01983	0.00195643
1932	1871	1.01983	0.00195643
1932	1872	1.01983	0.00195643
1932	1873	1.01983	0.00195643
1932	1874	1.01983	0.00195643
1932	1875	1.01983	0.00195643
1932	1876	1.01983	0.00195643
1932	1877	1.01983	0.00195643
1932	1878	1.01983	0.00195643
1932	1879	1.01983	0.00195643
1932	1880	1.01983	0.00195643
1932	1881	1.01983	0.00195643
1932	1882	1.01983	0.00195643
1932	1883	1.01983	0.00195643
1932	1884	1.01983	0.00195643
1932	1885	1.01983	0.00195643
1932	1886	1.01983	0.00195643
1932	1887	1.01983	0.00195643
1932	1888	1.01983	0.00195643
1932	1889	1.01983	0.00195643
1932	1890	1.01983	0.00195643
1932	1891	1.01983	0.00195643
1932	1892	1.01983	0.00195643
1932	1893	1.01983	0.00195643
1932	1894	1.01983	0.00195643
1932	1895	1.01983	0.00195643
1932	1896	1.01983	0.00195643
1932	1897	1.01983	0.00195643
1932	1898	1.01983	0.00195643
1932	1899	1.01983	0.00195643
1932	1900	1.01983	0.00195643
1932	1901	1.01983	0.00195643
1932	1902	1.01983	0.00195643
1932	1903	1.01983	0.00195643
1932	1904	1.01983	0.00195643
1932	1905	1.01983	0.00195643
1932	1906	1.01983	0.00195643
1932	1907	1.01983	0.00195643
1932	1908	1.01983	0.00195643
1932	1909	1.01983	0.00195643
1932	1910	1.01983	0.00195643
1932	1911	1.01983	0.00195643
1932	1912	1.01983	0.00195643
1932	1913	1.01983	0.00195643
1932	1914	1.01983	0.00195643
1932	1915	1.01983	0.00195643
1932	1916	1.01983	0.00195643
1932	1917	1.01983	0.00195643
1932	1918	1.01983	0.00195643
1932	1919	1.01983	0.00195643
1932	1920	1.01983	0.00195643
1932	1921	1.01983	0.00195643
1932	1922	1.01983	0.00195643
1932	1923	1.01983	0.00195643
1932	1924	1.01983	0.00195643
1932	1925	1.01983	0.00195643
1932	1926	1.01983	0.00195643
1932	1927	1.01983	0.00195643
1932	1928	1.01983	0.00195643
1932	1929	1.01983	0.00195643
1932	1930	1.01983	0.00195643
1932	1931	1.01983	0.00195643
1932	1932	1.01983	0.00195643
1932	1933	1.01983	0.00195643
1932	1934	1.01983	0.00195643
1932	1935	1.01983	0.00195643
1932	1936	1.01983	0.00195643
1932	1937	1.01983	0.00195643
1932	1938	1.01983	0.00195643
1932	1939	1.01983	0.00195643
1932	1940	1.01983	0.00195643
1932	1941	1.01983	0.00195643
1932	1942	1.01983	0.00195643
1932	1943	1.01983	0.00195643
1932	1944	1.01983	0.00195643
1932	1945	1.01983	0.00195643
1932	1946	1.01983	0.00195643
1932	1947	1.01983	0.00195643
1932	1948	1.01983	0.00195643
1932	1949	1.01983	0.00195643
1932	1950	1.01983	0.00195643
1932	1951	1.01983	0.00195643
1932	1952	1.01983	0.00195643
1932	1953	1.01983	0.00195643
1932	1954	1.01983	0.00195643
1932	1955	1.01983	0.00195643
1932	1956	1.01983	0.00195643
1932	1957	1.01983	0.00195643
1932	1958	1.01983	0.00195643
1932	1959	1.01983	0.00195643
1932	1960	1.01983	0.00195643
1932	1961	1.01983	0.00195643
1932	1962	1.01983	0.00195643
1932	1963	1.01983	0.00195643
1932	1964	1.01983	0.00195643
1932	1965	1.01983	0.00195643
1932	1966	1.01983	0.00195643
1932	1967	1.01983	0.00195643
1932	1968	1.01983	0.00195643
1932	1969	1.01983	0.00195643
1932	1970	1.01983	0.00195643
1932	1971	1.01983	0.00195643
1932	1972	1.01983	0.00195643
1932	1973	1.01983	0.00195643
1932	1974	1.01983	0.00195643
1932	1975	1.01983	0.00195643
1932	1976	1.01983	0.00195643
1932	1977	1.01983	0.00195643
1932	1978	1.01983	0.00195643
1932	1979	1.01983	0.00195643
1932	1980	1.01983	0.00195643
1932	1981	1.01983	0.00195643
1932	1982	1.01983	0.00195643
1932	1983	1.01983	0.00195643
1932	1984	1.01983	0.00195643
1932	1985	1.01983	0.00195643
1932	1986	1.01983	0.00195643
1932	1987	1.01983	0.00195643
1932	1988	1.01983	0.00195643
1932	1989	1.01983	0.00195643
1932	1990	1.01983	0.00195643
1932	1991	1.01983	0.00195643
1932	1992	1.01983	0.00195643
1932	1993	1.01983	0.00195643
1932	1994	1.01983	0.00195643
1932	1995	1.01983	0.00195643
1932	1996	1.01983	0.00195643
1932	1997	1.01983	0.00195643
1932	1998	1.01983	0.00195643
1932	1999	1.01983	0.00195643
1932	2000	1.01983	0.00195643
1932	2001	1.01983	0.00195643
1932	2002	1.01983	0.00195643
1932	2003	1.01983	0.00195643
1932	2004	1.01983	0.00195643
1932	2005	1.01983	0.00195643
1932	2006	1.01983	0.00195643
1932	2007	1.01983	0.00195643
1932	2008	1.01983	0.00195643
1932	2009	1.01983	0.00195643
1932	2010	1.01983	0.00195643
1932	2011	1.01983	0.00195643
1932	2012	1.01983	0.00195643
1932	2013	1.01983	0.00195643
1932	2014	1.01983	0.00195643
1932	2015	1.01983	0.00195643
1932	2016	1.01983	0.00195643
1932	2017	1.01983	0.00195643
1932	2018	1.01983	0.00195643
1932	2019	1.01983	0.00195643
1932	2020	1.01983	0.00195643
1932	2021	1.01983	0.00195643
1932	2022	1.01983	0.00195643
1932	2023	1.01983	0.00195643
1932	2024	1.01983	0.00195643
1932	2025	1.01983	0.00195643
1932	2026	1.01983	0.00195643
1932	2027	1.01983	0.00195643
1932	2028	1.01983	0.00195643
1932	2029	1.01983	0.00195643
1932	2030	1.01983	0.00195643
1932	2031	1.01983	0.00195643
1932	2032	1.01983	0.00195643
1932	2033	1.01983	0.00195643
1932	2034	1.01983	0.00195643
1932	2035	1.01983	0.00195643
1932	2036	1.01983	0.00195643
1932	2037	1.01983	0.00195643
1932	2038	1.01983	0.00195643
1932	2039	1.01983	0.00195643
1932	2040	1.01983	0.00195643
1932	2041	1.01983	0.00195643
1932	2042	1.01983	0.00195643
1932	2043	1.01983	0.00195643
1932	2044	1.01983	0.00195643
1932	2045	1.01983	0.00195643
1932	2046	1.01983	0.00195643
1932	2047	1.01983	0.00195643
1932	2048	1.01983	0.00195643
1932	2049	1.01983	0.00195643
1932	2050	1.01983	0.00195643
1932	2051	1.01983	0.00195643
1932	2052	1.01983	0.00195643
1932	2053	1.01983	0.00195643
1932	2054	1.01983	0.00195643
1932	2055	1.01983	0.00195643
1932	2056	1.01983	0.00195643
1932	2057	1.01983	0.00195643
1932	2058	1.01983	0.00195643
1932	2059	1.01983	0.00195643
1932	2060	1.01983	0.00195643
1932	2061	1.01983	0.00195643
1932	2062	1.01983	0.00195643
1932	2063	1.01983	0.00195643
1932	2064	1.01983	0.00195643
1932	2065	1.01983	0.00195643
1932	2066	1.01983	0.00195643
1932	2067	1.01983	0.00195643
1932	2068	1.01983	0.00195643
1932	2069	1.01983	0.00195643
1932	2070	1.01983	0.00195643
1932	2071	1.01983	0.00195643
1932	2072	1.01983	0.00195643
1932	2073	1.01983	0.00195643
1932	2074	1.01983	0.00195643
1932	2075	1.01983	0.00195643
1932	2076	1.01983	0.00195643
1932	2077	1.01983	0.00195643
1932	2078	1.01983	0.00195643
1932	2079	1.01983	0.00195643
1932	2080	1.01983	0.00195643
1932	2081	1.01983	0.00195643
1932	2082	1.01983	0.00195643
1932	2083	1.01983	0.00195643
1932	2084	1.01983	0.00195643
1932	2085	1.01983	0.00195643
1932	2086	1.01983	0.00195643
1932	2087	1.01983	0.00195643
1932	2088	1.01983	0.00195643
1932	2089	1.01983	0.00195643
1932	2090	1.01983	0.00195643
1932	2091	1.01983	0.00195643
1932	2092	1.01983	0.00195643
1932	2093	1.01983	0.00195643
1932	2094	1.01983	0.00195643
1932	2095	1.01983	0.00195643
1932	2096	1.01983	0.00195643
1932	2097	1.01983	0.00195643
1932	2098	1.01983	0.00195643
1932	2099	1.01983	0.00195643
1932	2100	1.01983	0.00195643
1932	2101	1.01983	0.00195643
1932	2102	1.01983	0.00195643
1932	2103	1.01983	0.00195643
1932	2104	1.01983	0.00195643
1932	2105	1.01983	0.00195643
1932	2106	1.01983	0.00195643
1932	2107	1.01983	0.00195643
1932	2108	1.01983	0.00195643
1932	2109	1.01983	0.00195643
1932	2110	1.01983	0.00195643
1932	2111	1.01983	0.00195643
1932	2112	1.01983	0.00195643
1932	2113	1.01983	0.00195643
1932	2114	1.01983	0.00195643
1932	2115	1.01983	0.00195643
1932	2116	1.01983	0.00195643
1932	2117	1.01983	0.00195643
1932	2118	1.01983	0.00195643
1932	2119	1.01983	0.00195643
1932	2120	1.01983	0.00195643
1932	2121	1.01983	0.00195643
1932	2122	1.01983	0.00195643
1932	2123	1.01983	0.00195643
1932	2124	1.01983	0.00195643
1932	2125	1.01983	0.00195643
1932	2126	1.01983	0.00195643
1932	2127	1.01983	0.00195643
1932	2128	1.01983	0.00195643
1932	2129	1.01983	0.00195643
1932	2130	1.01983	0.00195643
1932	2131	1.01983	0.00195643
1932	2132	1.01983	0.00195643
1932	2133	1.01983	0.00195643
1932	2134	1.01983	0.00195643
1932	2135	1.01983	0.00195643
1932	2136	1.01983	0.00195643
1932	2137	1.01983	0.00195643
1932	2138	1.01983	0.00195643
1932	2139	1.01983	0.00195643
1932	2140	1.01983	0.00195643
1932	2141	1.01983	0.00195643
1932	2142	1.01983	0.00195643
1932	2143	1.01983	0.00195643
1932	2144	1.01983	0.00195643
1932	2145	1.01983	0.00195643
1932	2146	1.01983	0.00195643
1932	2147	1.01983	0.00195643
1932	2148	1.01983	0.00195643
1932	2149	1.01983	0.00195643
1932	2150	1.01983	0.00195643
1932	2151	1.01983	0.00195643
1932	2152	1.01983	0.00195643
1932	2153	1.01983	0.00195643
1932	2154	1.01983	0.00195643
1932	2155	1.01983	0.00195643
1932	2156	1.01983	0.00195643
1932	2157	1.01983	0.00195643
1932	2158	1.01983	0.00195643
1932	2159	1.01983	0.00195643
1932	2160	1.01983	0.00195643
1932	2161	1.01983	0.00195643
1932	2162	1.01983	0.00195643
1932	2163	1.01983	0.00195643
1932	2164	1.01983	0.00195643
1932	2165	1.01983	0.00195643
1932	2166	1.01983	0.00195643
1932	2167	1.01983	0.00195643
1932	2168	1.01983	0.00195643
1932	2169	1.01983	0.00195643
1932	2170	1.01983	0.00195643
1932	2171	1.01983	0.00195643
1932	2172	1.01983	0.00195643
1932	2173	1.01983	0.00195643
1932	2174	1.01983	0.00195643
1932	2175	1.01983	0.00195643
1932	2176	1.01983	0.00195643
1932	2177	1.01983	0.00195643
1932	2178	1.01983	0.00195643
1932	2179	1.01983	0.00195643
1932	2180	1.01983	0.00195643
1932	2181	1.01983	0.00195643
1932	2182	1.01983	0.00195643
1932	2183	1.01983	0.00195643
1932	2184	1.01983	0.00195643
1932	2185	1.01983	0.00195643
1932	2186	1.01983	0.00195643
1932	2187	1.01983	0.00195643
1932	2188	1.01983	0.00195643
1932	2189	1.01983	0.00195643
1932	2190	1.01983	0.00195643
1932	2191	1.01983	0.00195643
1932	2192	1.01983	0.00195643
1932	2193	1.01983	0.00195643
1932	2194	1.01983	0.00195643
1932	2195	1.01983	0.00195643
1932	2196	1.01983	0.00195643
1932	2197	1.01983	0.00195643
1932	2198	1.01983	0.00195643
1932	2199	1.01983	0.00195643
1932	2200	1.01983	0.00195643
1932	2201	1.01983	0.00195643
1932	2202	1.01983	0.00195643
1932	2203	1.01983	0.00195643
1932	2204	1.01983	0.00195643
1932	2205	1.01983	0.00195643
1932	2206	1.01983	0.00195643
1932	2207	1.01983	0.00195643
1932	2208	1.01983	0.00195643
1932	2209	1.01983	0.00195643
1932	2210	1.01983	0.00195643
1932	2211	1.01983	0.00195643
1932	2212	1.01983	0.00195643
1932	2213	1.01983	0.00195643
1932	2214	1.01983	0.00195643
1932	2215	1.01983	0.00195643
1932	2216	1.01983	0.00195643
1932	2217	1.01983	0.00195643
1932	2218	1.01983	0.00195643
1932	2219	1.01983	0.00195643
1932	2220	1.01983	0.00195643
1932	2221	1.01983	0.00195643
1932	2222	1.01983	0.00195643
1932	2223	1.01983	0.00195643
1932	2224	1.01983	0.00195643
1932	2225	1.01983	0.00195643
1932	2226	1.01983	0.00195643
1932	2227	1.01983	0.00195643
1932	2228	1.01983	0.00195643
1932	2229	1.01983	0.00195643
1932	2230	1.01983	0.00195643
1932	2231	1.01983	0.00195643
1932	2232	1.01983	0.00195643
1932	2233	1.01983	0.00195643
1932	2234	1.01983	0.00195643
1932	2235	1.01983	0.00195643
1932	2236	1.01983	0.00195643
1932	2237	1.01983	0.00195643
1932	2238	1.01983	0.00195643
1932	2239	1.01983	0.00195643
1932	2240	1.01983	0.00195643
1932	2241	1.01983	0.00195643
1932	2242	1.01983	0.00195643
1932	2243	1.01983	0.00195643
1932	2244	1.01983	0.00195643
1932	2245	1.01983	0.00195643
1932	2246	1.01983	0.00195643
1932	2247	1.01983	0.00195643
1932	2248	1.01983	0.00195643
1932	2249	1.01983	0.00195643
1932	2250	1.01983	0.00195643
1932	2251	1.01983	0.00195643
1932	2252	1.01983	0.00195643
1932	2253	1.01983	0.00195643
1932	2254	1.01983	0.00195643
1932	2255	1.01983	0.00195643
1932	2256	1.01983	0.00195643
1932	2257	1.01983	0.00195643
1932	2258	1.01983	0.00195643
1932	2259	1.01983	0.00195643
1932	2260	1.01983	0.00195643
1932	2261	1.01983	0.00195643
1932	2262	1.01983	0.00195643
1932	2263	1.01983	0.00195643
1932	2264	1.01983	0.00195643
1932	2265	1.01983	0.00195643
1932	2266	1.01983	0.00195643
1932	2267	1.01983	0.00195643
1932	2268	1.01983	0.00195643
1932	2269	1.01983	0.00195643
1932	2270	1.01983	0.00195643
1932	2271	1.01983	0.00195643
1932	2272	1.01983	0.00195643
1932	2273	1.01983	0.00195643
1932	2274	1.01983	0.00195643
1932	2275	1.01983	0.00195643
1932	2276	1.01983	0.00195643
1932	2277	1.01983	0.00195643
1932	2278	1.01983	0.00195643
1932	2279	1.01983	0.00195643
1932	2280	1.01983	0.00195643
1932	2281	1.01983	0.00195643
1932	2282	1.01983	0.00195643
1932	2283	1.01983	0.00195643
1932	2284	1.01983	0.00195643
1932	2285	1.01983	0.00195643
1932	2286	1.01983	0.00195643
1932	2287	1.01983	0.00195643
1932	2288	1.01983	0.00195643
1932	2289	1.01983	0.00195643
1932	2290	1.01983	0.00195643
1932	2291	1.01983	0.00195643
1932	2292	1.01983	0.00195643
1932	2293	1.01983	0.00195643
1932	2294	1.01983	0.00195643
1932	2295	1.01983	0.00195643
1932	2296	1.01983	0.00195643
1932	2297	1.01983	0.00195643
1932	2298	1.01983	0.00195643
1932	2299	1.01983	0.00195643
1932	2300	1.01983	0.00195643
1932	2301	1.01983	0.00195643
1932	2302	1.01983	0.00195643
1932	2303	1.01983	0.00195643
1932	2304	1.01983	0.00195643
1932	2305	1.01983	0.00195643
1932	2306	1.01983	0.00195643
1932	2307	1.01983	0.00195643
1932	2308	1.01983	0.00195643
1932	2309	1.01983	0.00195643
1932	2310	1.01983	0.00195643
1932	2311	1.01983	0.00195643
1932	2312	1.01983	0.00195643
1932	2313	1.01983	0.00195643
1932	2314	1.01983	0.00195643
1932	2315	1.01983	0.00195643
1932	2316	1.01983	0.00195643
1932	2317	1.01983	0.00195643
1932	2318	1.01983	0.00195643
1932	2319	1.01983	0.00195643
1932	2320	1.01983	0.00195643
1932	2321	1.01983	0.00195643
1932	2322	1.01983	0.00195643
1932	2323	1.01983	0.00195643
1932	2324	1.01983	0.00195643
1932	2325	1.01983	0.00195643
1932	2326	1.01983	0.00195643
1932	2327	1.01983	0.00195643
1932	2328	1.01983	0.00195643
1932	2329	1.01983	0.00195643
1932	2330	1.01983	0.00195643
1932	2331	1.01983	0.00195643
1932	2332	1.01983	0.00195643
1932	2333	1.01983	0.00195643
1932	2334	1.01983	0.00195643
1932	2335	1.01983	0.00195643
1932	2336	1.01983	0.00195643
1932	2337	1.01983	0.00195643
1932	2338	1.01983	0.00195643
1932	2339	1.01983	0.00195643
1932	2340	1.01983	0.00195643
1932	2341	1.01983	0.00195643
1932	2342	1.01983	0.00195643
1932	2343	1.01983	0.00195643
1932	2344	1.01983	0.00195643
1932	2345	1.01983	0.00195643
1932	2346	1.01983	0.00195643
1932	2347	1.01983	0.00195643
1932	2348	1.01983	0.00195643
1932	2349	1.01983	0.00195643
1932	2350	1.01983	0.00195643
1932	2351	1.01983	0.00195643
1932	2352	1.01983	0.00195643
1932	2353	1.01983	0.00195643
1932	2354	1.01983	0.00195643
1932	2355	1.01983	0.00195643
1932	2356	1.01983	0.00195643
1932	2357	1.01983	0.00195643
1932	2358	1.01983	0.00195643
1932	2359	1.01983	0.00195643
1932	2360	1.01983	0.00195643
1932	2361	1.01983	0.00195643
1932	2362	1.01983	0.00195643
1932	2363	1.01983	0.00195643
1932	2364	1.01983	0.00195643
1932	2365	1.01983	0.00195643
1932	2366	1.01983	0.00195643
1932	2367	1.01983	0.00195643
1932	2368	1.01983	0.00195643
1932	2369	1.01983	0.00195643
1932	2370	1.01983	0.00195643
1932	2371	1.01983	0.00195643
1932	2372	1.01983	0.00195643
1932	2373	1.01983	0.00195643
1932	2374	1.01983	0.00195643
1932	2375	1.01983	0.00195643
