1626	0	1.00537	0.00190014
1626	1	1.00537	0.00190014
1626	2	1.00537	0.00190014
1626	3	1.00537	0.00190014
1626	4	1.00537	0.00190014
1626	5	1.00537	0.00190014
1626	6	1.00537	0.00190014
1626	7	1.00537	0.00190014
1626	8	1.00537	0.00190014
1626	9	1.00537	0.00190014
1626	10	1.00537	0.00190014
1626	11	1.00537	0.00190014
1626	12	1.00537	0.00190014
1626	13	1.00537	0.00190014
1626	14	1.00537	0.00190014
1626	15	1.00537	0.00190014
1626	16	1.00537	0.00190014
1626	17	1.00537	0.00190014
1626	18	1.00537	0.00190014
1626	19	1.00537	0.00190014
1626	20	1.00537	0.00190014
1626	21	1.00537	0.00190014
1626	22	1.00537	0.00190014
1626	23	1.00537	0.00190014
1626	24	1.00537	0.00190014
1626	25	1.00537	0.00190014
1626	26	1.00537	0.00190014
1626	27	1.00537	0.00190014
1626	28	1.00537	0.00190014
1626	29	1.00537	0.00190014
1626	30	1.00537	0.00190014
1626	31	1.00537	0.00190014
1626	32	1.00537	0.00190014
1626	33	1.00537	0.00190014
1626	34	1.00537	0.00190014
1626	35	1.00537	0.00190014
1626	36	1.00537	0.00190014
1626	37	1.00537	0.00190014
1626	38	1.00537	0.00190014
1626	39	1.00537	0.00190014
1626	40	1.00537	0.00190014
1626	41	1.00537	0.00190014
1626	42	1.00537	0.00190014
1626	43	1.00537	0.00190014
1626	44	1.00537	0.00190014
1626	45	1.00537	0.00190014
1626	46	1.00537	0.00190014
1626	47	1.00537	0.00190014
1626	48	1.00537	0.00190014
1626	49	1.00537	0.00190014
1626	50	1.00537	0.00190014
1626	51	1.00537	0.00190014
1626	52	1.00537	0.00190014
1626	53	1.00537	0.00190014
1626	54	1.00537	0.00190014
1626	55	1.00537	0.00190014
1626	56	1.00537	0.00190014
1626	57	1.00537	0.00190014
1626	58	1.00537	0.00190014
1626	59	1.00537	0.00190014
1626	60	1.00537	0.00190014
1626	61	1.00537	0.00190014
1626	62	1.00537	0.00190014
1626	63	1.00537	0.00190014
1626	64	1.00537	0.00190014
1626	65	1.00537	0.00190014
1626	66	1.00537	0.00190014
1626	67	1.00537	0.00190014
1626	68	1.00537	0.00190014
1626	69	1.00537	0.00190014
1626	70	1.00537	0.00190014
1626	71	1.00537	0.00190014
1626	72	1.00537	0.00190014
1626	73	1.00537	0.00190014
1626	74	1.00537	0.00190014
1626	75	1.00537	0.00190014
1626	76	1.00537	0.00190014
1626	77	1.00537	0.00190014
1626	78	1.00537	0.00190014
1626	79	1.00537	0.00190014
1626	80	1.00537	0.00190014
1626	81	1.00537	0.00190014
1626	82	1.00537	0.00190014
1626	83	1.00537	0.00190014
1626	84	1.00537	0.00190014
1626	85	1.00537	0.00190014
1626	86	1.00537	0.00190014
1626	87	1.00537	0.00190014
1626	88	1.00537	0.00190014
1626	89	1.00537	0.00190014
1626	90	1.00537	0.00190014
1626	91	1.00537	0.00190014
1626	92	1.00537	0.00190014
1626	93	1.00537	0.00190014
1626	94	1.00537	0.00190014
1626	95	1.00537	0.00190014
1626	96	1.00537	0.00190014
1626	97	1.00537	0.00190014
1626	98	1.00537	0.00190014
1626	99	1.00537	0.00190014
1626	100	1.00537	0.00190014
1626	101	1.00537	0.00190014
1626	102	1.00537	0.00190014
1626	103	1.00537	0.00190014
1626	104	1.00537	0.00190014
1626	105	1.00537	0.00190014
1626	106	1.00537	0.00190014
1626	107	1.00537	0.00190014
1626	108	1.00537	0.00190014
1626	109	1.00537	0.00190014
1626	110	1.00537	0.00190014
1626	111	1.00537	0.00190014
1626	112	1.00537	0.00190014
1626	113	1.00537	0.00190014
1626	114	1.00537	0.00190014
1626	115	1.00537	0.00190014
1626	116	1.00537	0.00190014
1626	117	1.00537	0.00190014
1626	118	1.00537	0.00190014
1626	119	1.00537	0.00190014
1626	120	1.00537	0.00190014
1626	121	1.00537	0.00190014
1626	122	1.00537	0.00190014
1626	123	1.00537	0.00190014
1626	124	1.00537	0.00190014
1626	125	1.00537	0.00190014
1626	126	1.00537	0.00190014
1626	127	1.00537	0.00190014
1626	128	1.00537	0.00190014
1626	129	1.00537	0.00190014
1626	130	1.00537	0.00190014
1626	131	1.00537	0.00190014
1626	132	1.00537	0.00190014
1626	133	1.00537	0.00190014
1626	134	1.00537	0.00190014
1626	135	1.00537	0.00190014
1626	136	1.00537	0.00190014
1626	137	1.00537	0.00190014
1626	138	1.00537	0.00190014
1626	139	1.00537	0.00190014
1626	140	1.00537	0.00190014
1626	141	1.00537	0.00190014
1626	142	1.00537	0.00190014
1626	143	1.00537	0.00190014
1626	144	1.00537	0.00190014
1626	145	1.00537	0.00190014
1626	146	1.00537	0.00190014
1626	147	1.00537	0.00190014
1626	148	1.00537	0.00190014
1626	149	1.00537	0.00190014
1626	150	1.00537	0.00190014
1626	151	1.00537	0.00190014
1626	152	1.00537	0.00190014
1626	153	1.00537	0.00190014
1626	154	1.00537	0.00190014
1626	155	1.00537	0.00190014
1626	156	1.00537	0.00190014
1626	157	1.00537	0.00190014
1626	158	1.00537	0.00190014
1626	159	1.00537	0.00190014
1626	160	1.00537	0.00190014
1626	161	1.00537	0.00190014
1626	162	1.00537	0.00190014
1626	163	1.00537	0.00190014
1626	164	1.00537	0.00190014
1626	165	1.00537	0.00190014
1626	166	1.00537	0.00190014
1626	167	1.00537	0.00190014
1626	168	1.00537	0.00190014
1626	169	1.00537	0.00190014
1626	170	1.00537	0.00190014
1626	171	1.00537	0.00190014
1626	172	1.00537	0.00190014
1626	173	1.00537	0.00190014
1626	174	1.00537	0.00190014
1626	175	1.00537	0.00190014
1626	176	1.00537	0.00190014
1626	177	1.00537	0.00190014
1626	178	1.00537	0.00190014
1626	179	1.00537	0.00190014
1626	180	1.00537	0.00190014
1626	181	1.00537	0.00190014
1626	182	1.00537	0.00190014
1626	183	1.00537	0.00190014
1626	184	1.00537	0.00190014
1626	185	1.00537	0.00190014
1626	186	1.00537	0.00190014
1626	187	1.00537	0.00190014
1626	188	1.00537	0.00190014
1626	189	1.00537	0.00190014
1626	190	1.00537	0.00190014
1626	191	1.00537	0.00190014
1626	192	1.00537	0.00190014
1626	193	1.00537	0.00190014
1626	194	1.00537	0.00190014
1626	195	1.00537	0.00190014
1626	196	1.00537	0.00190014
1626	197	1.00537	0.00190014
1626	198	1.00537	0.00190014
1626	199	1.00537	0.00190014
1626	200	1.00537	0.00190014
1626	201	1.00537	0.00190014
1626	202	1.00537	0.00190014
1626	203	1.00537	0.00190014
1626	204	1.00537	0.00190014
1626	205	1.00537	0.00190014
1626	206	1.00537	0.00190014
1626	207	1.00537	0.00190014
1626	208	1.00537	0.00190014
1626	209	1.00537	0.00190014
1626	210	1.00537	0.00190014
1626	211	1.00537	0.00190014
1626	212	1.00537	0.00190014
1626	213	1.00537	0.00190014
1626	214	1.00537	0.00190014
1626	215	1.00537	0.00190014
1626	216	1.00537	0.00190014
1626	217	1.00537	0.00190014
1626	218	1.00537	0.00190014
1626	219	1.00537	0.00190014
1626	220	1.00537	0.00190014
1626	221	1.00537	0.00190014
1626	222	1.00537	0.00190014
1626	223	1.00537	0.00190014
1626	224	1.00537	0.00190014
1626	225	1.00537	0.00190014
1626	226	1.00537	0.00190014
1626	227	1.00537	0.00190014
1626	228	1.00537	0.00190014
1626	229	1.00537	0.00190014
1626	230	1.00537	0.00190014
1626	231	1.00537	0.00190014
1626	232	1.00537	0.00190014
1626	233	1.00537	0.00190014
1626	234	1.00537	0.00190014
1626	235	1.00537	0.00190014
1626	236	1.00537	0.00190014
1626	237	1.00537	0.00190014
1626	238	1.00537	0.00190014
1626	239	1.00537	0.00190014
1626	240	1.00537	0.00190014
1626	241	1.00537	0.00190014
1626	242	1.00537	0.00190014
1626	243	1.00537	0.00190014
1626	244	1.00537	0.00190014
1626	245	1.00537	0.00190014
1626	246	1.00537	0.00190014
1626	247	1.00537	0.00190014
1626	248	1.00537	0.00190014
1626	249	1.00537	0.00190014
1626	250	1.00537	0.00190014
1626	251	1.00537	0.00190014
1626	252	1.00537	0.00190014
1626	253	1.00537	0.00190014
1626	254	1.00537	0.00190014
1626	255	1.00537	0.00190014
1626	256	1.00537	0.00190014
1626	257	1.00537	0.00190014
1626	258	1.00537	0.00190014
1626	259	1.00537	0.00190014
1626	260	1.00537	0.00190014
1626	261	1.00537	0.00190014
1626	262	1.00537	0.00190014
1626	263	1.00537	0.00190014
1626	264	1.00537	0.00190014
1626	265	1.00537	0.00190014
1626	266	1.00537	0.00190014
1626	267	1.00537	0.00190014
1626	268	1.00537	0.00190014
1626	269	1.00537	0.00190014
1626	270	1.00537	0.00190014
1626	271	1.00537	0.00190014
1626	272	1.00537	0.00190014
1626	273	1.00537	0.00190014
1626	274	1.00537	0.00190014
1626	275	1.00537	0.00190014
1626	276	1.00537	0.00190014
1626	277	1.00537	0.00190014
1626	278	1.00537	0.00190014
1626	279	1.00537	0.00190014
1626	280	1.00537	0.00190014
1626	281	1.00537	0.00190014
1626	282	1.00537	0.00190014
1626	283	1.00537	0.00190014
1626	284	1.00537	0.00190014
1626	285	1.00537	0.00190014
1626	286	1.00537	0.00190014
1626	287	1.00537	0.00190014
1626	288	1.00537	0.00190014
1626	289	1.00537	0.00190014
1626	290	1.00537	0.00190014
1626	291	1.00537	0.00190014
1626	292	1.00537	0.00190014
1626	293	1.00537	0.00190014
1626	294	1.00537	0.00190014
1626	295	1.00537	0.00190014
1626	296	1.00537	0.00190014
1626	297	1.00537	0.00190014
1626	298	1.00537	0.00190014
1626	299	1.00537	0.00190014
1626	300	1.00537	0.00190014
1626	301	1.00537	0.00190014
1626	302	1.00537	0.00190014
1626	303	1.00537	0.00190014
1626	304	1.00537	0.00190014
1626	305	1.00537	0.00190014
1626	306	1.00537	0.00190014
1626	307	1.00537	0.00190014
1626	308	1.00537	0.00190014
1626	309	1.00537	0.00190014
1626	310	1.00537	0.00190014
1626	311	1.00537	0.00190014
1626	312	1.00537	0.00190014
1626	313	1.00537	0.00190014
1626	314	1.00537	0.00190014
1626	315	1.00537	0.00190014
1626	316	1.00537	0.00190014
1626	317	1.00537	0.00190014
1626	318	1.00537	0.00190014
1626	319	1.00537	0.00190014
1626	320	1.00537	0.00190014
1626	321	1.00537	0.00190014
1626	322	1.00537	0.00190014
1626	323	1.00537	0.00190014
1626	324	1.00537	0.00190014
1626	325	1.00537	0.00190014
1626	326	1.00537	0.00190014
1626	327	1.00537	0.00190014
1626	328	1.00537	0.00190014
1626	329	1.00537	0.00190014
1626	330	1.00537	0.00190014
1626	331	1.00537	0.00190014
1626	332	1.00537	0.00190014
1626	333	1.00537	0.00190014
1626	334	1.00537	0.00190014
1626	335	1.00537	0.00190014
1626	336	1.00537	0.00190014
1626	337	1.00537	0.00190014
1626	338	1.00537	0.00190014
1626	339	1.00537	0.00190014
1626	340	1.00537	0.00190014
1626	341	1.00537	0.00190014
1626	342	1.00537	0.00190014
1626	343	1.00537	0.00190014
1626	344	1.00537	0.00190014
1626	345	1.00537	0.00190014
1626	346	1.00537	0.00190014
1626	347	1.00537	0.00190014
1626	348	1.00537	0.00190014
1626	349	1.00537	0.00190014
1626	350	1.00537	0.00190014
1626	351	1.00537	0.00190014
1626	352	1.00537	0.00190014
1626	353	1.00537	0.00190014
1626	354	1.00537	0.00190014
1626	355	1.00537	0.00190014
1626	356	1.00537	0.00190014
1626	357	1.00537	0.00190014
1626	358	1.00537	0.00190014
1626	359	1.00537	0.00190014
1626	360	1.00537	0.00190014
1626	361	1.00537	0.00190014
1626	362	1.00537	0.00190014
1626	363	1.00537	0.00190014
1626	364	1.00537	0.00190014
1626	365	1.00537	0.00190014
1626	366	1.00537	0.00190014
1626	367	1.00537	0.00190014
1626	368	1.00537	0.00190014
1626	369	1.00537	0.00190014
1626	370	1.00537	0.00190014
1626	371	1.00537	0.00190014
1626	372	1.00537	0.00190014
1626	373	1.00537	0.00190014
1626	374	1.00537	0.00190014
1626	375	1.00537	0.00190014
1626	376	1.00537	0.00190014
1626	377	1.00537	0.00190014
1626	378	1.00537	0.00190014
1626	379	1.00537	0.00190014
1626	380	1.00537	0.00190014
1626	381	1.00537	0.00190014
1626	382	1.00537	0.00190014
1626	383	1.00537	0.00190014
1626	384	1.00537	0.00190014
1626	385	1.00537	0.00190014
1626	386	1.00537	0.00190014
1626	387	1.00537	0.00190014
1626	388	1.00537	0.00190014
1626	389	1.00537	0.00190014
1626	390	1.00537	0.00190014
1626	391	1.00537	0.00190014
1626	392	1.00537	0.00190014
1626	393	1.00537	0.00190014
1626	394	1.00537	0.00190014
1626	395	1.00537	0.00190014
1626	396	1.00537	0.00190014
1626	397	1.00537	0.00190014
1626	398	1.00537	0.00190014
1626	399	1.00537	0.00190014
1626	400	1.00537	0.00190014
1626	401	1.00537	0.00190014
1626	402	1.00537	0.00190014
1626	403	1.00537	0.00190014
1626	404	1.00537	0.00190014
1626	405	1.00537	0.00190014
1626	406	1.00537	0.00190014
1626	407	1.00537	0.00190014
1626	408	1.00537	0.00190014
1626	409	1.00537	0.00190014
1626	410	1.00537	0.00190014
1626	411	1.00537	0.00190014
1626	412	1.00537	0.00190014
1626	413	1.00537	0.00190014
1626	414	1.00537	0.00190014
1626	415	1.00537	0.00190014
1626	416	1.00537	0.00190014
1626	417	1.00537	0.00190014
1626	418	1.00537	0.00190014
1626	419	1.00537	0.00190014
1626	420	1.00537	0.00190014
1626	421	1.00537	0.00190014
1626	422	1.00537	0.00190014
1626	423	1.00537	0.00190014
1626	424	1.00537	0.00190014
1626	425	1.00537	0.00190014
1626	426	1.00537	0.00190014
1626	427	1.00537	0.00190014
1626	428	1.00537	0.00190014
1626	429	1.00537	0.00190014
1626	430	1.00537	0.00190014
1626	431	1.00537	0.00190014
1626	432	1.00537	0.00190014
1626	433	1.00537	0.00190014
1626	434	1.00537	0.00190014
1626	435	1.00537	0.00190014
1626	436	1.00537	0.00190014
1626	437	1.00537	0.00190014
1626	438	1.00537	0.00190014
1626	439	1.00537	0.00190014
1626	440	1.00537	0.00190014
1626	441	1.00537	0.00190014
1626	442	1.00537	0.00190014
1626	443	1.00537	0.00190014
1626	444	1.00537	0.00190014
1626	445	1.00537	0.00190014
1626	446	1.00537	0.00190014
1626	447	1.00537	0.00190014
1626	448	1.00537	0.00190014
1626	449	1.00537	0.00190014
1626	450	1.00537	0.00190014
1626	451	1.00537	0.00190014
1626	452	1.00537	0.00190014
1626	453	1.00537	0.00190014
1626	454	1.00537	0.00190014
1626	455	1.00537	0.00190014
1626	456	1.00537	0.00190014
1626	457	1.00537	0.00190014
1626	458	1.00537	0.00190014
1626	459	1.00537	0.00190014
1626	460	1.00537	0.00190014
1626	461	1.00537	0.00190014
1626	462	1.00537	0.00190014
1626	463	1.00537	0.00190014
1626	464	1.00537	0.00190014
1626	465	1.00537	0.00190014
1626	466	1.00537	0.00190014
1626	467	1.00537	0.00190014
1626	468	1.00537	0.00190014
1626	469	1.00537	0.00190014
1626	470	1.00537	0.00190014
1626	471	1.00537	0.00190014
1626	472	1.00537	0.00190014
1626	473	1.00537	0.00190014
1626	474	1.00537	0.00190014
1626	475	1.00537	0.00190014
1626	476	1.00537	0.00190014
1626	477	1.00537	0.00190014
1626	478	1.00537	0.00190014
1626	479	1.00537	0.00190014
1626	480	1.00537	0.00190014
1626	481	1.00537	0.00190014
1626	482	1.00537	0.00190014
1626	483	1.00537	0.00190014
1626	484	1.00537	0.00190014
1626	485	1.00537	0.00190014
1626	486	1.00537	0.00190014
1626	487	1.00537	0.00190014
1626	488	1.00537	0.00190014
1626	489	1.00537	0.00190014
1626	490	1.00537	0.00190014
1626	491	1.00537	0.00190014
1626	492	1.00537	0.00190014
1626	493	1.00537	0.00190014
1626	494	1.00537	0.00190014
1626	495	1.00537	0.00190014
1626	496	1.00537	0.00190014
1626	497	1.00537	0.00190014
1626	498	1.00537	0.00190014
1626	499	1.00537	0.00190014
1626	500	1.00537	0.00190014
1626	501	1.00537	0.00190014
1626	502	1.00537	0.00190014
1626	503	1.00537	0.00190014
1626	504	1.00537	0.00190014
1626	505	1.00537	0.00190014
1626	506	1.00537	0.00190014
1626	507	1.00537	0.00190014
1626	508	1.00537	0.00190014
1626	509	1.00537	0.00190014
1626	510	1.00537	0.00190014
1626	511	1.00537	0.00190014
1626	512	1.00537	0.00190014
1626	513	1.00537	0.00190014
1626	514	1.00537	0.00190014
1626	515	1.00537	0.00190014
1626	516	1.00537	0.00190014
1626	517	1.00537	0.00190014
1626	518	1.00537	0.00190014
1626	519	1.00537	0.00190014
1626	520	1.00537	0.00190014
1626	521	1.00537	0.00190014
1626	522	1.00537	0.00190014
1626	523	1.00537	0.00190014
1626	524	1.00537	0.00190014
1626	525	1.00537	0.00190014
1626	526	1.00537	0.00190014
1626	527	1.00537	0.00190014
1626	528	1.00537	0.00190014
1626	529	1.00537	0.00190014
1626	530	1.00537	0.00190014
1626	531	1.00537	0.00190014
1626	532	1.00537	0.00190014
1626	533	1.00537	0.00190014
1626	534	1.00537	0.00190014
1626	535	1.00537	0.00190014
1626	536	1.00537	0.00190014
1626	537	1.00537	0.00190014
1626	538	1.00537	0.00190014
1626	539	1.00537	0.00190014
1626	540	1.00537	0.00190014
1626	541	1.00537	0.00190014
1626	542	1.00537	0.00190014
1626	543	1.00537	0.00190014
1626	544	1.00537	0.00190014
1626	545	1.00537	0.00190014
1626	546	1.00537	0.00190014
1626	547	1.00537	0.00190014
1626	548	1.00537	0.00190014
1626	549	1.00537	0.00190014
1626	550	1.00537	0.00190014
1626	551	1.00537	0.00190014
1626	552	1.00537	0.00190014
1626	553	1.00537	0.00190014
1626	554	1.00537	0.00190014
1626	555	1.00537	0.00190014
1626	556	1.00537	0.00190014
1626	557	1.00537	0.00190014
1626	558	1.00537	0.00190014
1626	559	1.00537	0.00190014
1626	560	1.00537	0.00190014
1626	561	1.00537	0.00190014
1626	562	1.00537	0.00190014
1626	563	1.00537	0.00190014
1626	564	1.00537	0.00190014
1626	565	1.00537	0.00190014
1626	566	1.00537	0.00190014
1626	567	1.00537	0.00190014
1626	568	1.00537	0.00190014
1626	569	1.00537	0.00190014
1626	570	1.00537	0.00190014
1626	571	1.00537	0.00190014
1626	572	1.00537	0.00190014
1626	573	1.00537	0.00190014
1626	574	1.00537	0.00190014
1626	575	1.00537	0.00190014
1626	576	1.00537	0.00190014
1626	577	1.00537	0.00190014
1626	578	1.00537	0.00190014
1626	579	1.00537	0.00190014
1626	580	1.00537	0.00190014
1626	581	1.00537	0.00190014
1626	582	1.00537	0.00190014
1626	583	1.00537	0.00190014
1626	584	1.00537	0.00190014
1626	585	1.00537	0.00190014
1626	586	1.00537	0.00190014
1626	587	1.00537	0.00190014
1626	588	1.00537	0.00190014
1626	589	1.00537	0.00190014
1626	590	1.00537	0.00190014
1626	591	1.00537	0.00190014
1626	592	1.00537	0.00190014
1626	593	1.00537	0.00190014
1626	594	1.00537	0.00190014
1626	595	1.00537	0.00190014
1626	596	1.00537	0.00190014
1626	597	1.00537	0.00190014
1626	598	1.00537	0.00190014
1626	599	1.00537	0.00190014
1626	600	1.00537	0.00190014
1626	601	1.00537	0.00190014
1626	602	1.00537	0.00190014
1626	603	1.00537	0.00190014
1626	604	1.00537	0.00190014
1626	605	1.00537	0.00190014
1626	606	1.00537	0.00190014
1626	607	1.00537	0.00190014
1626	608	1.00537	0.00190014
1626	609	1.00537	0.00190014
1626	610	1.00537	0.00190014
1626	611	1.00537	0.00190014
1626	612	1.00537	0.00190014
1626	613	1.00537	0.00190014
1626	614	1.00537	0.00190014
1626	615	1.00537	0.00190014
1626	616	1.00537	0.00190014
1626	617	1.00537	0.00190014
1626	618	1.00537	0.00190014
1626	619	1.00537	0.00190014
1626	620	1.00537	0.00190014
1626	621	1.00537	0.00190014
1626	622	1.00537	0.00190014
1626	623	1.00537	0.00190014
1626	624	1.00537	0.00190014
1626	625	1.00537	0.00190014
1626	626	1.00537	0.00190014
1626	627	1.00537	0.00190014
1626	628	1.00537	0.00190014
1626	629	1.00537	0.00190014
1626	630	1.00537	0.00190014
1626	631	1.00537	0.00190014
1626	632	1.00537	0.00190014
1626	633	1.00537	0.00190014
1626	634	1.00537	0.00190014
1626	635	1.00537	0.00190014
1626	636	1.00537	0.00190014
1626	637	1.00537	0.00190014
1626	638	1.00537	0.00190014
1626	639	1.00537	0.00190014
1626	640	1.00537	0.00190014
1626	641	1.00537	0.00190014
1626	642	1.00537	0.00190014
1626	643	1.00537	0.00190014
1626	644	1.00537	0.00190014
1626	645	1.00537	0.00190014
1626	646	1.00537	0.00190014
1626	647	1.00537	0.00190014
1626	648	1.00537	0.00190014
1626	649	1.00537	0.00190014
1626	650	1.00537	0.00190014
1626	651	1.00537	0.00190014
1626	652	1.00537	0.00190014
1626	653	1.00537	0.00190014
1626	654	1.00537	0.00190014
1626	655	1.00537	0.00190014
1626	656	1.00537	0.00190014
1626	657	1.00537	0.00190014
1626	658	1.00537	0.00190014
1626	659	1.00537	0.00190014
1626	660	1.00537	0.00190014
1626	661	1.00537	0.00190014
1626	662	1.00537	0.00190014
1626	663	1.00537	0.00190014
1626	664	1.00537	0.00190014
1626	665	1.00537	0.00190014
1626	666	1.00537	0.00190014
1626	667	1.00537	0.00190014
1626	668	1.00537	0.00190014
1626	669	1.00537	0.00190014
1626	670	1.00537	0.00190014
1626	671	1.00462	0.00189233
1626	672	1.00462	0.00189233
1626	673	1.00462	0.00189233
1626	674	1.00462	0.00189233
1626	675	1.00462	0.00189233
1626	676	1.00462	0.00189233
1626	677	1.00462	0.00189233
1626	678	1.00462	0.00189233
1626	679	1.00462	0.00189233
1626	680	1.00462	0.00189233
1626	681	1.00462	0.00189233
1626	682	1.00462	0.00189233
1626	683	1.00462	0.00189233
1626	684	1.00462	0.00189233
1626	685	1.00462	0.00189233
1626	686	1.00462	0.00189233
1626	687	1.00462	0.00189233
1626	688	1.00462	0.00189233
1626	689	1.00462	0.00189233
1626	690	1.00462	0.00189233
1626	691	1.00462	0.00189233
1626	692	1.00462	0.00189233
1626	693	1.00462	0.00189233
1626	694	1.00462	0.00189233
1626	695	1.00462	0.00189233
1626	696	1.00462	0.00189233
1626	697	1.00462	0.00189233
1626	698	1.00462	0.00189233
1626	699	1.00462	0.00189233
1626	700	1.00462	0.00189233
1626	701	1.00462	0.00189233
1626	702	1.00462	0.00189233
1626	703	1.00462	0.00189233
1626	704	1.00462	0.00189233
1626	705	1.00462	0.00189233
1626	706	1.00462	0.00189233
1626	707	1.00462	0.00189233
1626	708	1.00462	0.00189233
1626	709	1.00462	0.00189233
1626	710	1.00462	0.00189233
1626	711	1.00462	0.00189233
1626	712	1.00462	0.00189233
1626	713	1.00462	0.00189233
1626	714	1.00462	0.00189233
1626	715	1.00462	0.00189233
1626	716	1.00462	0.00189233
1626	717	1.00462	0.00189233
1626	718	1.00462	0.00189233
1626	719	1.00462	0.00189233
1626	720	1.00462	0.00189233
1626	721	1.00462	0.00189233
1626	722	1.00462	0.00189233
1626	723	1.00462	0.00189233
1626	724	1.00462	0.00189233
1626	725	1.00462	0.00189233
1626	726	1.00462	0.00189233
1626	727	1.00462	0.00189233
1626	728	1.00462	0.00189233
1626	729	1.00462	0.00189233
1626	730	1.00462	0.00189233
1626	731	1.00462	0.00189233
1626	732	1.00462	0.00189233
1626	733	1.00462	0.00189233
1626	734	1.00462	0.00189233
1626	735	1.00462	0.00189233
1626	736	1.00462	0.00189233
1626	737	1.00462	0.00189233
1626	738	1.00462	0.00189233
1626	739	1.00462	0.00189233
1626	740	1.00462	0.00189233
1626	741	1.00462	0.00189233
1626	742	1.00462	0.00189233
1626	743	1.00462	0.00189233
1626	744	1.00462	0.00189233
1626	745	1.00462	0.00189233
1626	746	1.00462	0.00189233
1626	747	1.00462	0.00189233
1626	748	1.00462	0.00189233
1626	749	1.00462	0.00189233
1626	750	1.00462	0.00189233
1626	751	1.00462	0.00189233
1626	752	1.00462	0.00189233
1626	753	1.00462	0.00189233
1626	754	1.00462	0.00189233
1626	755	1.00462	0.00189233
1626	756	1.00462	0.00189233
1626	757	1.00462	0.00189233
1626	758	1.00462	0.00189233
1626	759	1.00462	0.00189233
1626	760	1.00462	0.00189233
1626	761	1.00462	0.00189233
1626	762	1.00462	0.00189233
1626	763	1.00462	0.00189233
1626	764	1.00462	0.00189233
1626	765	1.00462	0.00189233
1626	766	1.00462	0.00189233
1626	767	1.00462	0.00189233
1626	768	1.00462	0.00189233
1626	769	1.00462	0.00189233
1626	770	1.00462	0.00189233
1626	771	1.00462	0.00189233
1626	772	1.00462	0.00189233
1626	773	1.00462	0.00189233
1626	774	1.00462	0.00189233
1626	775	1.00462	0.00189233
1626	776	1.00462	0.00189233
1626	777	1.00462	0.00189233
1626	778	1.00462	0.00189233
1626	779	1.00462	0.00189233
1626	780	1.00462	0.00189233
1626	781	1.00462	0.00189233
1626	782	1.00462	0.00189233
1626	783	1.00462	0.00189233
1626	784	1.00462	0.00189233
1626	785	1.00462	0.00189233
1626	786	1.00462	0.00189233
1626	787	1.00462	0.00189233
1626	788	1.00462	0.00189233
1626	789	1.00462	0.00189233
1626	790	1.00462	0.00189233
1626	791	1.00462	0.00189233
1626	792	1.00462	0.00189233
1626	793	1.00462	0.00189233
1626	794	1.00462	0.00189233
1626	795	1.00462	0.00189233
1626	796	1.00462	0.00189233
1626	797	1.00462	0.00189233
1626	798	1.00462	0.00189233
1626	799	1.00462	0.00189233
1626	800	1.00462	0.00189233
1626	801	1.00462	0.00189233
1626	802	1.00462	0.00189233
1626	803	1.00462	0.00189233
1626	804	1.00462	0.00189233
1626	805	1.00462	0.00189233
1626	806	1.00462	0.00189233
1626	807	1.00462	0.00189233
1626	808	1.00462	0.00189233
1626	809	1.00462	0.00189233
1626	810	1.00462	0.00189233
1626	811	1.00462	0.00189233
1626	812	1.00462	0.00189233
1626	813	1.00462	0.00189233
1626	814	1.00462	0.00189233
1626	815	1.00462	0.00189233
1626	816	1.00462	0.00189233
1626	817	1.00462	0.00189233
1626	818	1.00462	0.00189233
1626	819	1.00462	0.00189233
1626	820	1.00462	0.00189233
1626	821	1.00462	0.00189233
1626	822	1.00462	0.00189233
1626	823	1.00462	0.00189233
1626	824	1.00462	0.00189233
1626	825	1.00462	0.00189233
1626	826	1.00462	0.00189233
1626	827	1.00462	0.00189233
1626	828	1.00462	0.00189233
1626	829	1.00462	0.00189233
1626	830	1.00462	0.00189233
1626	831	1.00462	0.00189233
1626	832	1.00462	0.00189233
1626	833	1.00462	0.00189233
1626	834	1.00462	0.00189233
1626	835	1.00462	0.00189233
1626	836	1.00462	0.00189233
1626	837	1.00462	0.00189233
1626	838	1.00462	0.00189233
1626	839	1.00462	0.00189233
1626	840	1.00462	0.00189233
1626	841	1.00462	0.00189233
1626	842	1.00462	0.00189233
1626	843	1.00462	0.00189233
1626	844	1.00462	0.00189233
1626	845	1.00462	0.00189233
1626	846	1.00462	0.00189233
1626	847	1.00462	0.00189233
1626	848	1.00462	0.00189233
1626	849	1.00462	0.00189233
1626	850	1.00462	0.00189233
1626	851	1.00462	0.00189233
1626	852	1.00462	0.00189233
1626	853	1.00462	0.00189233
1626	854	1.00462	0.00189233
1626	855	1.00462	0.00189233
1626	856	1.00462	0.00189233
1626	857	1.00462	0.00189233
1626	858	1.00462	0.00189233
1626	859	1.00462	0.00189233
1626	860	1.00462	0.00189233
1626	861	1.00462	0.00189233
1626	862	1.00462	0.00189233
1626	863	1.00462	0.00189233
1626	864	1.00462	0.00189233
1626	865	1.00462	0.00189233
1626	866	1.00462	0.00189233
1626	867	1.00462	0.00189233
1626	868	1.00462	0.00189233
1626	869	1.00462	0.00189233
1626	870	1.00462	0.00189233
1626	871	1.00462	0.00189233
1626	872	1.00462	0.00189233
1626	873	1.00462	0.00189233
1626	874	1.00462	0.00189233
1626	875	1.00462	0.00189233
1626	876	1.00462	0.00189233
1626	877	1.00462	0.00189233
1626	878	1.00462	0.00189233
1626	879	1.00462	0.00189233
1626	880	1.00462	0.00189233
1626	881	1.00462	0.00189233
1626	882	1.00462	0.00189233
1626	883	1.00462	0.00189233
1626	884	1.00462	0.00189233
1626	885	1.00462	0.00189233
1626	886	1.00462	0.00189233
1626	887	1.00462	0.00189233
1626	888	1.00462	0.00189233
1626	889	1.00462	0.00189233
1626	890	1.00462	0.00189233
1626	891	1.00462	0.00189233
1626	892	1.00462	0.00189233
1626	893	1.00462	0.00189233
1626	894	1.00462	0.00189233
1626	895	1.00462	0.00189233
1626	896	1.00462	0.00189233
1626	897	1.00462	0.00189233
1626	898	1.00462	0.00189233
1626	899	1.00462	0.00189233
1626	900	1.00462	0.00189233
1626	901	1.00462	0.00189233
1626	902	1.00462	0.00189233
1626	903	1.00462	0.00189233
1626	904	1.00462	0.00189233
1626	905	1.00462	0.00189233
1626	906	1.00462	0.00189233
1626	907	1.00462	0.00189233
1626	908	1.00462	0.00189233
1626	909	1.00462	0.00189233
1626	910	1.00462	0.00189233
1626	911	1.00462	0.00189233
1626	912	1.00462	0.00189233
1626	913	1.00462	0.00189233
1626	914	1.00462	0.00189233
1626	915	1.00462	0.00189233
1626	916	1.00462	0.00189233
1626	917	1.00462	0.00189233
1626	918	1.00462	0.00189233
1626	919	1.00462	0.00189233
1626	920	1.00462	0.00189233
1626	921	1.00462	0.00189233
1626	922	1.00462	0.00189233
1626	923	1.00462	0.00189233
1626	924	1.00462	0.00189233
1626	925	1.00462	0.00189233
1626	926	1.00462	0.00189233
1626	927	1.00462	0.00189233
1626	928	1.00462	0.00189233
1626	929	1.00462	0.00189233
1626	930	1.00462	0.00189233
1626	931	1.00462	0.00189233
1626	932	1.00462	0.00189233
1626	933	1.00462	0.00189233
1626	934	1.00462	0.00189233
1626	935	1.00462	0.00189233
1626	936	1.00462	0.00189233
1626	937	1.00462	0.00189233
1626	938	1.00462	0.00189233
1626	939	1.00462	0.00189233
1626	940	1.00462	0.00189233
1626	941	1.00462	0.00189233
1626	942	1.00462	0.00189233
1626	943	1.00462	0.00189233
1626	944	1.00462	0.00189233
1626	945	1.00462	0.00189233
1626	946	1.00462	0.00189233
1626	947	1.00462	0.00189233
1626	948	1.00462	0.00189233
1626	949	1.00462	0.00189233
1626	950	1.00462	0.00189233
1626	951	1.00462	0.00189233
1626	952	1.00462	0.00189233
1626	953	1.00462	0.00189233
1626	954	1.00462	0.00189233
1626	955	1.00462	0.00189233
1626	956	1.00462	0.00189233
1626	957	1.00462	0.00189233
1626	958	1.00462	0.00189233
1626	959	1.00462	0.00189233
1626	960	1.00462	0.00189233
1626	961	1.00462	0.00189233
1626	962	1.00462	0.00189233
1626	963	1.00462	0.00189233
1626	964	1.00462	0.00189233
1626	965	1.00462	0.00189233
1626	966	1.00462	0.00189233
1626	967	1.00462	0.00189233
1626	968	1.00462	0.00189233
1626	969	1.00462	0.00189233
1626	970	1.00462	0.00189233
1626	971	1.00462	0.00189233
1626	972	1.00462	0.00189233
1626	973	1.00462	0.00189233
1626	974	1.00462	0.00189233
1626	975	1.00462	0.00189233
1626	976	1.00462	0.00189233
1626	977	1.00462	0.00189233
1626	978	1.00462	0.00189233
1626	979	1.00462	0.00189233
1626	980	1.00462	0.00189233
1626	981	1.00462	0.00189233
1626	982	1.00462	0.00189233
1626	983	1.00462	0.00189233
1626	984	1.00462	0.00189233
1626	985	1.00462	0.00189233
1626	986	1.00462	0.00189233
1626	987	1.00462	0.00189233
1626	988	1.00462	0.00189233
1626	989	1.00462	0.00189233
1626	990	1.00462	0.00189233
1626	991	1.00462	0.00189233
1626	992	1.00462	0.00189233
1626	993	1.00462	0.00189233
1626	994	1.00462	0.00189233
1626	995	1.00462	0.00189233
1626	996	1.00462	0.00189233
1626	997	1.00462	0.00189233
1626	998	1.00462	0.00189233
1626	999	1.00462	0.00189233
1626	1000	1.00462	0.00189233
1626	1001	1.00462	0.00189233
1626	1002	1.00462	0.00189233
1626	1003	1.00462	0.00189233
1626	1004	1.00462	0.00189233
1626	1005	1.00462	0.00189233
1626	1006	1.00462	0.00189233
1626	1007	1.00462	0.00189233
1626	1008	1.00462	0.00189233
1626	1009	1.00462	0.00189233
1626	1010	1.00462	0.00189233
1626	1011	1.00462	0.00189233
1626	1012	1.00462	0.00189233
1626	1013	1.00462	0.00189233
1626	1014	1.00462	0.00189233
1626	1015	1.00462	0.00189233
1626	1016	1.00462	0.00189233
1626	1017	1.00462	0.00189233
1626	1018	1.00462	0.00189233
1626	1019	1.00462	0.00189233
1626	1020	1.00462	0.00189233
1626	1021	1.00462	0.00189233
1626	1022	1.00462	0.00189233
1626	1023	1.00462	0.00189233
1626	1024	1.00462	0.00189233
1626	1025	1.00462	0.00189233
1626	1026	1.00462	0.00189233
1626	1027	1.00462	0.00189233
1626	1028	1.00462	0.00189233
1626	1029	1.00462	0.00189233
1626	1030	1.00462	0.00189233
1626	1031	1.00462	0.00189233
1626	1032	1.00462	0.00189233
1626	1033	1.00462	0.00189233
1626	1034	1.00462	0.00189233
1626	1035	1.00462	0.00189233
1626	1036	1.00462	0.00189233
1626	1037	1.00462	0.00189233
1626	1038	1.00462	0.00189233
1626	1039	1.00462	0.00189233
1626	1040	1.00462	0.00189233
1626	1041	1.00462	0.00189233
1626	1042	1.00462	0.00189233
1626	1043	1.00462	0.00189233
1626	1044	1.00462	0.00189233
1626	1045	1.00462	0.00189233
1626	1046	1.00462	0.00189233
1626	1047	1.00462	0.00189233
1626	1048	1.00462	0.00189233
1626	1049	1.00462	0.00189233
1626	1050	1.00462	0.00189233
1626	1051	1.00462	0.00189233
1626	1052	1.00462	0.00189233
1626	1053	1.00462	0.00189233
1626	1054	1.00462	0.00189233
1626	1055	1.00462	0.00189233
1626	1056	1.00462	0.00189233
1626	1057	1.00462	0.00189233
1626	1058	1.00462	0.00189233
1626	1059	1.00462	0.00189233
1626	1060	1.00462	0.00189233
1626	1061	1.00462	0.00189233
1626	1062	1.00462	0.00189233
1626	1063	1.00462	0.00189233
1626	1064	1.00462	0.00189233
1626	1065	1.00462	0.00189233
1626	1066	1.00462	0.00189233
1626	1067	1.00462	0.00189233
1626	1068	1.00462	0.00189233
1626	1069	1.00462	0.00189233
1626	1070	1.00462	0.00189233
1626	1071	1.00462	0.00189233
1626	1072	1.00462	0.00189233
1626	1073	1.00462	0.00189233
1626	1074	1.00462	0.00189233
1626	1075	1.00462	0.00189233
1626	1076	1.00462	0.00189233
1626	1077	1.00462	0.00189233
1626	1078	1.00462	0.00189233
1626	1079	1.00462	0.00189233
1626	1080	1.00462	0.00189233
1626	1081	1.00462	0.00189233
1626	1082	1.00462	0.00189233
1626	1083	1.00462	0.00189233
1626	1084	1.00462	0.00189233
1626	1085	1.00462	0.00189233
1626	1086	1.00462	0.00189233
1626	1087	1.00462	0.00189233
1626	1088	1.00462	0.00189233
1626	1089	1.00462	0.00189233
1626	1090	1.00462	0.00189233
1626	1091	1.00462	0.00189233
1626	1092	1.00462	0.00189233
1626	1093	1.00462	0.00189233
1626	1094	1.00462	0.00189233
1626	1095	1.00462	0.00189233
1626	1096	1.00462	0.00189233
1626	1097	1.00462	0.00189233
1626	1098	1.00462	0.00189233
1626	1099	1.00462	0.00189233
1626	1100	1.00462	0.00189233
1626	1101	1.00462	0.00189233
1626	1102	1.00462	0.00189233
1626	1103	1.00462	0.00189233
1626	1104	1.00462	0.00189233
1626	1105	1.00462	0.00189233
1626	1106	1.00462	0.00189233
1626	1107	1.00462	0.00189233
1626	1108	1.00462	0.00189233
1626	1109	1.00462	0.00189233
1626	1110	1.00462	0.00189233
1626	1111	1.00462	0.00189233
1626	1112	1.00462	0.00189233
1626	1113	1.00462	0.00189233
1626	1114	1.00462	0.00189233
1626	1115	1.00462	0.00189233
1626	1116	1.00462	0.00189233
1626	1117	1.00462	0.00189233
1626	1118	1.00462	0.00189233
1626	1119	1.00462	0.00189233
1626	1120	1.00462	0.00189233
1626	1121	1.00462	0.00189233
1626	1122	1.00462	0.00189233
1626	1123	1.00462	0.00189233
1626	1124	1.00462	0.00189233
1626	1125	1.00462	0.00189233
1626	1126	1.00462	0.00189233
1626	1127	1.00462	0.00189233
1626	1128	1.00462	0.00189233
1626	1129	1.00462	0.00189233
1626	1130	1.00462	0.00189233
1626	1131	1.00462	0.00189233
1626	1132	1.00462	0.00189233
1626	1133	1.00462	0.00189233
1626	1134	1.00462	0.00189233
1626	1135	1.00462	0.00189233
1626	1136	1.00462	0.00189233
1626	1137	1.00462	0.00189233
1626	1138	1.00462	0.00189233
1626	1139	1.00462	0.00189233
1626	1140	1.00462	0.00189233
1626	1141	1.00462	0.00189233
1626	1142	1.00462	0.00189233
1626	1143	1.00462	0.00189233
1626	1144	1.00462	0.00189233
1626	1145	1.00462	0.00189233
1626	1146	1.00462	0.00189233
1626	1147	1.00462	0.00189233
1626	1148	1.00462	0.00189233
1626	1149	1.00462	0.00189233
1626	1150	1.00462	0.00189233
1626	1151	1.00462	0.00189233
1626	1152	1.00462	0.00189233
1626	1153	1.00462	0.00189233
1626	1154	1.00462	0.00189233
1626	1155	1.00462	0.00189233
1626	1156	1.00462	0.00189233
1626	1157	1.00462	0.00189233
1626	1158	1.00462	0.00189233
1626	1159	1.00462	0.00189233
1626	1160	1.00462	0.00189233
1626	1161	1.00462	0.00189233
1626	1162	1.00462	0.00189233
1626	1163	1.00462	0.00189233
1626	1164	1.00462	0.00189233
1626	1165	1.00462	0.00189233
1626	1166	1.00462	0.00189233
1626	1167	1.00462	0.00189233
1626	1168	1.00462	0.00189233
1626	1169	1.00462	0.00189233
1626	1170	1.00462	0.00189233
1626	1171	1.00462	0.00189233
1626	1172	1.00462	0.00189233
1626	1173	1.00462	0.00189233
1626	1174	1.00462	0.00189233
1626	1175	1.00462	0.00189233
1626	1176	1.00462	0.00189233
1626	1177	1.00462	0.00189233
1626	1178	1.00462	0.00189233
1626	1179	1.00462	0.00189233
1626	1180	1.00462	0.00189233
1626	1181	1.00462	0.00189233
1626	1182	1.00462	0.00189233
1626	1183	1.00462	0.00189233
1626	1184	1.00462	0.00189233
1626	1185	1.00462	0.00189233
1626	1186	1.00462	0.00189233
1626	1187	1.00462	0.00189233
1626	1188	1.00462	0.00189233
1626	1189	1.00462	0.00189233
1626	1190	1.00462	0.00189233
1626	1191	1.00462	0.00189233
1626	1192	1.00462	0.00189233
1626	1193	1.00462	0.00189233
1626	1194	1.00462	0.00189233
1626	1195	1.00462	0.00189233
1626	1196	1.00462	0.00189233
1626	1197	1.00462	0.00189233
1626	1198	1.00462	0.00189233
1626	1199	1.00462	0.00189233
1626	1200	1.00462	0.00189233
1626	1201	1.00462	0.00189233
1626	1202	1.00462	0.00189233
1626	1203	1.00462	0.00189233
1626	1204	1.00462	0.00189233
1626	1205	1.00462	0.00189233
1626	1206	1.00462	0.00189233
1626	1207	1.00462	0.00189233
1626	1208	1.00462	0.00189233
1626	1209	1.00462	0.00189233
1626	1210	1.00462	0.00189233
1626	1211	1.00462	0.00189233
1626	1212	1.00462	0.00189233
1626	1213	1.00462	0.00189233
1626	1214	1.00462	0.00189233
1626	1215	1.00462	0.00189233
1626	1216	1.00462	0.00189233
1626	1217	1.00462	0.00189233
1626	1218	1.00462	0.00189233
1626	1219	1.00462	0.00189233
1626	1220	1.00462	0.00189233
1626	1221	1.00462	0.00189233
1626	1222	1.00462	0.00189233
1626	1223	1.00462	0.00189233
1626	1224	1.00462	0.00189233
1626	1225	1.00462	0.00189233
1626	1226	1.00462	0.00189233
1626	1227	1.00462	0.00189233
1626	1228	1.00462	0.00189233
1626	1229	1.00462	0.00189233
1626	1230	1.00462	0.00189233
1626	1231	1.00462	0.00189233
1626	1232	1.00462	0.00189233
1626	1233	1.00462	0.00189233
1626	1234	1.00462	0.00189233
1626	1235	1.00462	0.00189233
1626	1236	1.00462	0.00189233
1626	1237	1.00462	0.00189233
1626	1238	1.00462	0.00189233
1626	1239	1.00462	0.00189233
1626	1240	1.00462	0.00189233
1626	1241	1.00462	0.00189233
1626	1242	1.00462	0.00189233
1626	1243	1.00462	0.00189233
1626	1244	1.00462	0.00189233
1626	1245	1.00462	0.00189233
1626	1246	1.00462	0.00189233
1626	1247	1.00462	0.00189233
1626	1248	1.00462	0.00189233
1626	1249	1.00462	0.00189233
1626	1250	1.00462	0.00189233
1626	1251	1.00462	0.00189233
1626	1252	1.00462	0.00189233
1626	1253	1.00462	0.00189233
1626	1254	1.00462	0.00189233
1626	1255	1.00462	0.00189233
1626	1256	1.00462	0.00189233
1626	1257	1.00462	0.00189233
1626	1258	1.00462	0.00189233
1626	1259	1.00462	0.00189233
1626	1260	1.00462	0.00189233
1626	1261	1.00462	0.00189233
1626	1262	1.00462	0.00189233
1626	1263	1.00462	0.00189233
1626	1264	1.00462	0.00189233
1626	1265	1.00462	0.00189233
1626	1266	1.00462	0.00189233
1626	1267	1.00462	0.00189233
1626	1268	1.00462	0.00189233
1626	1269	1.00462	0.00189233
1626	1270	1.00462	0.00189233
1626	1271	1.00462	0.00189233
1626	1272	1.00462	0.00189233
1626	1273	1.00462	0.00189233
1626	1274	1.00462	0.00189233
1626	1275	1.00462	0.00189233
1626	1276	1.00462	0.00189233
1626	1277	1.00462	0.00189233
1626	1278	1.00462	0.00189233
1626	1279	1.00462	0.00189233
1626	1280	1.00462	0.00189233
1626	1281	1.00462	0.00189233
1626	1282	1.00462	0.00189233
1626	1283	1.00462	0.00189233
1626	1284	1.00462	0.00189233
1626	1285	1.00462	0.00189233
1626	1286	1.00462	0.00189233
1626	1287	1.00462	0.00189233
1626	1288	1.00462	0.00189233
1626	1289	1.00462	0.00189233
1626	1290	1.00462	0.00189233
1626	1291	1.00462	0.00189233
1626	1292	1.00462	0.00189233
1626	1293	1.00462	0.00189233
1626	1294	1.00462	0.00189233
1626	1295	1.00462	0.00189233
1626	1296	1.00462	0.00189233
1626	1297	1.00462	0.00189233
1626	1298	1.00462	0.00189233
1626	1299	1.00462	0.00189233
1626	1300	1.00462	0.00189233
1626	1301	1.00462	0.00189233
1626	1302	1.00462	0.00189233
1626	1303	1.00462	0.00189233
1626	1304	1.00462	0.00189233
1626	1305	1.00462	0.00189233
1626	1306	1.00462	0.00189233
1626	1307	1.00462	0.00189233
1626	1308	1.00462	0.00189233
1626	1309	1.00462	0.00189233
1626	1310	1.00462	0.00189233
1626	1311	1.00462	0.00189233
1626	1312	1.00462	0.00189233
1626	1313	1.00462	0.00189233
1626	1314	1.00462	0.00189233
1626	1315	1.00462	0.00189233
1626	1316	1.00462	0.00189233
1626	1317	1.00462	0.00189233
1626	1318	1.00462	0.00189233
1626	1319	1.00462	0.00189233
1626	1320	1.00462	0.00189233
1626	1321	1.00462	0.00189233
1626	1322	1.00462	0.00189233
1626	1323	1.00462	0.00189233
1626	1324	1.00462	0.00189233
1626	1325	1.00462	0.00189233
1626	1326	1.00462	0.00189233
1626	1327	1.00462	0.00189233
1626	1328	1.00462	0.00189233
1626	1329	1.00462	0.00189233
1626	1330	1.00462	0.00189233
1626	1331	1.00462	0.00189233
1626	1332	1.00462	0.00189233
1626	1333	1.00462	0.00189233
1626	1334	1.00462	0.00189233
1626	1335	1.00462	0.00189233
1626	1336	1.00462	0.00189233
1626	1337	1.00462	0.00189233
1626	1338	1.00462	0.00189233
1626	1339	1.00462	0.00189233
1626	1340	1.00462	0.00189233
1626	1341	1.00462	0.00189233
1626	1342	1.00462	0.00189233
1626	1343	1.00462	0.00189233
1626	1344	1.00462	0.00189233
1626	1345	1.00462	0.00189233
1626	1346	1.00462	0.00189233
1626	1347	1.00462	0.00189233
1626	1348	1.00462	0.00189233
1626	1349	1.00462	0.00189233
1626	1350	1.00462	0.00189233
1626	1351	1.00462	0.00189233
1626	1352	1.00462	0.00189233
1626	1353	1.00462	0.00189233
1626	1354	1.00462	0.00189233
1626	1355	1.00462	0.00189233
1626	1356	1.00462	0.00189233
1626	1357	1.00462	0.00189233
1626	1358	1.00462	0.00189233
1626	1359	1.00462	0.00189233
1626	1360	1.00462	0.00189233
1626	1361	1.00462	0.00189233
1626	1362	1.00462	0.00189233
1626	1363	1.00462	0.00189233
1626	1364	1.00462	0.00189233
1626	1365	1.00462	0.00189233
1626	1366	1.00462	0.00189233
1626	1367	1.00462	0.00189233
1626	1368	1.00462	0.00189233
1626	1369	1.00462	0.00189233
1626	1370	1.00462	0.00189233
1626	1371	1.00462	0.00189233
1626	1372	1.00462	0.00189233
1626	1373	1.00462	0.00189233
1626	1374	1.00462	0.00189233
1626	1375	1.00462	0.00189233
1626	1376	1.00462	0.00189233
1626	1377	1.00462	0.00189233
1626	1378	1.00462	0.00189233
1626	1379	1.00462	0.00189233
1626	1380	1.00462	0.00189233
1626	1381	1.00462	0.00189233
1626	1382	1.00462	0.00189233
1626	1383	1.00462	0.00189233
1626	1384	1.00462	0.00189233
1626	1385	1.00462	0.00189233
1626	1386	1.00462	0.00189233
1626	1387	1.00462	0.00189233
1626	1388	1.00462	0.00189233
1626	1389	1.00462	0.00189233
1626	1390	1.00462	0.00189233
1626	1391	1.00462	0.00189233
1626	1392	1.00462	0.00189233
1626	1393	1.00462	0.00189233
1626	1394	1.00462	0.00189233
1626	1395	1.00462	0.00189233
1626	1396	1.00462	0.00189233
1626	1397	1.00462	0.00189233
1626	1398	1.00462	0.00189233
1626	1399	1.00462	0.00189233
1626	1400	1.00462	0.00189233
1626	1401	1.00462	0.00189233
1626	1402	1.00462	0.00189233
1626	1403	1.00462	0.00189233
1626	1404	1.00462	0.00189233
1626	1405	1.00462	0.00189233
1626	1406	1.00462	0.00189233
1626	1407	1.00462	0.00189233
1626	1408	1.00462	0.00189233
1626	1409	1.00462	0.00189233
1626	1410	1.00462	0.00189233
1626	1411	1.00462	0.00189233
1626	1412	1.00462	0.00189233
1626	1413	1.00462	0.00189233
1626	1414	1.00462	0.00189233
1626	1415	1.00462	0.00189233
1626	1416	1.00462	0.00189233
1626	1417	1.00462	0.00189233
1626	1418	1.00462	0.00189233
1626	1419	1.00462	0.00189233
1626	1420	1.00462	0.00189233
1626	1421	1.00462	0.00189233
1626	1422	1.00462	0.00189233
1626	1423	1.00462	0.00189233
1626	1424	1.00462	0.00189233
1626	1425	1.00462	0.00189233
1626	1426	1.00462	0.00189233
1626	1427	1.00462	0.00189233
1626	1428	1.00462	0.00189233
1626	1429	1.00462	0.00189233
1626	1430	1.00462	0.00189233
1626	1431	1.00462	0.00189233
1626	1432	1.00462	0.00189233
1626	1433	1.00462	0.00189233
1626	1434	1.00462	0.00189233
1626	1435	1.00462	0.00189233
1626	1436	1.00462	0.00189233
1626	1437	1.00462	0.00189233
1626	1438	1.00462	0.00189233
1626	1439	1.00462	0.00189233
1626	1440	1.00462	0.00189233
1626	1441	1.00462	0.00189233
1626	1442	1.00462	0.00189233
1626	1443	1.00462	0.00189233
1626	1444	1.00462	0.00189233
1626	1445	1.00462	0.00189233
1626	1446	1.00462	0.00189233
1626	1447	1.00462	0.00189233
1626	1448	1.00462	0.00189233
1626	1449	1.00462	0.00189233
1626	1450	1.00462	0.00189233
1626	1451	1.00462	0.00189233
1626	1452	1.00462	0.00189233
1626	1453	1.00462	0.00189233
1626	1454	1.00462	0.00189233
1626	1455	1.00462	0.00189233
1626	1456	1.00462	0.00189233
1626	1457	1.00462	0.00189233
1626	1458	1.00462	0.00189233
1626	1459	1.00462	0.00189233
1626	1460	1.00462	0.00189233
1626	1461	1.00462	0.00189233
1626	1462	1.00462	0.00189233
1626	1463	1.00462	0.00189233
1626	1464	1.00462	0.00189233
1626	1465	1.00462	0.00189233
1626	1466	1.00462	0.00189233
1626	1467	1.00462	0.00189233
1626	1468	1.00462	0.00189233
1626	1469	1.00462	0.00189233
1626	1470	1.00462	0.00189233
1626	1471	1.00462	0.00189233
1626	1472	1.00462	0.00189233
1626	1473	1.00462	0.00189233
1626	1474	1.00462	0.00189233
1626	1475	1.00462	0.00189233
1626	1476	1.00462	0.00189233
1626	1477	1.00462	0.00189233
1626	1478	1.00462	0.00189233
1626	1479	1.00462	0.00189233
1626	1480	1.00462	0.00189233
1626	1481	1.00462	0.00189233
1626	1482	1.00462	0.00189233
1626	1483	1.00462	0.00189233
1626	1484	1.00462	0.00189233
1626	1485	1.00462	0.00189233
1626	1486	1.00462	0.00189233
1626	1487	1.00462	0.00189233
1626	1488	1.00462	0.00189233
1626	1489	1.00462	0.00189233
1626	1490	1.00462	0.00189233
1626	1491	1.00462	0.00189233
1626	1492	1.00462	0.00189233
1626	1493	1.00462	0.00189233
1626	1494	1.00462	0.00189233
1626	1495	1.00462	0.00189233
1626	1496	1.00462	0.00189233
1626	1497	1.00462	0.00189233
1626	1498	1.00462	0.00189233
1626	1499	1.00462	0.00189233
1626	1500	1.00462	0.00189233
1626	1501	1.00462	0.00189233
1626	1502	1.00462	0.00189233
1626	1503	1.00462	0.00189233
1626	1504	1.00462	0.00189233
1626	1505	1.00462	0.00189233
1626	1506	1.00462	0.00189233
1626	1507	1.00462	0.00189233
1626	1508	1.00462	0.00189233
1626	1509	1.00462	0.00189233
1626	1510	1.00462	0.00189233
1626	1511	1.00462	0.00189233
1626	1512	1.00462	0.00189233
1626	1513	1.00462	0.00189233
1626	1514	1.00462	0.00189233
1626	1515	1.00462	0.00189233
1626	1516	1.00462	0.00189233
1626	1517	1.00462	0.00189233
1626	1518	1.00462	0.00189233
1626	1519	1.00462	0.00189233
1626	1520	1.00462	0.00189233
1626	1521	1.00462	0.00189233
1626	1522	1.00462	0.00189233
1626	1523	1.00462	0.00189233
1626	1524	1.00462	0.00189233
1626	1525	1.00462	0.00189233
1626	1526	1.00462	0.00189233
1626	1527	1.00462	0.00189233
1626	1528	1.00462	0.00189233
1626	1529	1.00462	0.00189233
1626	1530	1.00462	0.00189233
1626	1531	1.00462	0.00189233
1626	1532	1.00462	0.00189233
1626	1533	1.00462	0.00189233
1626	1534	1.00462	0.00189233
1626	1535	1.00462	0.00189233
1626	1536	1.00462	0.00189233
1626	1537	1.00462	0.00189233
1626	1538	1.00462	0.00189233
1626	1539	1.00462	0.00189233
1626	1540	1.00462	0.00189233
1626	1541	1.00462	0.00189233
1626	1542	1.00462	0.00189233
1626	1543	1.00462	0.00189233
1626	1544	1.00462	0.00189233
1626	1545	1.00462	0.00189233
1626	1546	1.00462	0.00189233
1626	1547	1.00462	0.00189233
1626	1548	1.00462	0.00189233
1626	1549	1.00462	0.00189233
1626	1550	1.00462	0.00189233
1626	1551	1.00462	0.00189233
1626	1552	1.00462	0.00189233
1626	1553	1.00462	0.00189233
1626	1554	1.00462	0.00189233
1626	1555	1.00462	0.00189233
1626	1556	1.00462	0.00189233
1626	1557	1.00462	0.00189233
1626	1558	1.00462	0.00189233
1626	1559	1.00462	0.00189233
1626	1560	1.00462	0.00189233
1626	1561	1.00462	0.00189233
1626	1562	1.00462	0.00189233
1626	1563	1.00462	0.00189233
1626	1564	1.00462	0.00189233
1626	1565	1.00462	0.00189233
1626	1566	1.00462	0.00189233
1626	1567	1.00462	0.00189233
1626	1568	1.00462	0.00189233
1626	1569	1.00462	0.00189233
1626	1570	1.00462	0.00189233
1626	1571	1.00462	0.00189233
1626	1572	1.00462	0.00189233
1626	1573	1.00462	0.00189233
1626	1574	1.00462	0.00189233
1626	1575	1.00462	0.00189233
1626	1576	1.00462	0.00189233
1626	1577	1.00462	0.00189233
1626	1578	1.00462	0.00189233
1626	1579	1.00462	0.00189233
1626	1580	1.00462	0.00189233
1626	1581	1.00462	0.00189233
1626	1582	1.00462	0.00189233
1626	1583	1.00462	0.00189233
1626	1584	1.00462	0.00189233
1626	1585	1.00462	0.00189233
1626	1586	1.00462	0.00189233
1626	1587	1.00462	0.00189233
1626	1588	1.00462	0.00189233
1626	1589	1.00462	0.00189233
1626	1590	1.00462	0.00189233
1626	1591	1.00462	0.00189233
1626	1592	1.00462	0.00189233
1626	1593	1.00462	0.00189233
1626	1594	1.00462	0.00189233
1626	1595	1.00462	0.00189233
1626	1596	1.00462	0.00189233
1626	1597	1.00462	0.00189233
1626	1598	1.00462	0.00189233
1626	1599	1.00462	0.00189233
1626	1600	1.00462	0.00189233
1626	1601	1.00462	0.00189233
1626	1602	1.00462	0.00189233
1626	1603	1.00462	0.00189233
1626	1604	1.00462	0.00189233
1626	1605	1.00462	0.00189233
1626	1606	1.00462	0.00189233
1626	1607	1.00462	0.00189233
1626	1608	1.00462	0.00189233
1626	1609	1.00462	0.00189233
1626	1610	1.00462	0.00189233
1626	1611	1.00462	0.00189233
1626	1612	1.00462	0.00189233
1626	1613	1.00462	0.00189233
1626	1614	1.00462	0.00189233
1626	1615	1.00462	0.00189233
1626	1616	1.00462	0.00189233
1626	1617	1.00462	0.00189233
1626	1618	1.00462	0.00189233
1626	1619	1.00462	0.00189233
1626	1620	1.00462	0.00189233
1626	1621	1.00462	0.00189233
1626	1622	1.00462	0.00189233
1626	1623	1.00462	0.00189233
1626	1624	1.00462	0.00189233
1626	1625	1.00462	0.00189233
1626	1626	1.00462	0.00189233
1626	1627	1.00462	0.00189233
1626	1628	1.00462	0.00189233
1626	1629	1.00462	0.00189233
1626	1630	1.00462	0.00189233
1626	1631	1.00462	0.00189233
1626	1632	1.00462	0.00189233
1626	1633	1.00462	0.00189233
1626	1634	1.00462	0.00189233
1626	1635	1.00462	0.00189233
1626	1636	1.00462	0.00189233
1626	1637	1.00462	0.00189233
1626	1638	1.00462	0.00189233
1626	1639	1.00462	0.00189233
1626	1640	1.00462	0.00189233
1626	1641	1.00462	0.00189233
1626	1642	1.00462	0.00189233
1626	1643	1.00462	0.00189233
1626	1644	1.00462	0.00189233
1626	1645	1.00462	0.00189233
1626	1646	1.00462	0.00189233
1626	1647	1.00462	0.00189233
1626	1648	1.00462	0.00189233
1626	1649	1.00462	0.00189233
1626	1650	1.00462	0.00189233
1626	1651	1.00462	0.00189233
1626	1652	1.00462	0.00189233
1626	1653	1.00462	0.00189233
1626	1654	1.00462	0.00189233
1626	1655	1.00462	0.00189233
1626	1656	1.00462	0.00189233
1626	1657	1.00462	0.00189233
1626	1658	1.00462	0.00189233
1626	1659	1.00462	0.00189233
1626	1660	1.00462	0.00189233
1626	1661	1.00462	0.00189233
1626	1662	1.00462	0.00189233
1626	1663	1.00462	0.00189233
1626	1664	1.00462	0.00189233
1626	1665	1.00462	0.00189233
1626	1666	1.00462	0.00189233
1626	1667	1.00462	0.00189233
1626	1668	1.00462	0.00189233
1626	1669	1.00462	0.00189233
1626	1670	1.00462	0.00189233
1626	1671	1.00462	0.00189233
1626	1672	1.00462	0.00189233
1626	1673	1.00462	0.00189233
1626	1674	1.00462	0.00189233
1626	1675	1.00462	0.00189233
1626	1676	1.00462	0.00189233
1626	1677	1.00462	0.00189233
1626	1678	1.00462	0.00189233
1626	1679	1.00462	0.00189233
1626	1680	1.00462	0.00189233
1626	1681	1.00462	0.00189233
1626	1682	1.00462	0.00189233
1626	1683	1.00462	0.00189233
1626	1684	1.00462	0.00189233
1626	1685	1.00462	0.00189233
1626	1686	1.00462	0.00189233
1626	1687	1.00462	0.00189233
1626	1688	1.00462	0.00189233
1626	1689	1.00462	0.00189233
1626	1690	1.00462	0.00189233
1626	1691	1.00462	0.00189233
1626	1692	1.00462	0.00189233
1626	1693	1.00462	0.00189233
1626	1694	1.00462	0.00189233
1626	1695	1.00462	0.00189233
1626	1696	1.00462	0.00189233
1626	1697	1.00462	0.00189233
1626	1698	1.00462	0.00189233
1626	1699	1.00462	0.00189233
1626	1700	1.00462	0.00189233
1626	1701	1.00462	0.00189233
1626	1702	1.00462	0.00189233
1626	1703	1.00462	0.00189233
1626	1704	1.00462	0.00189233
1626	1705	1.00462	0.00189233
1626	1706	1.00462	0.00189233
1626	1707	1.00462	0.00189233
1626	1708	1.00462	0.00189233
1626	1709	1.00462	0.00189233
1626	1710	1.00462	0.00189233
1626	1711	1.00462	0.00189233
1626	1712	1.00462	0.00189233
1626	1713	1.00462	0.00189233
1626	1714	1.00462	0.00189233
1626	1715	1.00462	0.00189233
1626	1716	1.00462	0.00189233
1626	1717	1.00462	0.00189233
1626	1718	1.00462	0.00189233
1626	1719	1.00462	0.00189233
1626	1720	1.00462	0.00189233
1626	1721	1.00462	0.00189233
1626	1722	1.00462	0.00189233
1626	1723	1.00462	0.00189233
1626	1724	1.00462	0.00189233
1626	1725	1.00462	0.00189233
1626	1726	1.00462	0.00189233
1626	1727	1.00462	0.00189233
1626	1728	1.00462	0.00189233
1626	1729	1.00462	0.00189233
1626	1730	1.00462	0.00189233
1626	1731	1.00462	0.00189233
1626	1732	1.00462	0.00189233
1626	1733	1.00462	0.00189233
1626	1734	1.00462	0.00189233
1626	1735	1.00462	0.00189233
1626	1736	1.00462	0.00189233
1626	1737	1.00462	0.00189233
1626	1738	1.00462	0.00189233
1626	1739	1.00462	0.00189233
1626	1740	1.00462	0.00189233
1626	1741	1.00462	0.00189233
1626	1742	1.00462	0.00189233
1626	1743	1.00462	0.00189233
1626	1744	1.00462	0.00189233
1626	1745	1.00462	0.00189233
1626	1746	1.00462	0.00189233
1626	1747	1.00462	0.00189233
1626	1748	1.00462	0.00189233
1626	1749	1.00462	0.00189233
1626	1750	1.00462	0.00189233
1626	1751	1.00462	0.00189233
1626	1752	1.00462	0.00189233
1626	1753	1.00462	0.00189233
1626	1754	1.00462	0.00189233
1626	1755	1.00462	0.00189233
1626	1756	1.00462	0.00189233
1626	1757	1.00462	0.00189233
1626	1758	1.00462	0.00189233
1626	1759	1.00462	0.00189233
1626	1760	1.00462	0.00189233
1626	1761	1.00462	0.00189233
1626	1762	1.00462	0.00189233
1626	1763	1.00462	0.00189233
1626	1764	1.00462	0.00189233
1626	1765	1.00462	0.00189233
1626	1766	1.00462	0.00189233
1626	1767	1.00462	0.00189233
1626	1768	1.00462	0.00189233
1626	1769	1.00462	0.00189233
1626	1770	1.00462	0.00189233
1626	1771	1.00462	0.00189233
1626	1772	1.00462	0.00189233
1626	1773	1.00462	0.00189233
1626	1774	1.00462	0.00189233
1626	1775	1.00462	0.00189233
1626	1776	1.00462	0.00189233
1626	1777	1.00462	0.00189233
1626	1778	1.00462	0.00189233
1626	1779	1.00462	0.00189233
1626	1780	1.00462	0.00189233
1626	1781	1.00462	0.00189233
1626	1782	1.00462	0.00189233
1626	1783	1.00462	0.00189233
1626	1784	1.00462	0.00189233
1626	1785	1.00462	0.00189233
1626	1786	1.00462	0.00189233
1626	1787	1.00462	0.00189233
1626	1788	1.00462	0.00189233
1626	1789	1.00462	0.00189233
1626	1790	1.00462	0.00189233
1626	1791	1.00462	0.00189233
1626	1792	1.00462	0.00189233
1626	1793	1.00462	0.00189233
1626	1794	1.00462	0.00189233
1626	1795	1.00462	0.00189233
1626	1796	1.00462	0.00189233
1626	1797	1.00462	0.00189233
1626	1798	1.00462	0.00189233
1626	1799	1.00462	0.00189233
1626	1800	1.00462	0.00189233
1626	1801	1.00462	0.00189233
1626	1802	1.00462	0.00189233
1626	1803	1.00462	0.00189233
1626	1804	1.00462	0.00189233
1626	1805	1.00462	0.00189233
1626	1806	1.00462	0.00189233
1626	1807	1.00462	0.00189233
1626	1808	1.00462	0.00189233
1626	1809	1.00462	0.00189233
1626	1810	1.00462	0.00189233
1626	1811	1.00462	0.00189233
1626	1812	1.00462	0.00189233
1626	1813	1.00462	0.00189233
1626	1814	1.00462	0.00189233
1626	1815	1.00462	0.00189233
1626	1816	1.00462	0.00189233
1626	1817	1.00462	0.00189233
1626	1818	1.00462	0.00189233
1626	1819	1.00462	0.00189233
1626	1820	1.00462	0.00189233
1626	1821	1.00462	0.00189233
1626	1822	1.00462	0.00189233
1626	1823	1.00462	0.00189233
1626	1824	1.00462	0.00189233
1626	1825	1.00462	0.00189233
1626	1826	1.00462	0.00189233
1626	1827	1.00462	0.00189233
1626	1828	1.00462	0.00189233
1626	1829	1.00462	0.00189233
1626	1830	1.00462	0.00189233
1626	1831	1.00462	0.00189233
1626	1832	1.00462	0.00189233
1626	1833	1.00462	0.00189233
1626	1834	1.00462	0.00189233
1626	1835	1.00462	0.00189233
1626	1836	1.00462	0.00189233
1626	1837	1.00462	0.00189233
1626	1838	1.00462	0.00189233
1626	1839	1.00462	0.00189233
1626	1840	1.00462	0.00189233
1626	1841	1.00462	0.00189233
1626	1842	1.00462	0.00189233
1626	1843	1.00462	0.00189233
1626	1844	1.00462	0.00189233
1626	1845	1.00462	0.00189233
1626	1846	1.00462	0.00189233
1626	1847	1.00462	0.00189233
1626	1848	1.00462	0.00189233
1626	1849	1.00462	0.00189233
1626	1850	1.00462	0.00189233
1626	1851	1.00462	0.00189233
1626	1852	1.00462	0.00189233
1626	1853	1.00462	0.00189233
1626	1854	1.00462	0.00189233
1626	1855	1.00462	0.00189233
1626	1856	1.00462	0.00189233
1626	1857	1.00462	0.00189233
1626	1858	1.00462	0.00189233
1626	1859	1.00462	0.00189233
1626	1860	1.00462	0.00189233
1626	1861	1.00462	0.00189233
1626	1862	1.00462	0.00189233
1626	1863	1.00462	0.00189233
1626	1864	1.00462	0.00189233
1626	1865	1.00462	0.00189233
1626	1866	1.00462	0.00189233
1626	1867	1.00462	0.00189233
1626	1868	1.00462	0.00189233
1626	1869	1.00462	0.00189233
1626	1870	1.00462	0.00189233
1626	1871	1.00462	0.00189233
1626	1872	1.00462	0.00189233
1626	1873	1.00462	0.00189233
1626	1874	1.00462	0.00189233
1626	1875	1.00462	0.00189233
1626	1876	1.00462	0.00189233
1626	1877	1.00462	0.00189233
1626	1878	1.00462	0.00189233
1626	1879	1.00462	0.00189233
1626	1880	1.00462	0.00189233
1626	1881	1.00462	0.00189233
1626	1882	1.00462	0.00189233
1626	1883	1.00462	0.00189233
1626	1884	1.00462	0.00189233
1626	1885	1.00462	0.00189233
1626	1886	1.00462	0.00189233
1626	1887	1.00462	0.00189233
1626	1888	1.00462	0.00189233
1626	1889	1.00462	0.00189233
1626	1890	1.00462	0.00189233
1626	1891	1.00462	0.00189233
1626	1892	1.00462	0.00189233
1626	1893	1.00462	0.00189233
1626	1894	1.00462	0.00189233
1626	1895	1.00462	0.00189233
1626	1896	1.00462	0.00189233
1626	1897	1.00462	0.00189233
1626	1898	1.00462	0.00189233
1626	1899	1.00462	0.00189233
1626	1900	1.00462	0.00189233
1626	1901	1.00462	0.00189233
1626	1902	1.00462	0.00189233
1626	1903	1.00462	0.00189233
1626	1904	1.00462	0.00189233
1626	1905	1.00462	0.00189233
1626	1906	1.00462	0.00189233
1626	1907	1.00462	0.00189233
1626	1908	1.00462	0.00189233
1626	1909	1.00462	0.00189233
1626	1910	1.00462	0.00189233
1626	1911	1.00462	0.00189233
1626	1912	1.00462	0.00189233
1626	1913	1.00462	0.00189233
1626	1914	1.00462	0.00189233
1626	1915	1.00462	0.00189233
1626	1916	1.00462	0.00189233
1626	1917	1.00462	0.00189233
1626	1918	1.00462	0.00189233
1626	1919	1.00462	0.00189233
1626	1920	1.00462	0.00189233
1626	1921	1.00462	0.00189233
1626	1922	1.00462	0.00189233
1626	1923	1.00462	0.00189233
1626	1924	1.00462	0.00189233
1626	1925	1.00462	0.00189233
1626	1926	1.00462	0.00189233
1626	1927	1.00462	0.00189233
1626	1928	1.00462	0.00189233
1626	1929	1.00462	0.00189233
1626	1930	1.00462	0.00189233
1626	1931	1.00462	0.00189233
1626	1932	1.00462	0.00189233
1626	1933	1.00462	0.00189233
1626	1934	1.00462	0.00189233
1626	1935	1.00462	0.00189233
1626	1936	1.00462	0.00189233
1626	1937	1.00462	0.00189233
1626	1938	1.00462	0.00189233
1626	1939	1.00462	0.00189233
1626	1940	1.00462	0.00189233
1626	1941	1.00462	0.00189233
1626	1942	1.00462	0.00189233
1626	1943	1.00462	0.00189233
1626	1944	1.00462	0.00189233
1626	1945	1.00462	0.00189233
1626	1946	1.00462	0.00189233
1626	1947	1.00462	0.00189233
1626	1948	1.00462	0.00189233
1626	1949	1.00462	0.00189233
1626	1950	1.00462	0.00189233
1626	1951	1.00462	0.00189233
1626	1952	1.00462	0.00189233
1626	1953	1.00462	0.00189233
1626	1954	1.00462	0.00189233
1626	1955	1.00462	0.00189233
1626	1956	1.00462	0.00189233
