1683	0	1.00379	0.00193405
1683	1	1.00379	0.00193405
1683	2	1.00379	0.00193405
1683	3	1.00379	0.00193405
1683	4	1.00379	0.00193405
1683	5	1.00379	0.00193405
1683	6	1.00379	0.00193405
1683	7	1.00379	0.00193405
1683	8	1.00379	0.00193405
1683	9	1.00379	0.00193405
1683	10	1.00379	0.00193405
1683	11	1.00379	0.00193405
1683	12	1.00379	0.00193405
1683	13	1.00379	0.00193405
1683	14	1.00379	0.00193405
1683	15	1.00379	0.00193405
1683	16	1.00379	0.00193405
1683	17	1.00379	0.00193405
1683	18	1.00379	0.00193405
1683	19	1.00379	0.00193405
1683	20	1.00379	0.00193405
1683	21	1.00379	0.00193405
1683	22	1.00379	0.00193405
1683	23	1.00379	0.00193405
1683	24	1.00379	0.00193405
1683	25	1.00379	0.00193405
1683	26	1.00379	0.00193405
1683	27	1.00379	0.00193405
1683	28	1.00379	0.00193405
1683	29	1.00379	0.00193405
1683	30	1.00379	0.00193405
1683	31	1.00379	0.00193405
1683	32	1.00379	0.00193405
1683	33	1.00379	0.00193405
1683	34	1.00379	0.00193405
1683	35	1.00379	0.00193405
1683	36	1.00379	0.00193405
1683	37	1.00379	0.00193405
1683	38	1.00379	0.00193405
1683	39	1.00379	0.00193405
1683	40	1.00379	0.00193405
1683	41	1.00379	0.00193405
1683	42	1.00379	0.00193405
1683	43	1.00379	0.00193405
1683	44	1.00379	0.00193405
1683	45	1.00379	0.00193405
1683	46	1.00379	0.00193405
1683	47	1.00379	0.00193405
1683	48	1.00379	0.00193405
1683	49	1.00379	0.00193405
1683	50	1.00379	0.00193405
1683	51	1.00379	0.00193405
1683	52	1.00379	0.00193405
1683	53	1.00379	0.00193405
1683	54	1.00379	0.00193405
1683	55	1.00379	0.00193405
1683	56	1.00379	0.00193405
1683	57	1.00379	0.00193405
1683	58	1.00379	0.00193405
1683	59	1.00379	0.00193405
1683	60	1.00379	0.00193405
1683	61	1.00379	0.00193405
1683	62	1.00379	0.00193405
1683	63	1.00379	0.00193405
1683	64	1.00379	0.00193405
1683	65	1.00379	0.00193405
1683	66	1.00379	0.00193405
1683	67	1.00379	0.00193405
1683	68	1.00379	0.00193405
1683	69	1.00379	0.00193405
1683	70	1.00379	0.00193405
1683	71	1.00379	0.00193405
1683	72	1.00379	0.00193405
1683	73	1.00379	0.00193405
1683	74	1.00379	0.00193405
1683	75	1.00379	0.00193405
1683	76	1.00379	0.00193405
1683	77	1.00379	0.00193405
1683	78	1.00379	0.00193405
1683	79	1.00379	0.00193405
1683	80	1.00379	0.00193405
1683	81	1.00379	0.00193405
1683	82	1.00379	0.00193405
1683	83	1.00379	0.00193405
1683	84	1.00379	0.00193405
1683	85	1.00379	0.00193405
1683	86	1.00379	0.00193405
1683	87	1.00379	0.00193405
1683	88	1.00379	0.00193405
1683	89	1.00379	0.00193405
1683	90	1.00379	0.00193405
1683	91	1.00379	0.00193405
1683	92	1.00379	0.00193405
1683	93	1.00379	0.00193405
1683	94	1.00379	0.00193405
1683	95	1.00379	0.00193405
1683	96	1.00379	0.00193405
1683	97	1.00379	0.00193405
1683	98	1.00379	0.00193405
1683	99	1.00379	0.00193405
1683	100	1.00379	0.00193405
1683	101	1.00379	0.00193405
1683	102	1.00379	0.00193405
1683	103	1.00379	0.00193405
1683	104	1.00379	0.00193405
1683	105	1.00379	0.00193405
1683	106	1.00379	0.00193405
1683	107	1.00379	0.00193405
1683	108	1.00379	0.00193405
1683	109	1.00379	0.00193405
1683	110	1.00379	0.00193405
1683	111	1.00379	0.00193405
1683	112	1.00379	0.00193405
1683	113	1.00379	0.00193405
1683	114	1.00379	0.00193405
1683	115	1.00379	0.00193405
1683	116	1.00379	0.00193405
1683	117	1.00379	0.00193405
1683	118	1.00379	0.00193405
1683	119	1.00379	0.00193405
1683	120	1.00379	0.00193405
1683	121	1.00379	0.00193405
1683	122	1.00379	0.00193405
1683	123	1.00379	0.00193405
1683	124	1.00379	0.00193405
1683	125	1.00379	0.00193405
1683	126	1.00379	0.00193405
1683	127	1.00379	0.00193405
1683	128	1.00379	0.00193405
1683	129	1.00379	0.00193405
1683	130	1.00379	0.00193405
1683	131	1.00379	0.00193405
1683	132	1.00379	0.00193405
1683	133	1.00379	0.00193405
1683	134	1.00379	0.00193405
1683	135	1.00379	0.00193405
1683	136	1.00379	0.00193405
1683	137	1.00379	0.00193405
1683	138	1.00379	0.00193405
1683	139	1.00379	0.00193405
1683	140	1.00379	0.00193405
1683	141	1.00379	0.00193405
1683	142	1.00379	0.00193405
1683	143	1.00379	0.00193405
1683	144	1.00379	0.00193405
1683	145	1.00379	0.00193405
1683	146	1.00379	0.00193405
1683	147	1.00379	0.00193405
1683	148	1.00379	0.00193405
1683	149	1.00379	0.00193405
1683	150	1.00379	0.00193405
1683	151	1.00379	0.00193405
1683	152	1.00379	0.00193405
1683	153	1.00379	0.00193405
1683	154	1.00379	0.00193405
1683	155	1.00379	0.00193405
1683	156	1.00379	0.00193405
1683	157	1.00379	0.00193405
1683	158	1.00379	0.00193405
1683	159	1.00379	0.00193405
1683	160	1.00379	0.00193405
1683	161	1.00379	0.00193405
1683	162	1.00379	0.00193405
1683	163	1.00379	0.00193405
1683	164	1.00379	0.00193405
1683	165	1.00379	0.00193405
1683	166	1.00379	0.00193405
1683	167	1.00379	0.00193405
1683	168	1.00379	0.00193405
1683	169	1.00379	0.00193405
1683	170	1.00379	0.00193405
1683	171	1.00379	0.00193405
1683	172	1.00379	0.00193405
1683	173	1.00379	0.00193405
1683	174	1.00379	0.00193405
1683	175	1.00379	0.00193405
1683	176	1.00379	0.00193405
1683	177	1.00379	0.00193405
1683	178	1.00379	0.00193405
1683	179	1.00379	0.00193405
1683	180	1.00379	0.00193405
1683	181	1.00379	0.00193405
1683	182	1.00379	0.00193405
1683	183	1.00379	0.00193405
1683	184	1.00379	0.00193405
1683	185	1.00379	0.00193405
1683	186	1.00379	0.00193405
1683	187	1.00379	0.00193405
1683	188	1.00379	0.00193405
1683	189	1.00379	0.00193405
1683	190	1.00379	0.00193405
1683	191	1.00379	0.00193405
1683	192	1.00379	0.00193405
1683	193	1.00379	0.00193405
1683	194	1.00379	0.00193405
1683	195	1.00379	0.00193405
1683	196	1.00379	0.00193405
1683	197	1.00379	0.00193405
1683	198	1.00379	0.00193405
1683	199	1.00379	0.00193405
1683	200	1.00379	0.00193405
1683	201	1.00379	0.00193405
1683	202	1.00379	0.00193405
1683	203	1.00379	0.00193405
1683	204	1.00379	0.00193405
1683	205	1.00379	0.00193405
1683	206	1.00379	0.00193405
1683	207	1.00379	0.00193405
1683	208	1.00379	0.00193405
1683	209	1.00379	0.00193405
1683	210	1.00379	0.00193405
1683	211	1.00379	0.00193405
1683	212	1.00379	0.00193405
1683	213	1.00379	0.00193405
1683	214	1.00379	0.00193405
1683	215	1.00379	0.00193405
1683	216	1.00379	0.00193405
1683	217	1.00379	0.00193405
1683	218	1.00379	0.00193405
1683	219	1.00379	0.00193405
1683	220	1.00379	0.00193405
1683	221	1.00379	0.00193405
1683	222	1.00379	0.00193405
1683	223	1.00379	0.00193405
1683	224	1.00379	0.00193405
1683	225	1.00379	0.00193405
1683	226	1.00379	0.00193405
1683	227	1.00379	0.00193405
1683	228	1.00379	0.00193405
1683	229	1.00379	0.00193405
1683	230	1.00379	0.00193405
1683	231	1.00379	0.00193405
1683	232	1.00379	0.00193405
1683	233	1.00379	0.00193405
1683	234	1.00379	0.00193405
1683	235	1.00379	0.00193405
1683	236	1.00379	0.00193405
1683	237	1.00379	0.00193405
1683	238	1.00379	0.00193405
1683	239	1.00379	0.00193405
1683	240	1.00379	0.00193405
1683	241	1.00379	0.00193405
1683	242	1.00379	0.00193405
1683	243	1.00379	0.00193405
1683	244	1.00379	0.00193405
1683	245	1.00379	0.00193405
1683	246	1.00379	0.00193405
1683	247	1.00379	0.00193405
1683	248	1.00379	0.00193405
1683	249	1.00379	0.00193405
1683	250	1.00379	0.00193405
1683	251	1.00379	0.00193405
1683	252	1.00379	0.00193405
1683	253	1.00379	0.00193405
1683	254	1.00379	0.00193405
1683	255	1.00379	0.00193405
1683	256	1.00379	0.00193405
1683	257	1.00379	0.00193405
1683	258	1.00379	0.00193405
1683	259	1.00379	0.00193405
1683	260	1.00379	0.00193405
1683	261	1.00379	0.00193405
1683	262	1.00379	0.00193405
1683	263	1.00379	0.00193405
1683	264	1.00379	0.00193405
1683	265	1.00379	0.00193405
1683	266	1.00379	0.00193405
1683	267	1.00379	0.00193405
1683	268	1.00379	0.00193405
1683	269	1.00379	0.00193405
1683	270	1.00379	0.00193405
1683	271	1.00379	0.00193405
1683	272	1.00379	0.00193405
1683	273	1.00379	0.00193405
1683	274	1.00379	0.00193405
1683	275	1.00379	0.00193405
1683	276	1.00379	0.00193405
1683	277	1.00379	0.00193405
1683	278	1.00379	0.00193405
1683	279	1.00379	0.00193405
1683	280	1.00379	0.00193405
1683	281	1.00379	0.00193405
1683	282	1.00379	0.00193405
1683	283	1.00379	0.00193405
1683	284	1.00379	0.00193405
1683	285	1.00379	0.00193405
1683	286	1.00379	0.00193405
1683	287	1.00379	0.00193405
1683	288	1.00379	0.00193405
1683	289	1.00379	0.00193405
1683	290	1.00379	0.00193405
1683	291	1.00379	0.00193405
1683	292	1.00379	0.00193405
1683	293	1.00379	0.00193405
1683	294	1.00379	0.00193405
1683	295	1.00379	0.00193405
1683	296	1.00379	0.00193405
1683	297	1.00379	0.00193405
1683	298	1.00379	0.00193405
1683	299	1.00379	0.00193405
1683	300	1.00379	0.00193405
1683	301	1.00379	0.00193405
1683	302	1.00379	0.00193405
1683	303	1.00379	0.00193405
1683	304	1.00379	0.00193405
1683	305	1.00379	0.00193405
1683	306	1.00379	0.00193405
1683	307	1.00379	0.00193405
1683	308	1.00379	0.00193405
1683	309	1.00379	0.00193405
1683	310	1.00379	0.00193405
1683	311	1.00379	0.00193405
1683	312	1.00379	0.00193405
1683	313	1.00379	0.00193405
1683	314	1.00379	0.00193405
1683	315	1.00379	0.00193405
1683	316	1.00379	0.00193405
1683	317	1.00379	0.00193405
1683	318	1.00379	0.00193405
1683	319	1.00379	0.00193405
1683	320	1.00379	0.00193405
1683	321	1.00379	0.00193405
1683	322	1.00379	0.00193405
1683	323	1.00379	0.00193405
1683	324	1.00379	0.00193405
1683	325	1.00379	0.00193405
1683	326	1.00379	0.00193405
1683	327	1.00379	0.00193405
1683	328	1.00379	0.00193405
1683	329	1.00379	0.00193405
1683	330	1.00379	0.00193405
1683	331	1.00379	0.00193405
1683	332	1.00379	0.00193405
1683	333	1.00379	0.00193405
1683	334	1.00379	0.00193405
1683	335	1.00379	0.00193405
1683	336	1.00379	0.00193405
1683	337	1.00379	0.00193405
1683	338	1.00379	0.00193405
1683	339	1.00379	0.00193405
1683	340	1.00379	0.00193405
1683	341	1.00379	0.00193405
1683	342	1.00379	0.00193405
1683	343	1.00379	0.00193405
1683	344	1.00379	0.00193405
1683	345	1.00379	0.00193405
1683	346	1.00379	0.00193405
1683	347	1.00379	0.00193405
1683	348	1.00379	0.00193405
1683	349	1.00379	0.00193405
1683	350	1.00379	0.00193405
1683	351	1.00379	0.00193405
1683	352	1.00379	0.00193405
1683	353	1.00379	0.00193405
1683	354	1.00379	0.00193405
1683	355	1.00379	0.00193405
1683	356	1.00379	0.00193405
1683	357	1.00379	0.00193405
1683	358	1.00379	0.00193405
1683	359	1.00379	0.00193405
1683	360	1.00379	0.00193405
1683	361	1.00379	0.00193405
1683	362	1.00379	0.00193405
1683	363	1.00379	0.00193405
1683	364	1.00379	0.00193405
1683	365	1.00379	0.00193405
1683	366	1.00379	0.00193405
1683	367	1.00379	0.00193405
1683	368	1.00379	0.00193405
1683	369	1.00379	0.00193405
1683	370	1.00379	0.00193405
1683	371	1.00379	0.00193405
1683	372	1.00379	0.00193405
1683	373	1.00379	0.00193405
1683	374	1.00379	0.00193405
1683	375	1.00379	0.00193405
1683	376	1.00379	0.00193405
1683	377	1.00379	0.00193405
1683	378	1.00379	0.00193405
1683	379	1.00379	0.00193405
1683	380	1.00379	0.00193405
1683	381	1.00379	0.00193405
1683	382	1.00379	0.00193405
1683	383	1.00379	0.00193405
1683	384	1.00379	0.00193405
1683	385	1.00379	0.00193405
1683	386	1.00379	0.00193405
1683	387	1.00379	0.00193405
1683	388	1.00379	0.00193405
1683	389	1.00379	0.00193405
1683	390	1.00379	0.00193405
1683	391	1.00379	0.00193405
1683	392	1.00379	0.00193405
1683	393	1.00379	0.00193405
1683	394	1.00379	0.00193405
1683	395	1.00379	0.00193405
1683	396	1.00379	0.00193405
1683	397	1.00379	0.00193405
1683	398	1.00379	0.00193405
1683	399	1.00379	0.00193405
1683	400	1.00379	0.00193405
1683	401	1.00379	0.00193405
1683	402	1.00379	0.00193405
1683	403	1.00379	0.00193405
1683	404	1.00379	0.00193405
1683	405	1.00379	0.00193405
1683	406	1.00379	0.00193405
1683	407	1.00379	0.00193405
1683	408	1.00379	0.00193405
1683	409	1.00379	0.00193405
1683	410	1.00379	0.00193405
1683	411	1.00379	0.00193405
1683	412	1.00379	0.00193405
1683	413	1.00379	0.00193405
1683	414	1.00379	0.00193405
1683	415	1.00379	0.00193405
1683	416	1.00379	0.00193405
1683	417	1.00379	0.00193405
1683	418	1.00379	0.00193405
1683	419	1.00379	0.00193405
1683	420	1.00379	0.00193405
1683	421	1.00379	0.00193405
1683	422	1.00379	0.00193405
1683	423	1.00379	0.00193405
1683	424	1.00379	0.00193405
1683	425	1.00379	0.00193405
1683	426	1.00379	0.00193405
1683	427	1.00379	0.00193405
1683	428	1.00379	0.00193405
1683	429	1.00379	0.00193405
1683	430	1.00379	0.00193405
1683	431	1.00379	0.00193405
1683	432	1.00379	0.00193405
1683	433	1.00379	0.00193405
1683	434	1.00379	0.00193405
1683	435	1.00379	0.00193405
1683	436	1.00379	0.00193405
1683	437	1.00379	0.00193405
1683	438	1.00379	0.00193405
1683	439	1.00379	0.00193405
1683	440	1.00379	0.00193405
1683	441	1.00379	0.00193405
1683	442	1.00379	0.00193405
1683	443	1.00379	0.00193405
1683	444	1.00379	0.00193405
1683	445	1.00379	0.00193405
1683	446	1.00379	0.00193405
1683	447	1.00379	0.00193405
1683	448	1.00379	0.00193405
1683	449	1.00379	0.00193405
1683	450	1.00379	0.00193405
1683	451	1.00379	0.00193405
1683	452	1.00379	0.00193405
1683	453	1.00379	0.00193405
1683	454	1.00379	0.00193405
1683	455	1.00379	0.00193405
1683	456	1.00379	0.00193405
1683	457	1.00379	0.00193405
1683	458	1.00379	0.00193405
1683	459	1.00379	0.00193405
1683	460	1.00379	0.00193405
1683	461	1.00379	0.00193405
1683	462	1.00379	0.00193405
1683	463	1.00379	0.00193405
1683	464	1.00379	0.00193405
1683	465	1.00379	0.00193405
1683	466	1.00379	0.00193405
1683	467	1.00379	0.00193405
1683	468	1.00379	0.00193405
1683	469	1.00379	0.00193405
1683	470	1.00379	0.00193405
1683	471	1.00379	0.00193405
1683	472	1.00379	0.00193405
1683	473	1.00379	0.00193405
1683	474	1.00379	0.00193405
1683	475	1.00379	0.00193405
1683	476	1.00379	0.00193405
1683	477	1.00379	0.00193405
1683	478	1.00379	0.00193405
1683	479	1.00379	0.00193405
1683	480	1.00379	0.00193405
1683	481	1.00379	0.00193405
1683	482	1.00379	0.00193405
1683	483	1.00379	0.00193405
1683	484	1.00379	0.00193405
1683	485	1.00379	0.00193405
1683	486	1.00379	0.00193405
1683	487	1.00379	0.00193405
1683	488	1.00379	0.00193405
1683	489	1.00379	0.00193405
1683	490	1.00379	0.00193405
1683	491	1.00379	0.00193405
1683	492	1.00379	0.00193405
1683	493	1.00379	0.00193405
1683	494	1.00379	0.00193405
1683	495	1.00379	0.00193405
1683	496	1.00379	0.00193405
1683	497	1.00379	0.00193405
1683	498	1.00379	0.00193405
1683	499	1.00379	0.00193405
1683	500	1.00379	0.00193405
1683	501	1.00379	0.00193405
1683	502	1.00379	0.00193405
1683	503	1.00379	0.00193405
1683	504	1.00379	0.00193405
1683	505	1.00379	0.00193405
1683	506	1.00379	0.00193405
1683	507	1.00379	0.00193405
1683	508	1.00379	0.00193405
1683	509	1.00379	0.00193405
1683	510	1.00379	0.00193405
1683	511	1.00379	0.00193405
1683	512	1.00379	0.00193405
1683	513	1.00379	0.00193405
1683	514	1.00379	0.00193405
1683	515	1.00379	0.00193405
1683	516	1.00379	0.00193405
1683	517	1.00379	0.00193405
1683	518	1.00379	0.00193405
1683	519	1.00379	0.00193405
1683	520	1.00379	0.00193405
1683	521	1.00379	0.00193405
1683	522	1.00379	0.00193405
1683	523	1.00379	0.00193405
1683	524	1.00379	0.00193405
1683	525	1.00379	0.00193405
1683	526	1.00379	0.00193405
1683	527	1.00379	0.00193405
1683	528	1.00379	0.00193405
1683	529	1.00379	0.00193405
1683	530	1.00379	0.00193405
1683	531	1.00379	0.00193405
1683	532	1.00379	0.00193405
1683	533	1.00379	0.00193405
1683	534	1.00379	0.00193405
1683	535	1.00379	0.00193405
1683	536	1.00379	0.00193405
1683	537	1.00379	0.00193405
1683	538	1.00379	0.00193405
1683	539	1.00379	0.00193405
1683	540	1.00379	0.00193405
1683	541	1.00379	0.00193405
1683	542	1.00379	0.00193405
1683	543	1.00379	0.00193405
1683	544	1.00379	0.00193405
1683	545	1.00379	0.00193405
1683	546	1.00379	0.00193405
1683	547	1.00379	0.00193405
1683	548	1.00379	0.00193405
1683	549	1.00379	0.00193405
1683	550	1.00379	0.00193405
1683	551	1.00379	0.00193405
1683	552	1.00379	0.00193405
1683	553	1.00379	0.00193405
1683	554	1.00379	0.00193405
1683	555	1.00379	0.00193405
1683	556	1.00379	0.00193405
1683	557	1.00379	0.00193405
1683	558	1.00379	0.00193405
1683	559	1.00379	0.00193405
1683	560	1.00379	0.00193405
1683	561	1.00379	0.00193405
1683	562	1.00379	0.00193405
1683	563	1.00379	0.00193405
1683	564	1.00379	0.00193405
1683	565	1.00379	0.00193405
1683	566	1.00379	0.00193405
1683	567	1.00379	0.00193405
1683	568	1.00379	0.00193405
1683	569	1.00379	0.00193405
1683	570	1.00379	0.00193405
1683	571	1.00379	0.00193405
1683	572	1.00379	0.00193405
1683	573	1.00379	0.00193405
1683	574	1.00379	0.00193405
1683	575	1.00379	0.00193405
1683	576	1.00379	0.00193405
1683	577	1.00379	0.00193405
1683	578	1.00379	0.00193405
1683	579	1.00379	0.00193405
1683	580	1.00379	0.00193405
1683	581	1.00379	0.00193405
1683	582	1.00379	0.00193405
1683	583	1.00379	0.00193405
1683	584	1.00379	0.00193405
1683	585	1.00379	0.00193405
1683	586	1.00379	0.00193405
1683	587	1.00379	0.00193405
1683	588	1.00379	0.00193405
1683	589	1.00379	0.00193405
1683	590	1.00379	0.00193405
1683	591	1.00379	0.00193405
1683	592	1.00379	0.00193405
1683	593	1.00379	0.00193405
1683	594	1.00379	0.00193405
1683	595	1.00379	0.00193405
1683	596	1.00379	0.00193405
1683	597	1.00379	0.00193405
1683	598	1.00379	0.00193405
1683	599	1.00379	0.00193405
1683	600	1.00379	0.00193405
1683	601	1.00379	0.00193405
1683	602	1.00379	0.00193405
1683	603	1.00379	0.00193405
1683	604	1.00379	0.00193405
1683	605	1.00379	0.00193405
1683	606	1.00379	0.00193405
1683	607	1.00379	0.00193405
1683	608	1.00379	0.00193405
1683	609	1.00379	0.00193405
1683	610	1.00379	0.00193405
1683	611	1.00379	0.00193405
1683	612	1.00379	0.00193405
1683	613	1.00379	0.00193405
1683	614	1.00379	0.00193405
1683	615	1.00379	0.00193405
1683	616	1.00379	0.00193405
1683	617	1.00379	0.00193405
1683	618	1.00379	0.00193405
1683	619	1.00379	0.00193405
1683	620	1.00379	0.00193405
1683	621	1.00379	0.00193405
1683	622	1.00379	0.00193405
1683	623	1.00379	0.00193405
1683	624	1.00379	0.00193405
1683	625	1.00379	0.00193405
1683	626	1.00379	0.00193405
1683	627	1.00379	0.00193405
1683	628	1.00379	0.00193405
1683	629	1.00379	0.00193405
1683	630	1.00379	0.00193405
1683	631	1.00379	0.00193405
1683	632	1.00379	0.00193405
1683	633	1.00379	0.00193405
1683	634	1.00379	0.00193405
1683	635	1.00379	0.00193405
1683	636	1.00379	0.00193405
1683	637	1.00379	0.00193405
1683	638	1.00379	0.00193405
1683	639	1.00379	0.00193405
1683	640	1.00379	0.00193405
1683	641	1.00379	0.00193405
1683	642	1.00379	0.00193405
1683	643	1.00379	0.00193405
1683	644	1.00379	0.00193405
1683	645	1.00379	0.00193405
1683	646	1.00379	0.00193405
1683	647	1.00379	0.00193405
1683	648	1.00379	0.00193405
1683	649	1.00379	0.00193405
1683	650	1.00379	0.00193405
1683	651	1.00379	0.00193405
1683	652	1.00379	0.00193405
1683	653	1.00379	0.00193405
1683	654	1.00379	0.00193405
1683	655	1.00379	0.00193405
1683	656	1.00379	0.00193405
1683	657	1.00379	0.00193405
1683	658	1.00379	0.00193405
1683	659	1.00379	0.00193405
1683	660	1.00379	0.00193405
1683	661	1.00379	0.00193405
1683	662	1.00379	0.00193405
1683	663	1.00379	0.00193405
1683	664	1.00379	0.00193405
1683	665	1.00379	0.00193405
1683	666	1.00379	0.00193405
1683	667	1.00379	0.00193405
1683	668	1.00379	0.00193405
1683	669	1.00379	0.00193405
1683	670	1.00379	0.00193405
1683	671	1.00379	0.00193405
1683	672	1.00379	0.00193405
1683	673	1.00379	0.00193405
1683	674	1.00379	0.00193405
1683	675	1.00379	0.00193405
1683	676	1.00379	0.00193405
1683	677	1.00379	0.00193405
1683	678	1.00379	0.00193405
1683	679	1.00379	0.00193405
1683	680	1.00379	0.00193405
1683	681	1.00379	0.00193405
1683	682	1.00379	0.00193405
1683	683	1.00379	0.00193405
1683	684	1.00379	0.00193405
1683	685	1.00379	0.00193405
1683	686	1.00379	0.00193405
1683	687	1.00379	0.00193405
1683	688	1.00379	0.00193405
1683	689	1.00379	0.00193405
1683	690	1.00379	0.00193405
1683	691	1.00379	0.00193405
1683	692	1.00379	0.00193405
1683	693	1.00379	0.00193405
1683	694	1.00379	0.00193405
1683	695	1.00379	0.00193405
1683	696	1.00379	0.00193405
1683	697	1.00379	0.00193405
1683	698	1.00379	0.00193405
1683	699	1.00379	0.00193405
1683	700	1.00379	0.00193405
1683	701	1.00379	0.00193405
1683	702	1.00379	0.00193405
1683	703	1.00379	0.00193405
1683	704	1.00379	0.00193405
1683	705	1.00379	0.00193405
1683	706	1.00379	0.00193405
1683	707	1.00379	0.00193405
1683	708	1.00379	0.00193405
1683	709	1.00379	0.00193405
1683	710	1.00379	0.00193405
1683	711	1.00379	0.00193405
1683	712	1.00379	0.00193405
1683	713	1.00379	0.00193405
1683	714	1.00379	0.00193405
1683	715	1.00379	0.00193405
1683	716	1.00379	0.00193405
1683	717	1.00379	0.00193405
1683	718	1.00379	0.00193405
1683	719	1.00379	0.00193405
1683	720	1.00379	0.00193405
1683	721	1.00379	0.00193405
1683	722	1.00379	0.00193405
1683	723	1.00379	0.00193405
1683	724	1.00379	0.00193405
1683	725	1.00379	0.00193405
1683	726	1.00379	0.00193405
1683	727	1.00379	0.00193405
1683	728	1.00379	0.00193405
1683	729	1.00379	0.00193405
1683	730	1.00379	0.00193405
1683	731	1.00379	0.00193405
1683	732	1.00379	0.00193405
1683	733	1.00379	0.00193405
1683	734	1.00379	0.00193405
1683	735	1.00379	0.00193405
1683	736	1.00379	0.00193405
1683	737	1.00379	0.00193405
1683	738	1.00379	0.00193405
1683	739	1.00379	0.00193405
1683	740	1.00379	0.00193405
1683	741	1.00379	0.00193405
1683	742	1.00379	0.00193405
1683	743	1.00379	0.00193405
1683	744	1.00379	0.00193405
1683	745	1.00379	0.00193405
1683	746	1.00379	0.00193405
1683	747	1.00379	0.00193405
1683	748	1.00379	0.00193405
1683	749	1.00379	0.00193405
1683	750	1.00379	0.00193405
1683	751	1.00379	0.00193405
1683	752	1.00379	0.00193405
1683	753	1.00379	0.00193405
1683	754	1.00379	0.00193405
1683	755	1.00379	0.00193405
1683	756	1.00379	0.00193405
1683	757	1.00379	0.00193405
1683	758	1.00379	0.00193405
1683	759	1.00379	0.00193405
1683	760	1.00379	0.00193405
1683	761	1.00379	0.00193405
1683	762	1.00379	0.00193405
1683	763	1.00379	0.00193405
1683	764	1.00379	0.00193405
1683	765	1.00379	0.00193405
1683	766	1.00379	0.00193405
1683	767	1.00379	0.00193405
1683	768	1.00379	0.00193405
1683	769	1.00379	0.00193405
1683	770	1.00379	0.00193405
1683	771	1.00379	0.00193405
1683	772	1.00379	0.00193405
1683	773	1.00379	0.00193405
1683	774	1.00379	0.00193405
1683	775	1.00379	0.00193405
1683	776	1.00379	0.00193405
1683	777	1.00379	0.00193405
1683	778	1.00379	0.00193405
1683	779	1.00379	0.00193405
1683	780	1.00379	0.00193405
1683	781	1.00379	0.00193405
1683	782	1.00379	0.00193405
1683	783	1.00379	0.00193405
1683	784	1.00379	0.00193405
1683	785	1.00379	0.00193405
1683	786	1.00379	0.00193405
1683	787	1.00379	0.00193405
1683	788	1.00379	0.00193405
1683	789	1.00379	0.00193405
1683	790	1.00379	0.00193405
1683	791	1.00379	0.00193405
1683	792	1.00379	0.00193405
1683	793	1.00379	0.00193405
1683	794	1.00379	0.00193405
1683	795	1.00379	0.00193405
1683	796	1.00379	0.00193405
1683	797	1.00379	0.00193405
1683	798	1.00379	0.00193405
1683	799	1.00379	0.00193405
1683	800	1.00379	0.00193405
1683	801	1.00379	0.00193405
1683	802	1.00379	0.00193405
1683	803	1.00379	0.00193405
1683	804	1.00379	0.00193405
1683	805	1.00379	0.00193405
1683	806	1.00379	0.00193405
1683	807	1.00379	0.00193405
1683	808	1.00379	0.00193405
1683	809	1.00379	0.00193405
1683	810	1.00379	0.00193405
1683	811	1.00379	0.00193405
1683	812	1.00379	0.00193405
1683	813	1.00379	0.00193405
1683	814	1.00379	0.00193405
1683	815	1.00379	0.00193405
1683	816	1.00379	0.00193405
1683	817	1.00379	0.00193405
1683	818	1.00379	0.00193405
1683	819	1.00379	0.00193405
1683	820	1.00379	0.00193405
1683	821	1.00379	0.00193405
1683	822	1.00379	0.00193405
1683	823	1.00379	0.00193405
1683	824	1.00379	0.00193405
1683	825	1.00379	0.00193405
1683	826	1.00379	0.00193405
1683	827	1.00379	0.00193405
1683	828	1.00379	0.00193405
1683	829	1.00379	0.00193405
1683	830	1.00379	0.00193405
1683	831	1.00379	0.00193405
1683	832	1.00379	0.00193405
1683	833	1.00379	0.00193405
1683	834	1.00379	0.00193405
1683	835	1.00379	0.00193405
1683	836	1.00379	0.00193405
1683	837	1.00379	0.00193405
1683	838	1.00379	0.00193405
1683	839	1.00379	0.00193405
1683	840	1.00379	0.00193405
1683	841	1.00379	0.00193405
1683	842	1.00379	0.00193405
1683	843	1.00379	0.00193405
1683	844	1.00379	0.00193405
1683	845	1.00379	0.00193405
1683	846	1.00379	0.00193405
1683	847	1.00379	0.00193405
1683	848	1.00379	0.00193405
1683	849	1.00379	0.00193405
1683	850	1.00379	0.00193405
1683	851	1.00379	0.00193405
1683	852	1.00379	0.00193405
1683	853	1.00379	0.00193405
1683	854	1.00379	0.00193405
1683	855	1.00379	0.00193405
1683	856	1.00379	0.00193405
1683	857	1.00379	0.00193405
1683	858	1.00379	0.00193405
1683	859	1.00379	0.00193405
1683	860	1.00379	0.00193405
1683	861	1.00379	0.00193405
1683	862	1.00379	0.00193405
1683	863	1.00379	0.00193405
1683	864	1.00379	0.00193405
1683	865	1.00379	0.00193405
1683	866	1.00379	0.00193405
1683	867	1.00379	0.00193405
1683	868	1.00379	0.00193405
1683	869	1.00379	0.00193405
1683	870	1.00379	0.00193405
1683	871	1.00379	0.00193405
1683	872	1.00379	0.00193405
1683	873	1.00379	0.00193405
1683	874	1.00379	0.00193405
1683	875	1.00379	0.00193405
1683	876	1.00379	0.00193405
1683	877	1.00379	0.00193405
1683	878	1.00379	0.00193405
1683	879	1.00379	0.00193405
1683	880	1.00379	0.00193405
1683	881	1.00379	0.00193405
1683	882	1.00379	0.00193405
1683	883	1.00379	0.00193405
1683	884	1.00379	0.00193405
1683	885	1.00379	0.00193405
1683	886	1.00379	0.00193405
1683	887	1.00379	0.00193405
1683	888	1.00379	0.00193405
1683	889	1.00379	0.00193405
1683	890	1.00379	0.00193405
1683	891	1.00379	0.00193405
1683	892	1.00379	0.00193405
1683	893	1.00379	0.00193405
1683	894	1.00379	0.00193405
1683	895	1.00379	0.00193405
1683	896	1.00379	0.00193405
1683	897	1.00379	0.00193405
1683	898	1.00379	0.00193405
1683	899	1.00379	0.00193405
1683	900	1.00379	0.00193405
1683	901	1.00379	0.00193405
1683	902	1.00379	0.00193405
1683	903	1.00379	0.00193405
1683	904	1.00379	0.00193405
1683	905	1.00379	0.00193405
1683	906	1.00379	0.00193405
1683	907	1.00379	0.00193405
1683	908	1.00379	0.00193405
1683	909	1.00379	0.00193405
1683	910	1.00379	0.00193405
1683	911	1.00379	0.00193405
1683	912	1.00379	0.00193405
1683	913	1.00379	0.00193405
1683	914	1.00379	0.00193405
1683	915	1.00379	0.00193405
1683	916	1.00379	0.00193405
1683	917	1.00379	0.00193405
1683	918	1.00379	0.00193405
1683	919	1.00379	0.00193405
1683	920	1.00379	0.00193405
1683	921	1.00379	0.00193405
1683	922	1.00379	0.00193405
1683	923	1.00379	0.00193405
1683	924	1.00379	0.00193405
1683	925	1.00379	0.00193405
1683	926	1.00379	0.00193405
1683	927	1.00379	0.00193405
1683	928	1.00379	0.00193405
1683	929	1.00379	0.00193405
1683	930	1.00379	0.00193405
1683	931	1.00379	0.00193405
1683	932	1.00379	0.00193405
1683	933	1.00379	0.00193405
1683	934	1.00379	0.00193405
1683	935	1.00379	0.00193405
1683	936	1.00379	0.00193405
1683	937	1.00379	0.00193405
1683	938	1.00379	0.00193405
1683	939	1.00379	0.00193405
1683	940	1.00379	0.00193405
1683	941	1.00379	0.00193405
1683	942	1.00379	0.00193405
1683	943	1.00379	0.00193405
1683	944	1.00379	0.00193405
1683	945	1.00379	0.00193405
1683	946	1.00379	0.00193405
1683	947	1.00379	0.00193405
1683	948	1.00379	0.00193405
1683	949	1.00379	0.00193405
1683	950	1.00379	0.00193405
1683	951	1.00379	0.00193405
1683	952	1.00379	0.00193405
1683	953	1.00379	0.00193405
1683	954	1.00379	0.00193405
1683	955	1.00379	0.00193405
1683	956	1.00379	0.00193405
1683	957	1.00379	0.00193405
1683	958	1.00379	0.00193405
1683	959	1.00379	0.00193405
1683	960	1.00379	0.00193405
1683	961	1.00379	0.00193405
1683	962	1.00379	0.00193405
1683	963	1.00379	0.00193405
1683	964	1.00379	0.00193405
1683	965	1.00379	0.00193405
1683	966	1.00379	0.00193405
1683	967	1.00379	0.00193405
1683	968	1.00379	0.00193405
1683	969	1.00379	0.00193405
1683	970	1.00379	0.00193405
1683	971	1.00379	0.00193405
1683	972	1.00379	0.00193405
1683	973	1.00379	0.00193405
1683	974	1.00379	0.00193405
1683	975	1.00379	0.00193405
1683	976	1.00379	0.00193405
1683	977	1.00379	0.00193405
1683	978	1.00379	0.00193405
1683	979	1.00379	0.00193405
1683	980	1.00379	0.00193405
1683	981	1.00379	0.00193405
1683	982	1.00379	0.00193405
1683	983	1.00379	0.00193405
1683	984	1.00379	0.00193405
1683	985	1.00379	0.00193405
1683	986	1.00379	0.00193405
1683	987	1.00379	0.00193405
1683	988	1.00379	0.00193405
1683	989	1.00379	0.00193405
1683	990	1.00379	0.00193405
1683	991	1.00379	0.00193405
1683	992	1.00379	0.00193405
1683	993	1.00379	0.00193405
1683	994	1.00379	0.00193405
1683	995	1.00379	0.00193405
1683	996	1.00379	0.00193405
1683	997	1.00379	0.00193405
1683	998	1.00379	0.00193405
1683	999	1.00379	0.00193405
1683	1000	1.00379	0.00193405
1683	1001	1.00379	0.00193405
1683	1002	1.00379	0.00193405
1683	1003	1.00379	0.00193405
1683	1004	1.00379	0.00193405
1683	1005	1.00379	0.00193405
1683	1006	1.00379	0.00193405
1683	1007	1.00379	0.00193405
1683	1008	1.00379	0.00193405
1683	1009	1.00379	0.00193405
1683	1010	1.00379	0.00193405
1683	1011	1.00379	0.00193405
1683	1012	1.00379	0.00193405
1683	1013	1.00379	0.00193405
1683	1014	1.00379	0.00193405
1683	1015	1.00379	0.00193405
1683	1016	1.00379	0.00193405
1683	1017	1.00379	0.00193405
1683	1018	1.00379	0.00193405
1683	1019	1.00379	0.00193405
1683	1020	1.00379	0.00193405
1683	1021	1.00379	0.00193405
1683	1022	1.00379	0.00193405
1683	1023	1.00379	0.00193405
1683	1024	1.00379	0.00193405
1683	1025	1.00379	0.00193405
1683	1026	1.00379	0.00193405
1683	1027	1.00379	0.00193405
1683	1028	1.00379	0.00193405
1683	1029	1.00379	0.00193405
1683	1030	1.00379	0.00193405
1683	1031	1.00379	0.00193405
1683	1032	1.00379	0.00193405
1683	1033	1.00379	0.00193405
1683	1034	1.00379	0.00193405
1683	1035	1.00379	0.00193405
1683	1036	1.00379	0.00193405
1683	1037	1.00379	0.00193405
1683	1038	1.00379	0.00193405
1683	1039	1.00379	0.00193405
1683	1040	1.00379	0.00193405
1683	1041	1.00379	0.00193405
1683	1042	1.00379	0.00193405
1683	1043	1.00379	0.00193405
1683	1044	1.00379	0.00193405
1683	1045	1.00379	0.00193405
1683	1046	1.00379	0.00193405
1683	1047	1.00379	0.00193405
1683	1048	1.00379	0.00193405
1683	1049	1.00379	0.00193405
1683	1050	1.00379	0.00193405
1683	1051	1.00379	0.00193405
1683	1052	1.00379	0.00193405
1683	1053	1.00379	0.00193405
1683	1054	1.00379	0.00193405
1683	1055	1.00379	0.00193405
1683	1056	1.00379	0.00193405
1683	1057	1.00379	0.00193405
1683	1058	1.00379	0.00193405
1683	1059	1.00379	0.00193405
1683	1060	1.00379	0.00193405
1683	1061	1.00379	0.00193405
1683	1062	1.00379	0.00193405
1683	1063	1.00379	0.00193405
1683	1064	1.00379	0.00193405
1683	1065	1.00379	0.00193405
1683	1066	1.00379	0.00193405
1683	1067	1.00379	0.00193405
1683	1068	1.00379	0.00193405
1683	1069	1.00379	0.00193405
1683	1070	1.00379	0.00193405
1683	1071	1.00379	0.00193405
1683	1072	1.00379	0.00193405
1683	1073	1.00379	0.00193405
1683	1074	1.00379	0.00193405
1683	1075	1.00379	0.00193405
1683	1076	1.00379	0.00193405
1683	1077	1.00379	0.00193405
1683	1078	1.00379	0.00193405
1683	1079	1.00379	0.00193405
1683	1080	1.00379	0.00193405
1683	1081	1.00379	0.00193405
1683	1082	1.00379	0.00193405
1683	1083	1.00379	0.00193405
1683	1084	1.00379	0.00193405
1683	1085	1.00379	0.00193405
1683	1086	1.00379	0.00193405
1683	1087	1.00379	0.00193405
1683	1088	1.00379	0.00193405
1683	1089	1.00379	0.00193405
1683	1090	1.00379	0.00193405
1683	1091	1.00379	0.00193405
1683	1092	1.00379	0.00193405
1683	1093	1.00379	0.00193405
1683	1094	1.00379	0.00193405
1683	1095	1.00379	0.00193405
1683	1096	1.00379	0.00193405
1683	1097	1.00379	0.00193405
1683	1098	1.00379	0.00193405
1683	1099	1.00379	0.00193405
1683	1100	1.00379	0.00193405
1683	1101	1.00379	0.00193405
1683	1102	1.00379	0.00193405
1683	1103	1.00379	0.00193405
1683	1104	1.00379	0.00193405
1683	1105	1.00379	0.00193405
1683	1106	1.00379	0.00193405
1683	1107	1.00379	0.00193405
1683	1108	1.00379	0.00193405
1683	1109	1.00379	0.00193405
1683	1110	1.00379	0.00193405
1683	1111	1.00379	0.00193405
1683	1112	1.00379	0.00193405
1683	1113	1.00379	0.00193405
1683	1114	1.00379	0.00193405
1683	1115	1.00379	0.00193405
1683	1116	1.00379	0.00193405
1683	1117	1.00379	0.00193405
1683	1118	1.00379	0.00193405
1683	1119	1.00379	0.00193405
1683	1120	1.00379	0.00193405
1683	1121	1.00379	0.00193405
1683	1122	1.00379	0.00193405
1683	1123	1.00379	0.00193405
1683	1124	1.00379	0.00193405
1683	1125	1.00379	0.00193405
1683	1126	1.00379	0.00193405
1683	1127	1.00379	0.00193405
1683	1128	1.00379	0.00193405
1683	1129	1.00379	0.00193405
1683	1130	1.00379	0.00193405
1683	1131	1.00379	0.00193405
1683	1132	1.00379	0.00193405
1683	1133	1.00379	0.00193405
1683	1134	1.00379	0.00193405
1683	1135	1.00379	0.00193405
1683	1136	1.00379	0.00193405
1683	1137	1.00379	0.00193405
1683	1138	1.00379	0.00193405
1683	1139	1.00379	0.00193405
1683	1140	1.00379	0.00193405
1683	1141	1.00379	0.00193405
1683	1142	1.00379	0.00193405
1683	1143	1.00379	0.00193405
1683	1144	1.00379	0.00193405
1683	1145	1.00379	0.00193405
1683	1146	1.00379	0.00193405
1683	1147	1.00379	0.00193405
1683	1148	1.00379	0.00193405
1683	1149	1.00379	0.00193405
1683	1150	1.00379	0.00193405
1683	1151	1.00379	0.00193405
1683	1152	1.00379	0.00193405
1683	1153	1.00379	0.00193405
1683	1154	1.00379	0.00193405
1683	1155	1.00379	0.00193405
1683	1156	1.00379	0.00193405
1683	1157	1.00379	0.00193405
1683	1158	1.00379	0.00193405
1683	1159	1.00379	0.00193405
1683	1160	1.00379	0.00193405
1683	1161	1.00379	0.00193405
1683	1162	1.00379	0.00193405
1683	1163	1.00379	0.00193405
1683	1164	1.00379	0.00193405
1683	1165	1.00379	0.00193405
1683	1166	1.00379	0.00193405
1683	1167	1.00379	0.00193405
1683	1168	1.00379	0.00193405
1683	1169	1.00379	0.00193405
1683	1170	1.00379	0.00193405
1683	1171	1.00379	0.00193405
1683	1172	1.00379	0.00193405
1683	1173	1.00379	0.00193405
1683	1174	1.00379	0.00193405
1683	1175	1.00379	0.00193405
1683	1176	1.00379	0.00193405
1683	1177	1.00379	0.00193405
1683	1178	1.00379	0.00193405
1683	1179	1.00379	0.00193405
1683	1180	1.00379	0.00193405
1683	1181	1.00379	0.00193405
1683	1182	1.00379	0.00193405
1683	1183	1.00379	0.00193405
1683	1184	1.00379	0.00193405
1683	1185	1.00379	0.00193405
1683	1186	1.00379	0.00193405
1683	1187	1.00379	0.00193405
1683	1188	1.00379	0.00193405
1683	1189	1.00379	0.00193405
1683	1190	1.00379	0.00193405
1683	1191	1.00379	0.00193405
1683	1192	1.00379	0.00193405
1683	1193	1.00379	0.00193405
1683	1194	1.00379	0.00193405
1683	1195	1.00379	0.00193405
1683	1196	1.00379	0.00193405
1683	1197	1.00379	0.00193405
1683	1198	1.00379	0.00193405
1683	1199	1.00379	0.00193405
1683	1200	1.00379	0.00193405
1683	1201	1.00379	0.00193405
1683	1202	1.00379	0.00193405
1683	1203	1.00379	0.00193405
1683	1204	1.00379	0.00193405
1683	1205	1.00379	0.00193405
1683	1206	1.00379	0.00193405
1683	1207	1.00379	0.00193405
1683	1208	1.00379	0.00193405
1683	1209	1.00379	0.00193405
1683	1210	1.00379	0.00193405
1683	1211	1.00379	0.00193405
1683	1212	1.00379	0.00193405
1683	1213	1.00379	0.00193405
1683	1214	1.00379	0.00193405
1683	1215	1.00379	0.00193405
1683	1216	1.00379	0.00193405
1683	1217	1.00379	0.00193405
1683	1218	1.00379	0.00193405
1683	1219	1.00379	0.00193405
1683	1220	1.00379	0.00193405
1683	1221	1.00379	0.00193405
1683	1222	1.00379	0.00193405
1683	1223	1.00379	0.00193405
1683	1224	1.00379	0.00193405
1683	1225	1.00379	0.00193405
1683	1226	1.00379	0.00193405
1683	1227	1.00379	0.00193405
1683	1228	1.00379	0.00193405
1683	1229	1.00379	0.00193405
1683	1230	1.00379	0.00193405
1683	1231	1.00379	0.00193405
1683	1232	1.00379	0.00193405
1683	1233	1.00379	0.00193405
1683	1234	1.00379	0.00193405
1683	1235	1.00379	0.00193405
1683	1236	1.00379	0.00193405
1683	1237	1.00379	0.00193405
1683	1238	1.00379	0.00193405
1683	1239	1.00379	0.00193405
1683	1240	1.00379	0.00193405
1683	1241	1.00379	0.00193405
1683	1242	1.00379	0.00193405
1683	1243	1.00379	0.00193405
1683	1244	1.00379	0.00193405
1683	1245	1.00379	0.00193405
1683	1246	1.00379	0.00193405
1683	1247	1.00379	0.00193405
1683	1248	1.00379	0.00193405
1683	1249	1.00379	0.00193405
1683	1250	1.00379	0.00193405
1683	1251	1.00379	0.00193405
1683	1252	1.00379	0.00193405
1683	1253	1.00379	0.00193405
1683	1254	1.00379	0.00193405
1683	1255	1.00379	0.00193405
1683	1256	1.00379	0.00193405
1683	1257	1.00379	0.00193405
1683	1258	1.00379	0.00193405
1683	1259	1.00379	0.00193405
1683	1260	1.00379	0.00193405
1683	1261	1.00379	0.00193405
1683	1262	1.00379	0.00193405
1683	1263	1.00379	0.00193405
1683	1264	1.00379	0.00193405
1683	1265	1.00379	0.00193405
1683	1266	1.00379	0.00193405
1683	1267	1.00379	0.00193405
1683	1268	1.00379	0.00193405
1683	1269	1.00379	0.00193405
1683	1270	1.00379	0.00193405
1683	1271	1.00379	0.00193405
1683	1272	1.00379	0.00193405
1683	1273	1.00379	0.00193405
1683	1274	1.00379	0.00193405
1683	1275	1.00379	0.00193405
1683	1276	1.00379	0.00193405
1683	1277	1.00379	0.00193405
1683	1278	1.00379	0.00193405
1683	1279	1.00379	0.00193405
1683	1280	1.00379	0.00193405
1683	1281	1.00379	0.00193405
1683	1282	1.00379	0.00193405
1683	1283	1.00379	0.00193405
1683	1284	1.00379	0.00193405
1683	1285	1.00379	0.00193405
1683	1286	1.00379	0.00193405
1683	1287	1.00379	0.00193405
1683	1288	1.00379	0.00193405
1683	1289	1.00379	0.00193405
1683	1290	1.00379	0.00193405
1683	1291	1.00379	0.00193405
1683	1292	1.00379	0.00193405
1683	1293	1.00379	0.00193405
1683	1294	1.00379	0.00193405
1683	1295	1.00379	0.00193405
1683	1296	1.00379	0.00193405
1683	1297	1.00379	0.00193405
1683	1298	1.00379	0.00193405
1683	1299	1.00379	0.00193405
1683	1300	1.00379	0.00193405
1683	1301	1.00379	0.00193405
1683	1302	1.00379	0.00193405
1683	1303	1.00379	0.00193405
1683	1304	1.00379	0.00193405
1683	1305	1.00379	0.00193405
1683	1306	1.00379	0.00193405
1683	1307	1.00379	0.00193405
1683	1308	1.00379	0.00193405
1683	1309	1.00379	0.00193405
1683	1310	1.00379	0.00193405
1683	1311	1.00379	0.00193405
1683	1312	1.00379	0.00193405
1683	1313	1.00379	0.00193405
1683	1314	1.00379	0.00193405
1683	1315	1.00379	0.00193405
1683	1316	1.00379	0.00193405
1683	1317	1.00379	0.00193405
1683	1318	1.00379	0.00193405
1683	1319	1.00379	0.00193405
1683	1320	1.00379	0.00193405
1683	1321	1.00379	0.00193405
1683	1322	1.00379	0.00193405
1683	1323	1.00379	0.00193405
1683	1324	1.00379	0.00193405
1683	1325	1.00379	0.00193405
1683	1326	1.00379	0.00193405
1683	1327	1.00379	0.00193405
1683	1328	1.00379	0.00193405
1683	1329	1.00379	0.00193405
1683	1330	1.00379	0.00193405
1683	1331	1.00379	0.00193405
1683	1332	1.00379	0.00193405
1683	1333	1.00379	0.00193405
1683	1334	1.00379	0.00193405
1683	1335	1.00379	0.00193405
1683	1336	1.00379	0.00193405
1683	1337	1.00379	0.00193405
1683	1338	1.00379	0.00193405
1683	1339	1.00379	0.00193405
1683	1340	1.00379	0.00193405
1683	1341	1.00379	0.00193405
1683	1342	1.00379	0.00193405
1683	1343	1.00379	0.00193405
1683	1344	1.00379	0.00193405
1683	1345	1.00379	0.00193405
1683	1346	1.00379	0.00193405
1683	1347	1.00379	0.00193405
1683	1348	1.00379	0.00193405
1683	1349	1.00379	0.00193405
1683	1350	1.00379	0.00193405
1683	1351	1.00379	0.00193405
1683	1352	1.00379	0.00193405
1683	1353	1.00379	0.00193405
1683	1354	1.00379	0.00193405
1683	1355	1.00379	0.00193405
1683	1356	1.00379	0.00193405
1683	1357	1.00379	0.00193405
1683	1358	1.00379	0.00193405
1683	1359	1.00379	0.00193405
1683	1360	1.00379	0.00193405
1683	1361	1.00379	0.00193405
1683	1362	1.00379	0.00193405
1683	1363	1.00379	0.00193405
1683	1364	1.00379	0.00193405
1683	1365	1.00379	0.00193405
1683	1366	1.00379	0.00193405
1683	1367	1.00379	0.00193405
1683	1368	1.00379	0.00193405
1683	1369	1.00379	0.00193405
1683	1370	1.00379	0.00193405
1683	1371	1.00379	0.00193405
1683	1372	1.00379	0.00193405
1683	1373	1.00379	0.00193405
1683	1374	1.00379	0.00193405
1683	1375	1.00379	0.00193405
1683	1376	1.00379	0.00193405
1683	1377	1.00379	0.00193405
1683	1378	1.00379	0.00193405
1683	1379	1.00379	0.00193405
1683	1380	1.00379	0.00193405
1683	1381	1.00379	0.00193405
1683	1382	1.00379	0.00193405
1683	1383	1.00379	0.00193405
1683	1384	1.00379	0.00193405
1683	1385	1.00379	0.00193405
1683	1386	1.00379	0.00193405
1683	1387	1.00379	0.00193405
1683	1388	1.00379	0.00193405
1683	1389	1.00379	0.00193405
1683	1390	1.00379	0.00193405
1683	1391	1.00379	0.00193405
1683	1392	1.00379	0.00193405
1683	1393	1.00379	0.00193405
1683	1394	1.00379	0.00193405
1683	1395	1.00379	0.00193405
1683	1396	1.00379	0.00193405
1683	1397	1.00379	0.00193405
1683	1398	1.00379	0.00193405
1683	1399	1.00379	0.00193405
1683	1400	1.00379	0.00193405
1683	1401	1.00379	0.00193405
1683	1402	1.00379	0.00193405
1683	1403	1.00379	0.00193405
1683	1404	1.00379	0.00193405
1683	1405	1.00379	0.00193405
1683	1406	1.00379	0.00193405
1683	1407	1.00379	0.00193405
1683	1408	1.00379	0.00193405
1683	1409	1.00379	0.00193405
1683	1410	1.00379	0.00193405
1683	1411	1.00379	0.00193405
1683	1412	1.00379	0.00193405
1683	1413	1.00379	0.00193405
1683	1414	1.00379	0.00193405
1683	1415	1.00379	0.00193405
1683	1416	1.00379	0.00193405
1683	1417	1.00379	0.00193405
1683	1418	1.00379	0.00193405
1683	1419	1.00379	0.00193405
1683	1420	1.00379	0.00193405
1683	1421	1.00379	0.00193405
1683	1422	1.00379	0.00193405
1683	1423	1.00379	0.00193405
1683	1424	1.00379	0.00193405
1683	1425	1.00379	0.00193405
1683	1426	1.00379	0.00193405
1683	1427	1.00379	0.00193405
1683	1428	1.00379	0.00193405
1683	1429	1.00379	0.00193405
1683	1430	1.00379	0.00193405
1683	1431	1.00379	0.00193405
1683	1432	1.00379	0.00193405
1683	1433	1.00379	0.00193405
1683	1434	1.00379	0.00193405
1683	1435	1.00379	0.00193405
1683	1436	1.00379	0.00193405
1683	1437	1.00379	0.00193405
1683	1438	1.00379	0.00193405
1683	1439	1.00379	0.00193405
1683	1440	1.00379	0.00193405
1683	1441	1.00379	0.00193405
1683	1442	1.00379	0.00193405
1683	1443	1.00379	0.00193405
1683	1444	1.00379	0.00193405
1683	1445	1.00379	0.00193405
1683	1446	1.00379	0.00193405
1683	1447	1.00379	0.00193405
1683	1448	1.00379	0.00193405
1683	1449	1.00379	0.00193405
1683	1450	1.00379	0.00193405
1683	1451	1.00379	0.00193405
1683	1452	1.00379	0.00193405
1683	1453	1.00379	0.00193405
1683	1454	1.00379	0.00193405
1683	1455	1.00379	0.00193405
1683	1456	1.00379	0.00193405
1683	1457	1.00379	0.00193405
1683	1458	1.00379	0.00193405
1683	1459	1.00379	0.00193405
1683	1460	1.00379	0.00193405
1683	1461	1.00379	0.00193405
1683	1462	1.00379	0.00193405
1683	1463	1.00379	0.00193405
1683	1464	1.00379	0.00193405
1683	1465	1.00379	0.00193405
1683	1466	1.00379	0.00193405
1683	1467	1.00379	0.00193405
1683	1468	1.00379	0.00193405
1683	1469	1.00379	0.00193405
1683	1470	1.00379	0.00193405
1683	1471	1.00379	0.00193405
1683	1472	1.00379	0.00193405
1683	1473	1.00379	0.00193405
1683	1474	1.00379	0.00193405
1683	1475	1.00379	0.00193405
1683	1476	1.00379	0.00193405
1683	1477	1.00379	0.00193405
1683	1478	1.00379	0.00193405
1683	1479	1.00379	0.00193405
1683	1480	1.00379	0.00193405
1683	1481	1.00379	0.00193405
1683	1482	1.00379	0.00193405
1683	1483	1.00379	0.00193405
1683	1484	1.00379	0.00193405
1683	1485	1.00379	0.00193405
1683	1486	1.00379	0.00193405
1683	1487	1.00379	0.00193405
1683	1488	1.00379	0.00193405
1683	1489	1.00379	0.00193405
1683	1490	1.00379	0.00193405
1683	1491	1.00379	0.00193405
1683	1492	1.00379	0.00193405
1683	1493	1.00379	0.00193405
1683	1494	1.00379	0.00193405
1683	1495	1.00379	0.00193405
1683	1496	1.00379	0.00193405
1683	1497	1.00379	0.00193405
1683	1498	1.00379	0.00193405
1683	1499	1.00379	0.00193405
1683	1500	1.00379	0.00193405
1683	1501	1.00379	0.00193405
1683	1502	1.00379	0.00193405
1683	1503	1.00379	0.00193405
1683	1504	1.00379	0.00193405
1683	1505	1.00379	0.00193405
1683	1506	1.00379	0.00193405
1683	1507	1.00379	0.00193405
1683	1508	1.00379	0.00193405
1683	1509	1.00379	0.00193405
1683	1510	1.00379	0.00193405
1683	1511	1.00379	0.00193405
1683	1512	1.00379	0.00193405
1683	1513	1.00379	0.00193405
1683	1514	1.00379	0.00193405
1683	1515	1.00379	0.00193405
1683	1516	1.00379	0.00193405
1683	1517	1.00379	0.00193405
1683	1518	1.00379	0.00193405
1683	1519	1.00379	0.00193405
1683	1520	1.00379	0.00193405
1683	1521	1.00379	0.00193405
1683	1522	1.00379	0.00193405
1683	1523	1.00379	0.00193405
1683	1524	1.00379	0.00193405
1683	1525	1.00379	0.00193405
1683	1526	1.00379	0.00193405
1683	1527	1.00379	0.00193405
1683	1528	1.00379	0.00193405
1683	1529	1.00379	0.00193405
1683	1530	1.00379	0.00193405
1683	1531	1.00379	0.00193405
1683	1532	1.00379	0.00193405
1683	1533	1.00379	0.00193405
1683	1534	1.00379	0.00193405
1683	1535	1.00379	0.00193405
1683	1536	1.00379	0.00193405
1683	1537	1.00379	0.00193405
1683	1538	1.00379	0.00193405
1683	1539	1.00379	0.00193405
1683	1540	1.00379	0.00193405
1683	1541	1.00379	0.00193405
1683	1542	1.00379	0.00193405
1683	1543	1.00379	0.00193405
1683	1544	1.00379	0.00193405
1683	1545	1.00379	0.00193405
1683	1546	1.00379	0.00193405
1683	1547	1.00379	0.00193405
1683	1548	1.00379	0.00193405
1683	1549	1.00379	0.00193405
1683	1550	1.00379	0.00193405
1683	1551	1.00379	0.00193405
1683	1552	1.00379	0.00193405
1683	1553	1.00379	0.00193405
1683	1554	1.00379	0.00193405
1683	1555	1.00379	0.00193405
1683	1556	1.00379	0.00193405
1683	1557	1.00379	0.00193405
1683	1558	1.00379	0.00193405
1683	1559	1.00379	0.00193405
1683	1560	1.00379	0.00193405
1683	1561	1.00379	0.00193405
1683	1562	1.00379	0.00193405
1683	1563	1.00379	0.00193405
1683	1564	1.00379	0.00193405
1683	1565	1.00379	0.00193405
1683	1566	1.00379	0.00193405
1683	1567	1.00379	0.00193405
1683	1568	1.00379	0.00193405
1683	1569	1.00379	0.00193405
1683	1570	1.00379	0.00193405
1683	1571	1.00379	0.00193405
1683	1572	1.00379	0.00193405
1683	1573	1.00379	0.00193405
1683	1574	1.00379	0.00193405
1683	1575	1.00379	0.00193405
1683	1576	1.00379	0.00193405
1683	1577	1.00379	0.00193405
1683	1578	1.00379	0.00193405
1683	1579	1.00379	0.00193405
1683	1580	1.00379	0.00193405
1683	1581	1.00379	0.00193405
1683	1582	1.00379	0.00193405
1683	1583	1.00379	0.00193405
1683	1584	1.00379	0.00193405
1683	1585	1.00379	0.00193405
1683	1586	1.00379	0.00193405
1683	1587	1.00379	0.00193405
1683	1588	1.00379	0.00193405
1683	1589	1.00379	0.00193405
1683	1590	1.00379	0.00193405
1683	1591	1.00379	0.00193405
1683	1592	1.00379	0.00193405
1683	1593	1.00379	0.00193405
1683	1594	1.00379	0.00193405
1683	1595	1.00379	0.00193405
1683	1596	1.00379	0.00193405
1683	1597	1.00379	0.00193405
1683	1598	1.00379	0.00193405
1683	1599	1.00379	0.00193405
1683	1600	1.00379	0.00193405
1683	1601	1.00379	0.00193405
1683	1602	1.00379	0.00193405
1683	1603	1.00379	0.00193405
1683	1604	1.00379	0.00193405
1683	1605	1.00379	0.00193405
1683	1606	1.00379	0.00193405
1683	1607	1.00379	0.00193405
1683	1608	1.00379	0.00193405
1683	1609	1.00379	0.00193405
1683	1610	1.00379	0.00193405
1683	1611	1.00379	0.00193405
1683	1612	1.00379	0.00193405
1683	1613	1.00379	0.00193405
1683	1614	1.00379	0.00193405
1683	1615	1.00379	0.00193405
1683	1616	1.00379	0.00193405
1683	1617	1.00379	0.00193405
1683	1618	1.00379	0.00193405
1683	1619	1.00379	0.00193405
1683	1620	1.00379	0.00193405
1683	1621	1.00379	0.00193405
1683	1622	1.00379	0.00193405
1683	1623	1.00379	0.00193405
1683	1624	1.00379	0.00193405
1683	1625	1.00379	0.00193405
1683	1626	1.00379	0.00193405
1683	1627	1.00379	0.00193405
1683	1628	1.00379	0.00193405
1683	1629	1.00379	0.00193405
1683	1630	1.00379	0.00193405
1683	1631	1.00379	0.00193405
1683	1632	1.00379	0.00193405
1683	1633	1.00379	0.00193405
1683	1634	1.00379	0.00193405
1683	1635	1.00379	0.00193405
1683	1636	1.00379	0.00193405
1683	1637	1.00379	0.00193405
1683	1638	1.00379	0.00193405
1683	1639	1.00379	0.00193405
1683	1640	1.00379	0.00193405
1683	1641	1.00379	0.00193405
1683	1642	1.00379	0.00193405
1683	1643	1.00379	0.00193405
1683	1644	1.00379	0.00193405
1683	1645	1.00379	0.00193405
1683	1646	1.00379	0.00193405
1683	1647	1.00379	0.00193405
1683	1648	1.00379	0.00193405
1683	1649	1.00379	0.00193405
1683	1650	1.00379	0.00193405
1683	1651	1.00379	0.00193405
1683	1652	1.00379	0.00193405
1683	1653	1.00379	0.00193405
1683	1654	1.00379	0.00193405
1683	1655	1.00379	0.00193405
1683	1656	1.00379	0.00193405
1683	1657	1.00379	0.00193405
1683	1658	1.00379	0.00193405
1683	1659	1.00379	0.00193405
1683	1660	1.00379	0.00193405
1683	1661	1.00379	0.00193405
1683	1662	1.00379	0.00193405
1683	1663	1.00379	0.00193405
1683	1664	1.00379	0.00193405
1683	1665	1.00379	0.00193405
1683	1666	1.00379	0.00193405
1683	1667	1.00379	0.00193405
1683	1668	1.00379	0.00193405
1683	1669	1.00379	0.00193405
1683	1670	1.00379	0.00193405
1683	1671	1.00379	0.00193405
1683	1672	1.00379	0.00193405
1683	1673	1.00379	0.00193405
1683	1674	1.00379	0.00193405
1683	1675	1.00379	0.00193405
1683	1676	1.00379	0.00193405
1683	1677	1.00379	0.00193405
1683	1678	1.00379	0.00193405
1683	1679	1.00379	0.00193405
1683	1680	1.00379	0.00193405
1683	1681	1.00379	0.00193405
1683	1682	1.00379	0.00193405
1683	1683	1.00379	0.00193405
1683	1684	1.00379	0.00193405
1683	1685	1.00379	0.00193405
1683	1686	1.00379	0.00193405
1683	1687	1.00379	0.00193405
1683	1688	1.00379	0.00193405
1683	1689	1.00379	0.00193405
1683	1690	1.00379	0.00193405
1683	1691	1.00379	0.00193405
1683	1692	1.00379	0.00193405
1683	1693	1.00379	0.00193405
1683	1694	1.00379	0.00193405
1683	1695	1.00379	0.00193405
1683	1696	1.00379	0.00193405
1683	1697	1.00379	0.00193405
1683	1698	1.00379	0.00193405
1683	1699	1.00379	0.00193405
1683	1700	1.00379	0.00193405
1683	1701	1.00379	0.00193405
1683	1702	1.00379	0.00193405
1683	1703	1.00379	0.00193405
1683	1704	1.00379	0.00193405
1683	1705	1.00379	0.00193405
1683	1706	1.00379	0.00193405
1683	1707	1.00379	0.00193405
1683	1708	1.00379	0.00193405
1683	1709	1.00379	0.00193405
1683	1710	1.00379	0.00193405
1683	1711	1.00379	0.00193405
1683	1712	1.00379	0.00193405
1683	1713	1.00379	0.00193405
1683	1714	1.00379	0.00193405
1683	1715	1.00379	0.00193405
1683	1716	1.00379	0.00193405
1683	1717	1.00379	0.00193405
1683	1718	1.00379	0.00193405
1683	1719	1.00379	0.00193405
1683	1720	1.00379	0.00193405
1683	1721	1.00379	0.00193405
1683	1722	1.00379	0.00193405
1683	1723	1.00379	0.00193405
1683	1724	1.00379	0.00193405
1683	1725	1.00379	0.00193405
1683	1726	1.00379	0.00193405
1683	1727	1.00379	0.00193405
1683	1728	1.00379	0.00193405
1683	1729	1.00379	0.00193405
1683	1730	1.00379	0.00193405
1683	1731	1.00379	0.00193405
1683	1732	1.00379	0.00193405
1683	1733	1.00379	0.00193405
1683	1734	1.00379	0.00193405
1683	1735	1.00379	0.00193405
1683	1736	1.00379	0.00193405
1683	1737	1.00379	0.00193405
1683	1738	1.00379	0.00193405
1683	1739	1.00379	0.00193405
1683	1740	1.00379	0.00193405
1683	1741	1.00379	0.00193405
1683	1742	1.00379	0.00193405
1683	1743	1.00379	0.00193405
1683	1744	1.00379	0.00193405
1683	1745	1.00379	0.00193405
1683	1746	1.00379	0.00193405
1683	1747	1.00379	0.00193405
1683	1748	1.00379	0.00193405
1683	1749	1.00379	0.00193405
1683	1750	1.00379	0.00193405
1683	1751	1.00379	0.00193405
1683	1752	1.00379	0.00193405
1683	1753	1.00379	0.00193405
1683	1754	1.00379	0.00193405
1683	1755	1.00379	0.00193405
1683	1756	1.00379	0.00193405
1683	1757	1.00379	0.00193405
1683	1758	1.00379	0.00193405
1683	1759	1.00379	0.00193405
1683	1760	1.00379	0.00193405
1683	1761	1.00379	0.00193405
1683	1762	1.00379	0.00193405
1683	1763	1.00379	0.00193405
1683	1764	1.00379	0.00193405
1683	1765	1.00379	0.00193405
1683	1766	1.00379	0.00193405
1683	1767	1.00379	0.00193405
1683	1768	1.00379	0.00193405
1683	1769	1.00379	0.00193405
1683	1770	1.00379	0.00193405
1683	1771	1.00379	0.00193405
1683	1772	1.00379	0.00193405
1683	1773	1.00379	0.00193405
1683	1774	1.00379	0.00193405
1683	1775	1.00379	0.00193405
1683	1776	1.00379	0.00193405
1683	1777	1.00379	0.00193405
1683	1778	1.00379	0.00193405
1683	1779	1.00379	0.00193405
1683	1780	1.00379	0.00193405
1683	1781	1.00379	0.00193405
1683	1782	1.00379	0.00193405
1683	1783	1.00379	0.00193405
1683	1784	1.00379	0.00193405
1683	1785	1.00379	0.00193405
1683	1786	1.00379	0.00193405
1683	1787	1.00379	0.00193405
1683	1788	1.00379	0.00193405
1683	1789	1.00379	0.00193405
1683	1790	1.00379	0.00193405
1683	1791	1.00379	0.00193405
1683	1792	1.00379	0.00193405
1683	1793	1.00379	0.00193405
1683	1794	1.00379	0.00193405
1683	1795	1.00379	0.00193405
1683	1796	1.00379	0.00193405
1683	1797	1.00379	0.00193405
1683	1798	1.00379	0.00193405
1683	1799	1.00379	0.00193405
1683	1800	1.00379	0.00193405
1683	1801	1.00379	0.00193405
1683	1802	1.00379	0.00193405
1683	1803	1.00379	0.00193405
1683	1804	1.00379	0.00193405
1683	1805	1.00379	0.00193405
1683	1806	1.00379	0.00193405
1683	1807	1.00379	0.00193405
1683	1808	1.00379	0.00193405
1683	1809	1.00379	0.00193405
1683	1810	1.00379	0.00193405
1683	1811	1.00379	0.00193405
1683	1812	1.00379	0.00193405
1683	1813	1.00379	0.00193405
1683	1814	1.00379	0.00193405
1683	1815	1.00379	0.00193405
1683	1816	1.00379	0.00193405
1683	1817	1.00379	0.00193405
1683	1818	1.00379	0.00193405
1683	1819	1.00379	0.00193405
1683	1820	1.00379	0.00193405
1683	1821	1.00379	0.00193405
1683	1822	1.00379	0.00193405
1683	1823	1.00379	0.00193405
1683	1824	1.00379	0.00193405
1683	1825	1.00379	0.00193405
1683	1826	1.00379	0.00193405
1683	1827	1.00379	0.00193405
1683	1828	1.00379	0.00193405
1683	1829	1.00379	0.00193405
1683	1830	1.00379	0.00193405
1683	1831	1.00379	0.00193405
1683	1832	1.00379	0.00193405
1683	1833	1.00379	0.00193405
1683	1834	1.00379	0.00193405
1683	1835	1.00379	0.00193405
1683	1836	1.00379	0.00193405
1683	1837	1.00379	0.00193405
1683	1838	1.00379	0.00193405
1683	1839	1.00379	0.00193405
1683	1840	1.00379	0.00193405
1683	1841	1.00379	0.00193405
1683	1842	1.00379	0.00193405
1683	1843	1.00379	0.00193405
1683	1844	1.00379	0.00193405
1683	1845	1.00379	0.00193405
1683	1846	1.00379	0.00193405
1683	1847	1.00379	0.00193405
1683	1848	1.00379	0.00193405
1683	1849	1.00379	0.00193405
1683	1850	1.00379	0.00193405
1683	1851	1.00379	0.00193405
1683	1852	1.00379	0.00193405
1683	1853	1.00379	0.00193405
1683	1854	1.00379	0.00193405
1683	1855	1.00379	0.00193405
1683	1856	1.00379	0.00193405
1683	1857	1.00379	0.00193405
1683	1858	1.00379	0.00193405
1683	1859	1.00379	0.00193405
1683	1860	1.00379	0.00193405
1683	1861	1.00379	0.00193405
1683	1862	1.00379	0.00193405
1683	1863	1.00379	0.00193405
1683	1864	1.00379	0.00193405
1683	1865	1.00379	0.00193405
1683	1866	1.00379	0.00193405
1683	1867	1.00379	0.00193405
1683	1868	1.00379	0.00193405
1683	1869	1.00379	0.00193405
1683	1870	1.00379	0.00193405
1683	1871	1.00379	0.00193405
1683	1872	1.00379	0.00193405
1683	1873	1.00379	0.00193405
1683	1874	1.00379	0.00193405
1683	1875	1.00379	0.00193405
1683	1876	1.00379	0.00193405
1683	1877	1.00379	0.00193405
1683	1878	1.00379	0.00193405
1683	1879	1.00379	0.00193405
1683	1880	1.00379	0.00193405
1683	1881	1.00379	0.00193405
1683	1882	1.00379	0.00193405
1683	1883	1.00379	0.00193405
1683	1884	1.00379	0.00193405
1683	1885	1.00379	0.00193405
1683	1886	1.00379	0.00193405
1683	1887	1.00379	0.00193405
1683	1888	1.00379	0.00193405
1683	1889	1.00379	0.00193405
1683	1890	1.00379	0.00193405
1683	1891	1.00379	0.00193405
1683	1892	1.00379	0.00193405
1683	1893	1.00379	0.00193405
1683	1894	1.00379	0.00193405
1683	1895	1.00379	0.00193405
1683	1896	1.00379	0.00193405
1683	1897	1.00379	0.00193405
1683	1898	1.00379	0.00193405
1683	1899	1.00379	0.00193405
1683	1900	1.00379	0.00193405
1683	1901	1.00379	0.00193405
1683	1902	1.00379	0.00193405
1683	1903	1.00379	0.00193405
1683	1904	1.00379	0.00193405
1683	1905	1.00379	0.00193405
1683	1906	1.00379	0.00193405
1683	1907	1.00379	0.00193405
1683	1908	1.00379	0.00193405
1683	1909	1.00379	0.00193405
1683	1910	1.00379	0.00193405
1683	1911	1.00379	0.00193405
1683	1912	1.00379	0.00193405
1683	1913	1.00379	0.00193405
1683	1914	1.00379	0.00193405
1683	1915	1.00379	0.00193405
1683	1916	1.00379	0.00193405
1683	1917	1.00379	0.00193405
1683	1918	1.00379	0.00193405
1683	1919	1.00379	0.00193405
1683	1920	1.00379	0.00193405
1683	1921	1.00379	0.00193405
1683	1922	1.00379	0.00193405
1683	1923	1.00379	0.00193405
1683	1924	1.00379	0.00193405
1683	1925	1.00379	0.00193405
1683	1926	1.00379	0.00193405
1683	1927	1.00379	0.00193405
1683	1928	1.00379	0.00193405
1683	1929	1.00379	0.00193405
1683	1930	1.00379	0.00193405
1683	1931	1.00379	0.00193405
1683	1932	1.00379	0.00193405
1683	1933	1.00379	0.00193405
1683	1934	1.00379	0.00193405
1683	1935	1.00379	0.00193405
1683	1936	1.00379	0.00193405
1683	1937	1.00379	0.00193405
1683	1938	1.00379	0.00193405
1683	1939	1.00379	0.00193405
1683	1940	1.00379	0.00193405
1683	1941	1.00379	0.00193405
1683	1942	1.00379	0.00193405
1683	1943	1.00379	0.00193405
1683	1944	1.00379	0.00193405
1683	1945	1.00379	0.00193405
1683	1946	1.00379	0.00193405
1683	1947	1.00379	0.00193405
1683	1948	1.00379	0.00193405
1683	1949	1.00379	0.00193405
1683	1950	1.00379	0.00193405
1683	1951	1.00379	0.00193405
1683	1952	1.00379	0.00193405
1683	1953	1.00379	0.00193405
1683	1954	1.00379	0.00193405
1683	1955	1.00379	0.00193405
1683	1956	1.00379	0.00193405
1683	1957	1.00379	0.00193405
1683	1958	1.00379	0.00193405
1683	1959	1.00379	0.00193405
1683	1960	1.00379	0.00193405
1683	1961	1.00379	0.00193405
1683	1962	1.00379	0.00193405
1683	1963	1.00379	0.00193405
1683	1964	1.00379	0.00193405
1683	1965	1.00379	0.00193405
1683	1966	1.00379	0.00193405
1683	1967	1.00379	0.00193405
1683	1968	1.00379	0.00193405
1683	1969	1.00379	0.00193405
1683	1970	1.00379	0.00193405
1683	1971	1.00379	0.00193405
1683	1972	1.00379	0.00193405
1683	1973	1.00379	0.00193405
1683	1974	1.00379	0.00193405
1683	1975	1.00379	0.00193405
1683	1976	1.00379	0.00193405
1683	1977	1.00379	0.00193405
1683	1978	1.00379	0.00193405
1683	1979	1.00379	0.00193405
1683	1980	1.00379	0.00193405
1683	1981	1.00379	0.00193405
1683	1982	1.00379	0.00193405
1683	1983	1.00379	0.00193405
1683	1984	1.00379	0.00193405
1683	1985	1.00379	0.00193405
1683	1986	1.00379	0.00193405
1683	1987	1.00379	0.00193405
1683	1988	1.00379	0.00193405
1683	1989	1.00379	0.00193405
1683	1990	1.00379	0.00193405
1683	1991	1.00379	0.00193405
1683	1992	1.00379	0.00193405
1683	1993	1.00379	0.00193405
1683	1994	1.00379	0.00193405
1683	1995	1.00379	0.00193405
1683	1996	1.00379	0.00193405
1683	1997	1.00379	0.00193405
1683	1998	1.00379	0.00193405
1683	1999	1.00379	0.00193405
1683	2000	1.00379	0.00193405
1683	2001	1.00379	0.00193405
1683	2002	1.00379	0.00193405
1683	2003	1.00379	0.00193405
1683	2004	1.00379	0.00193405
1683	2005	1.00379	0.00193405
1683	2006	1.00379	0.00193405
1683	2007	1.00379	0.00193405
1683	2008	1.00379	0.00193405
1683	2009	1.00379	0.00193405
1683	2010	1.00379	0.00193405
1683	2011	1.00379	0.00193405
1683	2012	1.00379	0.00193405
1683	2013	1.00379	0.00193405
1683	2014	1.00379	0.00193405
1683	2015	1.00379	0.00193405
1683	2016	1.00379	0.00193405
1683	2017	1.00379	0.00193405
1683	2018	1.00379	0.00193405
1683	2019	1.00379	0.00193405
1683	2020	1.00379	0.00193405
1683	2021	1.00379	0.00193405
1683	2022	1.00379	0.00193405
1683	2023	1.00379	0.00193405
1683	2024	1.00379	0.00193405
1683	2025	1.00379	0.00193405
1683	2026	1.00379	0.00193405
1683	2027	1.00379	0.00193405
1683	2028	1.00379	0.00193405
1683	2029	1.00379	0.00193405
1683	2030	1.00379	0.00193405
1683	2031	1.00379	0.00193405
1683	2032	1.00379	0.00193405
1683	2033	1.00379	0.00193405
1683	2034	1.00379	0.00193405
1683	2035	1.00379	0.00193405
1683	2036	1.00379	0.00193405
1683	2037	1.00379	0.00193405
1683	2038	1.00379	0.00193405
1683	2039	1.00379	0.00193405
1683	2040	1.00379	0.00193405
1683	2041	1.00379	0.00193405
1683	2042	1.00379	0.00193405
1683	2043	1.00379	0.00193405
1683	2044	1.00379	0.00193405
1683	2045	1.00379	0.00193405
1683	2046	1.00379	0.00193405
1683	2047	1.00379	0.00193405
1683	2048	1.00379	0.00193405
1683	2049	1.00379	0.00193405
1683	2050	1.00379	0.00193405
1683	2051	1.00379	0.00193405
1683	2052	1.00379	0.00193405
1683	2053	1.00379	0.00193405
1683	2054	1.00379	0.00193405
1683	2055	1.00379	0.00193405
1683	2056	1.00379	0.00193405
1683	2057	1.00379	0.00193405
1683	2058	1.00379	0.00193405
1683	2059	1.00379	0.00193405
1683	2060	1.00379	0.00193405
1683	2061	1.00379	0.00193405
1683	2062	1.00379	0.00193405
1683	2063	1.00379	0.00193405
1683	2064	1.00379	0.00193405
1683	2065	1.00379	0.00193405
1683	2066	1.00379	0.00193405
1683	2067	1.00379	0.00193405
1683	2068	1.00379	0.00193405
1683	2069	1.00379	0.00193405
1683	2070	1.00379	0.00193405
1683	2071	1.00379	0.00193405
1683	2072	1.00379	0.00193405
1683	2073	1.00379	0.00193405
1683	2074	1.00379	0.00193405
1683	2075	1.00379	0.00193405
1683	2076	1.00379	0.00193405
1683	2077	1.00379	0.00193405
1683	2078	1.00379	0.00193405
1683	2079	1.00379	0.00193405
1683	2080	1.00379	0.00193405
1683	2081	1.00379	0.00193405
1683	2082	1.00379	0.00193405
1683	2083	1.00379	0.00193405
1683	2084	1.00379	0.00193405
1683	2085	1.00379	0.00193405
1683	2086	1.00379	0.00193405
1683	2087	1.00379	0.00193405
1683	2088	1.00379	0.00193405
1683	2089	1.00379	0.00193405
1683	2090	1.00379	0.00193405
1683	2091	1.00379	0.00193405
1683	2092	1.00379	0.00193405
1683	2093	1.00379	0.00193405
1683	2094	1.00379	0.00193405
1683	2095	1.00379	0.00193405
1683	2096	1.00379	0.00193405
1683	2097	1.00379	0.00193405
1683	2098	1.00379	0.00193405
1683	2099	1.00379	0.00193405
1683	2100	1.00379	0.00193405
1683	2101	1.00379	0.00193405
1683	2102	1.00379	0.00193405
1683	2103	1.00379	0.00193405
1683	2104	1.00379	0.00193405
1683	2105	1.00379	0.00193405
1683	2106	1.00379	0.00193405
1683	2107	1.00379	0.00193405
1683	2108	1.00379	0.00193405
1683	2109	1.00379	0.00193405
1683	2110	1.00379	0.00193405
1683	2111	1.00379	0.00193405
1683	2112	1.00379	0.00193405
1683	2113	1.00379	0.00193405
1683	2114	1.00379	0.00193405
1683	2115	1.00379	0.00193405
1683	2116	1.00379	0.00193405
1683	2117	1.00379	0.00193405
1683	2118	1.00379	0.00193405
1683	2119	1.00379	0.00193405
1683	2120	1.00379	0.00193405
1683	2121	1.00379	0.00193405
1683	2122	1.00379	0.00193405
1683	2123	1.00379	0.00193405
1683	2124	1.00379	0.00193405
1683	2125	1.00379	0.00193405
1683	2126	1.00379	0.00193405
1683	2127	1.00379	0.00193405
1683	2128	1.00379	0.00193405
1683	2129	1.00379	0.00193405
1683	2130	1.00379	0.00193405
1683	2131	1.00379	0.00193405
1683	2132	1.00379	0.00193405
1683	2133	1.00379	0.00193405
1683	2134	1.00379	0.00193405
1683	2135	1.00379	0.00193405
1683	2136	1.00379	0.00193405
1683	2137	1.00379	0.00193405
1683	2138	1.00379	0.00193405
1683	2139	1.00379	0.00193405
1683	2140	1.00379	0.00193405
1683	2141	1.00379	0.00193405
1683	2142	1.00379	0.00193405
1683	2143	1.00379	0.00193405
1683	2144	1.00379	0.00193405
1683	2145	1.00379	0.00193405
1683	2146	1.00379	0.00193405
1683	2147	1.00379	0.00193405
1683	2148	1.00379	0.00193405
1683	2149	1.00379	0.00193405
1683	2150	1.00379	0.00193405
1683	2151	1.00379	0.00193405
1683	2152	1.00379	0.00193405
1683	2153	1.00379	0.00193405
1683	2154	1.00379	0.00193405
1683	2155	1.00379	0.00193405
1683	2156	1.00379	0.00193405
1683	2157	1.00379	0.00193405
1683	2158	1.00379	0.00193405
1683	2159	1.00379	0.00193405
1683	2160	1.00379	0.00193405
1683	2161	1.00379	0.00193405
1683	2162	1.00379	0.00193405
1683	2163	1.00379	0.00193405
1683	2164	1.00379	0.00193405
1683	2165	1.00379	0.00193405
1683	2166	1.00379	0.00193405
1683	2167	1.00379	0.00193405
1683	2168	1.00379	0.00193405
1683	2169	1.00379	0.00193405
1683	2170	1.00379	0.00193405
1683	2171	1.00379	0.00193405
1683	2172	1.00379	0.00193405
1683	2173	1.00379	0.00193405
1683	2174	1.00379	0.00193405
1683	2175	1.00379	0.00193405
1683	2176	1.00379	0.00193405
1683	2177	1.00379	0.00193405
1683	2178	1.00379	0.00193405
1683	2179	1.00379	0.00193405
1683	2180	1.00379	0.00193405
1683	2181	1.00379	0.00193405
1683	2182	1.00379	0.00193405
1683	2183	1.00379	0.00193405
1683	2184	1.00379	0.00193405
1683	2185	1.00379	0.00193405
1683	2186	1.00379	0.00193405
1683	2187	1.00379	0.00193405
1683	2188	1.00379	0.00193405
1683	2189	1.00379	0.00193405
1683	2190	1.00379	0.00193405
1683	2191	1.00379	0.00193405
1683	2192	1.00379	0.00193405
1683	2193	1.00379	0.00193405
1683	2194	1.00379	0.00193405
1683	2195	1.00379	0.00193405
1683	2196	1.00379	0.00193405
1683	2197	1.00379	0.00193405
1683	2198	1.00379	0.00193405
1683	2199	1.00379	0.00193405
1683	2200	1.00379	0.00193405
1683	2201	1.00379	0.00193405
1683	2202	1.00379	0.00193405
1683	2203	1.00379	0.00193405
1683	2204	1.00379	0.00193405
1683	2205	1.00379	0.00193405
1683	2206	1.00379	0.00193405
1683	2207	1.00379	0.00193405
1683	2208	1.00379	0.00193405
1683	2209	1.00379	0.00193405
1683	2210	1.00379	0.00193405
1683	2211	1.00379	0.00193405
1683	2212	1.00379	0.00193405
1683	2213	1.00379	0.00193405
1683	2214	1.00379	0.00193405
1683	2215	1.00379	0.00193405
1683	2216	1.00379	0.00193405
1683	2217	1.00379	0.00193405
1683	2218	1.00379	0.00193405
1683	2219	1.00379	0.00193405
1683	2220	1.00379	0.00193405
1683	2221	1.00379	0.00193405
1683	2222	1.00379	0.00193405
1683	2223	1.00379	0.00193405
1683	2224	1.00379	0.00193405
1683	2225	1.00379	0.00193405
1683	2226	1.00379	0.00193405
1683	2227	1.00379	0.00193405
1683	2228	1.00379	0.00193405
1683	2229	1.00379	0.00193405
1683	2230	1.00379	0.00193405
1683	2231	1.00379	0.00193405
1683	2232	1.00379	0.00193405
1683	2233	1.00379	0.00193405
1683	2234	1.00379	0.00193405
1683	2235	1.00379	0.00193405
1683	2236	1.00379	0.00193405
1683	2237	1.00379	0.00193405
1683	2238	1.00379	0.00193405
1683	2239	1.00379	0.00193405
1683	2240	1.00379	0.00193405
1683	2241	1.00379	0.00193405
1683	2242	1.00379	0.00193405
1683	2243	1.00379	0.00193405
1683	2244	1.00379	0.00193405
1683	2245	1.00379	0.00193405
1683	2246	1.00379	0.00193405
1683	2247	1.00379	0.00193405
1683	2248	1.00379	0.00193405
1683	2249	1.00379	0.00193405
1683	2250	1.00379	0.00193405
1683	2251	1.00379	0.00193405
1683	2252	1.00379	0.00193405
1683	2253	1.00379	0.00193405
1683	2254	1.00379	0.00193405
1683	2255	1.00379	0.00193405
1683	2256	1.00379	0.00193405
1683	2257	1.00379	0.00193405
1683	2258	1.00379	0.00193405
1683	2259	1.00379	0.00193405
1683	2260	1.00379	0.00193405
1683	2261	1.00379	0.00193405
1683	2262	1.00379	0.00193405
1683	2263	1.00379	0.00193405
1683	2264	1.00379	0.00193405
1683	2265	1.00379	0.00193405
1683	2266	1.00379	0.00193405
1683	2267	1.00379	0.00193405
1683	2268	1.00379	0.00193405
1683	2269	1.00379	0.00193405
1683	2270	1.00379	0.00193405
1683	2271	1.00379	0.00193405
1683	2272	1.00379	0.00193405
1683	2273	1.00379	0.00193405
1683	2274	1.00379	0.00193405
1683	2275	1.00379	0.00193405
1683	2276	1.00379	0.00193405
1683	2277	1.00379	0.00193405
1683	2278	1.00379	0.00193405
1683	2279	1.00379	0.00193405
1683	2280	1.00379	0.00193405
1683	2281	1.00379	0.00193405
1683	2282	1.00379	0.00193405
1683	2283	1.00379	0.00193405
1683	2284	1.00379	0.00193405
1683	2285	1.00379	0.00193405
1683	2286	1.00379	0.00193405
1683	2287	1.00379	0.00193405
1683	2288	1.00379	0.00193405
1683	2289	1.00379	0.00193405
1683	2290	1.00379	0.00193405
1683	2291	1.00379	0.00193405
1683	2292	1.00379	0.00193405
1683	2293	1.00379	0.00193405
1683	2294	1.00379	0.00193405
1683	2295	1.00379	0.00193405
1683	2296	1.00379	0.00193405
1683	2297	1.00379	0.00193405
1683	2298	1.00379	0.00193405
1683	2299	1.00379	0.00193405
1683	2300	1.00379	0.00193405
1683	2301	1.00379	0.00193405
1683	2302	1.00379	0.00193405
1683	2303	1.00379	0.00193405
1683	2304	1.00379	0.00193405
1683	2305	1.00379	0.00193405
1683	2306	1.00379	0.00193405
1683	2307	1.00379	0.00193405
1683	2308	1.00379	0.00193405
1683	2309	1.00379	0.00193405
1683	2310	1.00379	0.00193405
1683	2311	1.00379	0.00193405
1683	2312	1.00379	0.00193405
1683	2313	1.00379	0.00193405
1683	2314	1.00379	0.00193405
1683	2315	1.00379	0.00193405
1683	2316	1.00379	0.00193405
1683	2317	1.00379	0.00193405
1683	2318	1.00379	0.00193405
1683	2319	1.00379	0.00193405
1683	2320	1.00379	0.00193405
1683	2321	1.00379	0.00193405
1683	2322	1.00379	0.00193405
1683	2323	1.00379	0.00193405
1683	2324	1.00379	0.00193405
1683	2325	1.00379	0.00193405
1683	2326	1.00379	0.00193405
1683	2327	1.00379	0.00193405
1683	2328	1.00379	0.00193405
1683	2329	1.00379	0.00193405
1683	2330	1.00379	0.00193405
1683	2331	1.00379	0.00193405
1683	2332	1.00379	0.00193405
1683	2333	1.00379	0.00193405
1683	2334	1.00379	0.00193405
1683	2335	1.00379	0.00193405
1683	2336	1.00379	0.00193405
1683	2337	1.00379	0.00193405
1683	2338	1.00379	0.00193405
1683	2339	1.00379	0.00193405
1683	2340	1.00379	0.00193405
1683	2341	1.00379	0.00193405
1683	2342	1.00379	0.00193405
1683	2343	1.00379	0.00193405
1683	2344	1.00379	0.00193405
1683	2345	1.00379	0.00193405
1683	2346	1.00379	0.00193405
1683	2347	1.00379	0.00193405
1683	2348	1.00379	0.00193405
1683	2349	1.00379	0.00193405
