1917	0	1.01822	0.00198354
1917	1	1.01822	0.00198354
1917	2	1.01822	0.00198354
1917	3	1.01822	0.00198354
1917	4	1.01822	0.00198354
1917	5	1.01822	0.00198354
1917	6	1.01822	0.00198354
1917	7	1.01822	0.00198354
1917	8	1.01822	0.00198354
1917	9	1.01822	0.00198354
1917	10	1.01822	0.00198354
1917	11	1.01822	0.00198354
1917	12	1.01822	0.00198354
1917	13	1.01822	0.00198354
1917	14	1.01822	0.00198354
1917	15	1.01822	0.00198354
1917	16	1.01822	0.00198354
1917	17	1.01822	0.00198354
1917	18	1.02382	0.001989
1917	19	1.02382	0.001989
1917	20	1.02382	0.001989
1917	21	1.02382	0.001989
1917	22	1.02382	0.001989
1917	23	1.02382	0.001989
1917	24	1.02382	0.001989
1917	25	1.02382	0.001989
1917	26	1.02382	0.001989
1917	27	1.02382	0.001989
1917	28	1.02382	0.001989
1917	29	1.02382	0.001989
1917	30	1.02382	0.001989
1917	31	1.02382	0.001989
1917	32	1.02382	0.001989
1917	33	1.02382	0.001989
1917	34	1.02382	0.001989
1917	35	1.02382	0.001989
1917	36	1.02382	0.001989
1917	37	1.02382	0.001989
1917	38	1.02382	0.001989
1917	39	1.02382	0.001989
1917	40	1.02382	0.001989
1917	41	1.02382	0.001989
1917	42	1.02382	0.001989
1917	43	1.02382	0.001989
1917	44	1.02382	0.001989
1917	45	1.02382	0.001989
1917	46	1.02382	0.001989
1917	47	1.02382	0.001989
1917	48	1.02382	0.001989
1917	49	1.02382	0.001989
1917	50	1.02382	0.001989
1917	51	1.02382	0.001989
1917	52	1.02382	0.001989
1917	53	1.02382	0.001989
1917	54	1.02382	0.001989
1917	55	1.02382	0.001989
1917	56	1.02382	0.001989
1917	57	1.02382	0.001989
1917	58	1.02382	0.001989
1917	59	1.02382	0.001989
1917	60	1.02382	0.001989
1917	61	1.02382	0.001989
1917	62	1.02382	0.001989
1917	63	1.02382	0.001989
1917	64	1.02382	0.001989
1917	65	1.02382	0.001989
1917	66	1.02382	0.001989
1917	67	1.02382	0.001989
1917	68	1.02382	0.001989
1917	69	1.02382	0.001989
1917	70	1.02382	0.001989
1917	71	1.02382	0.001989
1917	72	1.02382	0.001989
1917	73	1.02382	0.001989
1917	74	1.02382	0.001989
1917	75	1.02382	0.001989
1917	76	1.02382	0.001989
1917	77	1.02382	0.001989
1917	78	1.02382	0.001989
1917	79	1.02382	0.001989
1917	80	1.02382	0.001989
1917	81	1.02382	0.001989
1917	82	1.02382	0.001989
1917	83	1.02382	0.001989
1917	84	1.02382	0.001989
1917	85	1.02382	0.001989
1917	86	1.02382	0.001989
1917	87	1.02382	0.001989
1917	88	1.02382	0.001989
1917	89	1.02382	0.001989
1917	90	1.02382	0.001989
1917	91	1.02382	0.001989
1917	92	1.02382	0.001989
1917	93	1.02382	0.001989
1917	94	1.02382	0.001989
1917	95	1.02382	0.001989
1917	96	1.02382	0.001989
1917	97	1.02382	0.001989
1917	98	1.02382	0.001989
1917	99	1.02382	0.001989
1917	100	1.02382	0.001989
1917	101	1.02382	0.001989
1917	102	1.02382	0.001989
1917	103	1.02382	0.001989
1917	104	1.02382	0.001989
1917	105	1.02382	0.001989
1917	106	1.02382	0.001989
1917	107	1.02382	0.001989
1917	108	1.02382	0.001989
1917	109	1.02382	0.001989
1917	110	1.02382	0.001989
1917	111	1.02382	0.001989
1917	112	1.02382	0.001989
1917	113	1.02382	0.001989
1917	114	1.02382	0.001989
1917	115	1.02382	0.001989
1917	116	1.02382	0.001989
1917	117	1.02382	0.001989
1917	118	1.02382	0.001989
1917	119	1.02382	0.001989
1917	120	1.02382	0.001989
1917	121	1.02382	0.001989
1917	122	1.02382	0.001989
1917	123	1.02382	0.001989
1917	124	1.02382	0.001989
1917	125	1.02382	0.001989
1917	126	1.02382	0.001989
1917	127	1.02382	0.001989
1917	128	1.02382	0.001989
1917	129	1.02382	0.001989
1917	130	1.02382	0.001989
1917	131	1.02382	0.001989
1917	132	1.02382	0.001989
1917	133	1.02382	0.001989
1917	134	1.02382	0.001989
1917	135	1.02382	0.001989
1917	136	1.02382	0.001989
1917	137	1.02382	0.001989
1917	138	1.02382	0.001989
1917	139	1.02382	0.001989
1917	140	1.02382	0.001989
1917	141	1.02382	0.001989
1917	142	1.02382	0.001989
1917	143	1.02382	0.001989
1917	144	1.02382	0.001989
1917	145	1.02382	0.001989
1917	146	1.02382	0.001989
1917	147	1.02382	0.001989
1917	148	1.02382	0.001989
1917	149	1.02382	0.001989
1917	150	1.02382	0.001989
1917	151	1.02382	0.001989
1917	152	1.02382	0.001989
1917	153	1.02382	0.001989
1917	154	1.02382	0.001989
1917	155	1.02382	0.001989
1917	156	1.02382	0.001989
1917	157	1.02382	0.001989
1917	158	1.02382	0.001989
1917	159	1.02382	0.001989
1917	160	1.02382	0.001989
1917	161	1.02382	0.001989
1917	162	1.02382	0.001989
1917	163	1.02382	0.001989
1917	164	1.02382	0.001989
1917	165	1.02382	0.001989
1917	166	1.02382	0.001989
1917	167	1.02382	0.001989
1917	168	1.02382	0.001989
1917	169	1.02382	0.001989
1917	170	1.02382	0.001989
1917	171	1.02382	0.001989
1917	172	1.02382	0.001989
1917	173	1.02382	0.001989
1917	174	1.02382	0.001989
1917	175	1.02382	0.001989
1917	176	1.02382	0.001989
1917	177	1.02382	0.001989
1917	178	1.02382	0.001989
1917	179	1.02382	0.001989
1917	180	1.02382	0.001989
1917	181	1.02382	0.001989
1917	182	1.02382	0.001989
1917	183	1.02382	0.001989
1917	184	1.02382	0.001989
1917	185	1.02382	0.001989
1917	186	1.02382	0.001989
1917	187	1.02382	0.001989
1917	188	1.02382	0.001989
1917	189	1.02382	0.001989
1917	190	1.02382	0.001989
1917	191	1.02382	0.001989
1917	192	1.02382	0.001989
1917	193	1.02382	0.001989
1917	194	1.02382	0.001989
1917	195	1.02382	0.001989
1917	196	1.02382	0.001989
1917	197	1.02382	0.001989
1917	198	1.02382	0.001989
1917	199	1.02382	0.001989
1917	200	1.02382	0.001989
1917	201	1.02382	0.001989
1917	202	1.02382	0.001989
1917	203	1.02382	0.001989
1917	204	1.02382	0.001989
1917	205	1.02382	0.001989
1917	206	1.02382	0.001989
1917	207	1.02382	0.001989
1917	208	1.02382	0.001989
1917	209	1.02382	0.001989
1917	210	1.02382	0.001989
1917	211	1.02382	0.001989
1917	212	1.02382	0.001989
1917	213	1.02382	0.001989
1917	214	1.02382	0.001989
1917	215	1.02382	0.001989
1917	216	1.02382	0.001989
1917	217	1.02382	0.001989
1917	218	1.02382	0.001989
1917	219	1.02382	0.001989
1917	220	1.02382	0.001989
1917	221	1.02382	0.001989
1917	222	1.02382	0.001989
1917	223	1.02382	0.001989
1917	224	1.02382	0.001989
1917	225	1.02382	0.001989
1917	226	1.02382	0.001989
1917	227	1.02382	0.001989
1917	228	1.02382	0.001989
1917	229	1.02382	0.001989
1917	230	1.02382	0.001989
1917	231	1.02382	0.001989
1917	232	1.02382	0.001989
1917	233	1.02382	0.001989
1917	234	1.02382	0.001989
1917	235	1.02382	0.001989
1917	236	1.02382	0.001989
1917	237	1.02382	0.001989
1917	238	1.02382	0.001989
1917	239	1.02382	0.001989
1917	240	1.02382	0.001989
1917	241	1.02382	0.001989
1917	242	1.02382	0.001989
1917	243	1.02382	0.001989
1917	244	1.02382	0.001989
1917	245	1.02382	0.001989
1917	246	1.02382	0.001989
1917	247	1.02382	0.001989
1917	248	1.02382	0.001989
1917	249	1.02382	0.001989
1917	250	1.02382	0.001989
1917	251	1.02382	0.001989
1917	252	1.02382	0.001989
1917	253	1.02382	0.001989
1917	254	1.02382	0.001989
1917	255	1.02382	0.001989
1917	256	1.02382	0.001989
1917	257	1.02382	0.001989
1917	258	1.02382	0.001989
1917	259	1.02382	0.001989
1917	260	1.02382	0.001989
1917	261	1.02382	0.001989
1917	262	1.02382	0.001989
1917	263	1.02382	0.001989
1917	264	1.02382	0.001989
1917	265	1.02382	0.001989
1917	266	1.02382	0.001989
1917	267	1.02382	0.001989
1917	268	1.02382	0.001989
1917	269	1.02382	0.001989
1917	270	1.02382	0.001989
1917	271	1.02382	0.001989
1917	272	1.02382	0.001989
1917	273	1.02382	0.001989
1917	274	1.02382	0.001989
1917	275	1.02382	0.001989
1917	276	1.02382	0.001989
1917	277	1.02382	0.001989
1917	278	1.02382	0.001989
1917	279	1.02382	0.001989
1917	280	1.02382	0.001989
1917	281	1.02382	0.001989
1917	282	1.02382	0.001989
1917	283	1.02382	0.001989
1917	284	1.02382	0.001989
1917	285	1.02382	0.001989
1917	286	1.02382	0.001989
1917	287	1.02382	0.001989
1917	288	1.02382	0.001989
1917	289	1.02382	0.001989
1917	290	1.02382	0.001989
1917	291	1.02382	0.001989
1917	292	1.02382	0.001989
1917	293	1.02382	0.001989
1917	294	1.02382	0.001989
1917	295	1.02382	0.001989
1917	296	1.02382	0.001989
1917	297	1.02382	0.001989
1917	298	1.02382	0.001989
1917	299	1.02382	0.001989
1917	300	1.02382	0.001989
1917	301	1.02382	0.001989
1917	302	1.02382	0.001989
1917	303	1.02382	0.001989
1917	304	1.02382	0.001989
1917	305	1.02382	0.001989
1917	306	1.02382	0.001989
1917	307	1.02382	0.001989
1917	308	1.02382	0.001989
1917	309	1.02382	0.001989
1917	310	1.02382	0.001989
1917	311	1.02382	0.001989
1917	312	1.02382	0.001989
1917	313	1.02382	0.001989
1917	314	1.02382	0.001989
1917	315	1.02382	0.001989
1917	316	1.02382	0.001989
1917	317	1.02382	0.001989
1917	318	1.02382	0.001989
1917	319	1.02382	0.001989
1917	320	1.02382	0.001989
1917	321	1.02382	0.001989
1917	322	1.02382	0.001989
1917	323	1.02382	0.001989
1917	324	1.02382	0.001989
1917	325	1.02382	0.001989
1917	326	1.02382	0.001989
1917	327	1.02382	0.001989
1917	328	1.02382	0.001989
1917	329	1.02382	0.001989
1917	330	1.02382	0.001989
1917	331	1.02382	0.001989
1917	332	1.02382	0.001989
1917	333	1.02382	0.001989
1917	334	1.02382	0.001989
1917	335	1.02382	0.001989
1917	336	1.02382	0.001989
1917	337	1.02382	0.001989
1917	338	1.02382	0.001989
1917	339	1.02382	0.001989
1917	340	1.02382	0.001989
1917	341	1.02382	0.001989
1917	342	1.02382	0.001989
1917	343	1.02382	0.001989
1917	344	1.02382	0.001989
1917	345	1.02382	0.001989
1917	346	1.02382	0.001989
1917	347	1.02382	0.001989
1917	348	1.02382	0.001989
1917	349	1.02382	0.001989
1917	350	1.02382	0.001989
1917	351	1.02382	0.001989
1917	352	1.02382	0.001989
1917	353	1.02382	0.001989
1917	354	1.02382	0.001989
1917	355	1.02382	0.001989
1917	356	1.02382	0.001989
1917	357	1.02382	0.001989
1917	358	1.02382	0.001989
1917	359	1.02382	0.001989
1917	360	1.02382	0.001989
1917	361	1.02382	0.001989
1917	362	1.02382	0.001989
1917	363	1.02382	0.001989
1917	364	1.02382	0.001989
1917	365	1.02382	0.001989
1917	366	1.02382	0.001989
1917	367	1.02382	0.001989
1917	368	1.02382	0.001989
1917	369	1.02382	0.001989
1917	370	1.02382	0.001989
1917	371	1.02382	0.001989
1917	372	1.02382	0.001989
1917	373	1.02382	0.001989
1917	374	1.02382	0.001989
1917	375	1.02382	0.001989
1917	376	1.02382	0.001989
1917	377	1.02382	0.001989
1917	378	1.02382	0.001989
1917	379	1.02382	0.001989
1917	380	1.02382	0.001989
1917	381	1.02382	0.001989
1917	382	1.02382	0.001989
1917	383	1.02382	0.001989
1917	384	1.02382	0.001989
1917	385	1.02382	0.001989
1917	386	1.02382	0.001989
1917	387	1.02382	0.001989
1917	388	1.02382	0.001989
1917	389	1.02382	0.001989
1917	390	1.02382	0.001989
1917	391	1.02382	0.001989
1917	392	1.02382	0.001989
1917	393	1.02382	0.001989
1917	394	1.02382	0.001989
1917	395	1.02382	0.001989
1917	396	1.02382	0.001989
1917	397	1.02382	0.001989
1917	398	1.02382	0.001989
1917	399	1.02382	0.001989
1917	400	1.02382	0.001989
1917	401	1.02382	0.001989
1917	402	1.02382	0.001989
1917	403	1.02382	0.001989
1917	404	1.02382	0.001989
1917	405	1.02382	0.001989
1917	406	1.02382	0.001989
1917	407	1.02382	0.001989
1917	408	1.02382	0.001989
1917	409	1.02382	0.001989
1917	410	1.02382	0.001989
1917	411	1.02382	0.001989
1917	412	1.02382	0.001989
1917	413	1.02382	0.001989
1917	414	1.02382	0.001989
1917	415	1.02382	0.001989
1917	416	1.02382	0.001989
1917	417	1.02382	0.001989
1917	418	1.02382	0.001989
1917	419	1.02382	0.001989
1917	420	1.02382	0.001989
1917	421	1.02382	0.001989
1917	422	1.02382	0.001989
1917	423	1.02382	0.001989
1917	424	1.02382	0.001989
1917	425	1.02382	0.001989
1917	426	1.02382	0.001989
1917	427	1.02382	0.001989
1917	428	1.02382	0.001989
1917	429	1.02382	0.001989
1917	430	1.02382	0.001989
1917	431	1.02382	0.001989
1917	432	1.02382	0.001989
1917	433	1.02382	0.001989
1917	434	1.02382	0.001989
1917	435	1.02382	0.001989
1917	436	1.02382	0.001989
1917	437	1.02382	0.001989
1917	438	1.02382	0.001989
1917	439	1.02382	0.001989
1917	440	1.02382	0.001989
1917	441	1.02382	0.001989
1917	442	1.02382	0.001989
1917	443	1.02382	0.001989
1917	444	1.02382	0.001989
1917	445	1.02382	0.001989
1917	446	1.02382	0.001989
1917	447	1.02382	0.001989
1917	448	1.02382	0.001989
1917	449	1.02382	0.001989
1917	450	1.02382	0.001989
1917	451	1.02382	0.001989
1917	452	1.02382	0.001989
1917	453	1.02382	0.001989
1917	454	1.02382	0.001989
1917	455	1.02382	0.001989
1917	456	1.02382	0.001989
1917	457	1.02382	0.001989
1917	458	1.02382	0.001989
1917	459	1.02382	0.001989
1917	460	1.02382	0.001989
1917	461	1.02382	0.001989
1917	462	1.02382	0.001989
1917	463	1.02382	0.001989
1917	464	1.02382	0.001989
1917	465	1.02382	0.001989
1917	466	1.02382	0.001989
1917	467	1.02382	0.001989
1917	468	1.02382	0.001989
1917	469	1.02382	0.001989
1917	470	1.02382	0.001989
1917	471	1.02382	0.001989
1917	472	1.02382	0.001989
1917	473	1.02382	0.001989
1917	474	1.02382	0.001989
1917	475	1.02382	0.001989
1917	476	1.02382	0.001989
1917	477	1.02382	0.001989
1917	478	1.02382	0.001989
1917	479	1.02382	0.001989
1917	480	1.02382	0.001989
1917	481	1.02382	0.001989
1917	482	1.02382	0.001989
1917	483	1.02382	0.001989
1917	484	1.02382	0.001989
1917	485	1.02382	0.001989
1917	486	1.02382	0.001989
1917	487	1.02382	0.001989
1917	488	1.02382	0.001989
1917	489	1.02382	0.001989
1917	490	1.02382	0.001989
1917	491	1.02382	0.001989
1917	492	1.02382	0.001989
1917	493	1.02382	0.001989
1917	494	1.02382	0.001989
1917	495	1.02382	0.001989
1917	496	1.02382	0.001989
1917	497	1.02382	0.001989
1917	498	1.02382	0.001989
1917	499	1.02382	0.001989
1917	500	1.02382	0.001989
1917	501	1.02382	0.001989
1917	502	1.02382	0.001989
1917	503	1.02382	0.001989
1917	504	1.02382	0.001989
1917	505	1.02382	0.001989
1917	506	1.02382	0.001989
1917	507	1.02382	0.001989
1917	508	1.02382	0.001989
1917	509	1.02382	0.001989
1917	510	1.02382	0.001989
1917	511	1.02382	0.001989
1917	512	1.02382	0.001989
1917	513	1.02382	0.001989
1917	514	1.02382	0.001989
1917	515	1.02382	0.001989
1917	516	1.02382	0.001989
1917	517	1.02382	0.001989
1917	518	1.02382	0.001989
1917	519	1.02382	0.001989
1917	520	1.02382	0.001989
1917	521	1.02382	0.001989
1917	522	1.02382	0.001989
1917	523	1.02382	0.001989
1917	524	1.02382	0.001989
1917	525	1.02382	0.001989
1917	526	1.02382	0.001989
1917	527	1.02382	0.001989
1917	528	1.02382	0.001989
1917	529	1.02382	0.001989
1917	530	1.02382	0.001989
1917	531	1.02382	0.001989
1917	532	1.02382	0.001989
1917	533	1.02382	0.001989
1917	534	1.02382	0.001989
1917	535	1.02382	0.001989
1917	536	1.02382	0.001989
1917	537	1.02382	0.001989
1917	538	1.02382	0.001989
1917	539	1.02382	0.001989
1917	540	1.02382	0.001989
1917	541	1.02382	0.001989
1917	542	1.02382	0.001989
1917	543	1.02382	0.001989
1917	544	1.02382	0.001989
1917	545	1.02382	0.001989
1917	546	1.02382	0.001989
1917	547	1.02382	0.001989
1917	548	1.02382	0.001989
1917	549	1.02382	0.001989
1917	550	1.02382	0.001989
1917	551	1.02382	0.001989
1917	552	1.02382	0.001989
1917	553	1.02382	0.001989
1917	554	1.02382	0.001989
1917	555	1.02382	0.001989
1917	556	1.02382	0.001989
1917	557	1.02382	0.001989
1917	558	1.02382	0.001989
1917	559	1.02382	0.001989
1917	560	1.02382	0.001989
1917	561	1.02382	0.001989
1917	562	1.02382	0.001989
1917	563	1.02382	0.001989
1917	564	1.02382	0.001989
1917	565	1.02382	0.001989
1917	566	1.02382	0.001989
1917	567	1.02382	0.001989
1917	568	1.02382	0.001989
1917	569	1.02382	0.001989
1917	570	1.02382	0.001989
1917	571	1.02382	0.001989
1917	572	1.02382	0.001989
1917	573	1.02382	0.001989
1917	574	1.02382	0.001989
1917	575	1.02382	0.001989
1917	576	1.02382	0.001989
1917	577	1.02382	0.001989
1917	578	1.02382	0.001989
1917	579	1.02382	0.001989
1917	580	1.02382	0.001989
1917	581	1.02382	0.001989
1917	582	1.02382	0.001989
1917	583	1.02382	0.001989
1917	584	1.02382	0.001989
1917	585	1.02382	0.001989
1917	586	1.02382	0.001989
1917	587	1.02382	0.001989
1917	588	1.02382	0.001989
1917	589	1.02382	0.001989
1917	590	1.02382	0.001989
1917	591	1.02382	0.001989
1917	592	1.02382	0.001989
1917	593	1.02382	0.001989
1917	594	1.02382	0.001989
1917	595	1.02382	0.001989
1917	596	1.02382	0.001989
1917	597	1.02382	0.001989
1917	598	1.02382	0.001989
1917	599	1.02382	0.001989
1917	600	1.02382	0.001989
1917	601	1.02382	0.001989
1917	602	1.02382	0.001989
1917	603	1.02382	0.001989
1917	604	1.02382	0.001989
1917	605	1.02382	0.001989
1917	606	1.02382	0.001989
1917	607	1.02382	0.001989
1917	608	1.02382	0.001989
1917	609	1.02382	0.001989
1917	610	1.02382	0.001989
1917	611	1.02382	0.001989
1917	612	1.02382	0.001989
1917	613	1.02382	0.001989
1917	614	1.02382	0.001989
1917	615	1.02382	0.001989
1917	616	1.02382	0.001989
1917	617	1.02382	0.001989
1917	618	1.02382	0.001989
1917	619	1.02382	0.001989
1917	620	1.02382	0.001989
1917	621	1.02382	0.001989
1917	622	1.02382	0.001989
1917	623	1.02382	0.001989
1917	624	1.02382	0.001989
1917	625	1.02382	0.001989
1917	626	1.02382	0.001989
1917	627	1.02382	0.001989
1917	628	1.02382	0.001989
1917	629	1.02382	0.001989
1917	630	1.02382	0.001989
1917	631	1.02382	0.001989
1917	632	1.02382	0.001989
1917	633	1.02382	0.001989
1917	634	1.02382	0.001989
1917	635	1.02382	0.001989
1917	636	1.02382	0.001989
1917	637	1.02382	0.001989
1917	638	1.02382	0.001989
1917	639	1.02382	0.001989
1917	640	1.02382	0.001989
1917	641	1.02382	0.001989
1917	642	1.02382	0.001989
1917	643	1.02382	0.001989
1917	644	1.02382	0.001989
1917	645	1.02382	0.001989
1917	646	1.02382	0.001989
1917	647	1.02382	0.001989
1917	648	1.02382	0.001989
1917	649	1.02382	0.001989
1917	650	1.02382	0.001989
1917	651	1.02382	0.001989
1917	652	1.02382	0.001989
1917	653	1.02382	0.001989
1917	654	1.02382	0.001989
1917	655	1.02382	0.001989
1917	656	1.02382	0.001989
1917	657	1.02382	0.001989
1917	658	1.02382	0.001989
1917	659	1.02382	0.001989
1917	660	1.02382	0.001989
1917	661	1.02382	0.001989
1917	662	1.02382	0.001989
1917	663	1.02382	0.001989
1917	664	1.02382	0.001989
1917	665	1.02382	0.001989
1917	666	1.02382	0.001989
1917	667	1.02382	0.001989
1917	668	1.02382	0.001989
1917	669	1.02382	0.001989
1917	670	1.02382	0.001989
1917	671	1.02382	0.001989
1917	672	1.02382	0.001989
1917	673	1.02382	0.001989
1917	674	1.02382	0.001989
1917	675	1.02382	0.001989
1917	676	1.02382	0.001989
1917	677	1.02382	0.001989
1917	678	1.02382	0.001989
1917	679	1.02382	0.001989
1917	680	1.02382	0.001989
1917	681	1.02382	0.001989
1917	682	1.02382	0.001989
1917	683	1.02382	0.001989
1917	684	1.02382	0.001989
1917	685	1.02382	0.001989
1917	686	1.02382	0.001989
1917	687	1.02382	0.001989
1917	688	1.02382	0.001989
1917	689	1.02382	0.001989
1917	690	1.02382	0.001989
1917	691	1.02382	0.001989
1917	692	1.02382	0.001989
1917	693	1.02382	0.001989
1917	694	1.02382	0.001989
1917	695	1.02382	0.001989
1917	696	1.02382	0.001989
1917	697	1.02382	0.001989
1917	698	1.02382	0.001989
1917	699	1.02382	0.001989
1917	700	1.02382	0.001989
1917	701	1.02382	0.001989
1917	702	1.02382	0.001989
1917	703	1.02382	0.001989
1917	704	1.02382	0.001989
1917	705	1.02382	0.001989
1917	706	1.02382	0.001989
1917	707	1.02382	0.001989
1917	708	1.02382	0.001989
1917	709	1.02382	0.001989
1917	710	1.02382	0.001989
1917	711	1.02382	0.001989
1917	712	1.02382	0.001989
1917	713	1.02382	0.001989
1917	714	1.02382	0.001989
1917	715	1.02382	0.001989
1917	716	1.02382	0.001989
1917	717	1.02382	0.001989
1917	718	1.02382	0.001989
1917	719	1.02382	0.001989
1917	720	1.02382	0.001989
1917	721	1.02382	0.001989
1917	722	1.02382	0.001989
1917	723	1.02382	0.001989
1917	724	1.02382	0.001989
1917	725	1.02382	0.001989
1917	726	1.02382	0.001989
1917	727	1.02382	0.001989
1917	728	1.02382	0.001989
1917	729	1.02382	0.001989
1917	730	1.02382	0.001989
1917	731	1.02382	0.001989
1917	732	1.02382	0.001989
1917	733	1.02382	0.001989
1917	734	1.02382	0.001989
1917	735	1.02382	0.001989
1917	736	1.02382	0.001989
1917	737	1.02382	0.001989
1917	738	1.02382	0.001989
1917	739	1.02382	0.001989
1917	740	1.02382	0.001989
1917	741	1.02382	0.001989
1917	742	1.02382	0.001989
1917	743	1.02382	0.001989
1917	744	1.02382	0.001989
1917	745	1.02382	0.001989
1917	746	1.02382	0.001989
1917	747	1.02382	0.001989
1917	748	1.02382	0.001989
1917	749	1.02382	0.001989
1917	750	1.02382	0.001989
1917	751	1.02382	0.001989
1917	752	1.02382	0.001989
1917	753	1.02382	0.001989
1917	754	1.02382	0.001989
1917	755	1.02382	0.001989
1917	756	1.02382	0.001989
1917	757	1.02382	0.001989
1917	758	1.02382	0.001989
1917	759	1.02382	0.001989
1917	760	1.02382	0.001989
1917	761	1.02382	0.001989
1917	762	1.02382	0.001989
1917	763	1.02382	0.001989
1917	764	1.02382	0.001989
1917	765	1.02382	0.001989
1917	766	1.02382	0.001989
1917	767	1.02382	0.001989
1917	768	1.02382	0.001989
1917	769	1.02382	0.001989
1917	770	1.02382	0.001989
1917	771	1.02382	0.001989
1917	772	1.02382	0.001989
1917	773	1.02382	0.001989
1917	774	1.02382	0.001989
1917	775	1.02382	0.001989
1917	776	1.02382	0.001989
1917	777	1.02382	0.001989
1917	778	1.02382	0.001989
1917	779	1.02382	0.001989
1917	780	1.02382	0.001989
1917	781	1.02382	0.001989
1917	782	1.02382	0.001989
1917	783	1.02382	0.001989
1917	784	1.02382	0.001989
1917	785	1.02382	0.001989
1917	786	1.02382	0.001989
1917	787	1.02382	0.001989
1917	788	1.02382	0.001989
1917	789	1.02382	0.001989
1917	790	1.02382	0.001989
1917	791	1.02382	0.001989
1917	792	1.02382	0.001989
1917	793	1.02382	0.001989
1917	794	1.02382	0.001989
1917	795	1.02382	0.001989
1917	796	1.02382	0.001989
1917	797	1.02382	0.001989
1917	798	1.02382	0.001989
1917	799	1.02382	0.001989
1917	800	1.02382	0.001989
1917	801	1.02382	0.001989
1917	802	1.02382	0.001989
1917	803	1.02382	0.001989
1917	804	1.02382	0.001989
1917	805	1.02382	0.001989
1917	806	1.02382	0.001989
1917	807	1.02382	0.001989
1917	808	1.02382	0.001989
1917	809	1.02382	0.001989
1917	810	1.02382	0.001989
1917	811	1.02382	0.001989
1917	812	1.02382	0.001989
1917	813	1.02382	0.001989
1917	814	1.02382	0.001989
1917	815	1.02382	0.001989
1917	816	1.02382	0.001989
1917	817	1.02382	0.001989
1917	818	1.02382	0.001989
1917	819	1.02382	0.001989
1917	820	1.02382	0.001989
1917	821	1.02382	0.001989
1917	822	1.02382	0.001989
1917	823	1.02382	0.001989
1917	824	1.02382	0.001989
1917	825	1.02382	0.001989
1917	826	1.02382	0.001989
1917	827	1.02382	0.001989
1917	828	1.02382	0.001989
1917	829	1.02382	0.001989
1917	830	1.02382	0.001989
1917	831	1.02382	0.001989
1917	832	1.02382	0.001989
1917	833	1.02382	0.001989
1917	834	1.02382	0.001989
1917	835	1.02382	0.001989
1917	836	1.02382	0.001989
1917	837	1.02382	0.001989
1917	838	1.02382	0.001989
1917	839	1.02382	0.001989
1917	840	1.02382	0.001989
1917	841	1.02382	0.001989
1917	842	1.02382	0.001989
1917	843	1.02382	0.001989
1917	844	1.02382	0.001989
1917	845	1.02382	0.001989
1917	846	1.02382	0.001989
1917	847	1.02382	0.001989
1917	848	1.02382	0.001989
1917	849	1.02382	0.001989
1917	850	1.02382	0.001989
1917	851	1.02382	0.001989
1917	852	1.02382	0.001989
1917	853	1.02382	0.001989
1917	854	1.02382	0.001989
1917	855	1.02382	0.001989
1917	856	1.02382	0.001989
1917	857	1.02382	0.001989
1917	858	1.02382	0.001989
1917	859	1.02382	0.001989
1917	860	1.02382	0.001989
1917	861	1.02382	0.001989
1917	862	1.02382	0.001989
1917	863	1.02382	0.001989
1917	864	1.02382	0.001989
1917	865	1.02382	0.001989
1917	866	1.02382	0.001989
1917	867	1.02382	0.001989
1917	868	1.02382	0.001989
1917	869	1.02382	0.001989
1917	870	1.02382	0.001989
1917	871	1.02382	0.001989
1917	872	1.02382	0.001989
1917	873	1.02382	0.001989
1917	874	1.02382	0.001989
1917	875	1.02382	0.001989
1917	876	1.02382	0.001989
1917	877	1.02382	0.001989
1917	878	1.02382	0.001989
1917	879	1.02382	0.001989
1917	880	1.02382	0.001989
1917	881	1.02382	0.001989
1917	882	1.02382	0.001989
1917	883	1.02382	0.001989
1917	884	1.02382	0.001989
1917	885	1.02382	0.001989
1917	886	1.02382	0.001989
1917	887	1.02382	0.001989
1917	888	1.02382	0.001989
1917	889	1.02382	0.001989
1917	890	1.02382	0.001989
1917	891	1.02382	0.001989
1917	892	1.02382	0.001989
1917	893	1.02382	0.001989
1917	894	1.02382	0.001989
1917	895	1.02382	0.001989
1917	896	1.02382	0.001989
1917	897	1.02382	0.001989
1917	898	1.02382	0.001989
1917	899	1.02382	0.001989
1917	900	1.02382	0.001989
1917	901	1.02382	0.001989
1917	902	1.02382	0.001989
1917	903	1.02382	0.001989
1917	904	1.02382	0.001989
1917	905	1.02382	0.001989
1917	906	1.02382	0.001989
1917	907	1.02382	0.001989
1917	908	1.02382	0.001989
1917	909	1.02382	0.001989
1917	910	1.02382	0.001989
1917	911	1.02382	0.001989
1917	912	1.02382	0.001989
1917	913	1.02382	0.001989
1917	914	1.02382	0.001989
1917	915	1.02382	0.001989
1917	916	1.02382	0.001989
1917	917	1.02382	0.001989
1917	918	1.02382	0.001989
1917	919	1.02382	0.001989
1917	920	1.02382	0.001989
1917	921	1.02382	0.001989
1917	922	1.02382	0.001989
1917	923	1.02382	0.001989
1917	924	1.02382	0.001989
1917	925	1.02382	0.001989
1917	926	1.02382	0.001989
1917	927	1.02382	0.001989
1917	928	1.02382	0.001989
1917	929	1.02382	0.001989
1917	930	1.02382	0.001989
1917	931	1.02382	0.001989
1917	932	1.02382	0.001989
1917	933	1.02382	0.001989
1917	934	1.02382	0.001989
1917	935	1.02382	0.001989
1917	936	1.02382	0.001989
1917	937	1.02382	0.001989
1917	938	1.02382	0.001989
1917	939	1.02382	0.001989
1917	940	1.02382	0.001989
1917	941	1.02382	0.001989
1917	942	1.02382	0.001989
1917	943	1.02382	0.001989
1917	944	1.02382	0.001989
1917	945	1.02382	0.001989
1917	946	1.02382	0.001989
1917	947	1.02382	0.001989
1917	948	1.02382	0.001989
1917	949	1.02382	0.001989
1917	950	1.02382	0.001989
1917	951	1.02382	0.001989
1917	952	1.02382	0.001989
1917	953	1.02382	0.001989
1917	954	1.02382	0.001989
1917	955	1.02382	0.001989
1917	956	1.02382	0.001989
1917	957	1.02382	0.001989
1917	958	1.02382	0.001989
1917	959	1.02382	0.001989
1917	960	1.02382	0.001989
1917	961	1.02382	0.001989
1917	962	1.02382	0.001989
1917	963	1.02382	0.001989
1917	964	1.02382	0.001989
1917	965	1.02382	0.001989
1917	966	1.02382	0.001989
1917	967	1.02382	0.001989
1917	968	1.02382	0.001989
1917	969	1.02382	0.001989
1917	970	1.02382	0.001989
1917	971	1.02382	0.001989
1917	972	1.02382	0.001989
1917	973	1.02382	0.001989
1917	974	1.02382	0.001989
1917	975	1.02382	0.001989
1917	976	1.02382	0.001989
1917	977	1.02382	0.001989
1917	978	1.02382	0.001989
1917	979	1.02382	0.001989
1917	980	1.02382	0.001989
1917	981	1.02382	0.001989
1917	982	1.02382	0.001989
1917	983	1.02382	0.001989
1917	984	1.02382	0.001989
1917	985	1.02382	0.001989
1917	986	1.02382	0.001989
1917	987	1.02382	0.001989
1917	988	1.02382	0.001989
1917	989	1.02382	0.001989
1917	990	1.02382	0.001989
1917	991	1.02382	0.001989
1917	992	1.02382	0.001989
1917	993	1.02382	0.001989
1917	994	1.02382	0.001989
1917	995	1.02382	0.001989
1917	996	1.02382	0.001989
1917	997	1.02382	0.001989
1917	998	1.02382	0.001989
1917	999	1.02382	0.001989
1917	1000	1.02382	0.001989
1917	1001	1.02382	0.001989
1917	1002	1.02382	0.001989
1917	1003	1.02382	0.001989
1917	1004	1.02382	0.001989
1917	1005	1.02382	0.001989
1917	1006	1.02382	0.001989
1917	1007	1.02382	0.001989
1917	1008	1.02382	0.001989
1917	1009	1.02382	0.001989
1917	1010	1.02382	0.001989
1917	1011	1.02382	0.001989
1917	1012	1.02382	0.001989
1917	1013	1.02382	0.001989
1917	1014	1.02382	0.001989
1917	1015	1.02382	0.001989
1917	1016	1.02382	0.001989
1917	1017	1.02382	0.001989
1917	1018	1.02382	0.001989
1917	1019	1.02382	0.001989
1917	1020	1.02382	0.001989
1917	1021	1.02382	0.001989
1917	1022	1.02382	0.001989
1917	1023	1.02382	0.001989
1917	1024	1.02382	0.001989
1917	1025	1.02382	0.001989
1917	1026	1.02382	0.001989
1917	1027	1.02382	0.001989
1917	1028	1.02382	0.001989
1917	1029	1.02382	0.001989
1917	1030	1.02382	0.001989
1917	1031	1.02382	0.001989
1917	1032	1.02382	0.001989
1917	1033	1.02382	0.001989
1917	1034	1.02382	0.001989
1917	1035	1.02382	0.001989
1917	1036	1.02382	0.001989
1917	1037	1.02382	0.001989
1917	1038	1.02382	0.001989
1917	1039	1.02382	0.001989
1917	1040	1.02382	0.001989
1917	1041	1.02382	0.001989
1917	1042	1.02382	0.001989
1917	1043	1.02382	0.001989
1917	1044	1.02382	0.001989
1917	1045	1.02382	0.001989
1917	1046	1.02382	0.001989
1917	1047	1.02382	0.001989
1917	1048	1.02382	0.001989
1917	1049	1.02382	0.001989
1917	1050	1.02382	0.001989
1917	1051	1.02382	0.001989
1917	1052	1.02382	0.001989
1917	1053	1.02382	0.001989
1917	1054	1.02382	0.001989
1917	1055	1.02382	0.001989
1917	1056	1.02382	0.001989
1917	1057	1.02382	0.001989
1917	1058	1.02382	0.001989
1917	1059	1.02382	0.001989
1917	1060	1.02382	0.001989
1917	1061	1.02382	0.001989
1917	1062	1.02382	0.001989
1917	1063	1.02382	0.001989
1917	1064	1.02382	0.001989
1917	1065	1.02382	0.001989
1917	1066	1.02382	0.001989
1917	1067	1.02382	0.001989
1917	1068	1.02382	0.001989
1917	1069	1.02382	0.001989
1917	1070	1.02382	0.001989
1917	1071	1.02382	0.001989
1917	1072	1.02382	0.001989
1917	1073	1.02382	0.001989
1917	1074	1.02382	0.001989
1917	1075	1.02382	0.001989
1917	1076	1.02382	0.001989
1917	1077	1.02382	0.001989
1917	1078	1.02382	0.001989
1917	1079	1.02382	0.001989
1917	1080	1.02382	0.001989
1917	1081	1.02382	0.001989
1917	1082	1.02382	0.001989
1917	1083	1.02382	0.001989
1917	1084	1.02382	0.001989
1917	1085	1.02382	0.001989
1917	1086	1.02382	0.001989
1917	1087	1.02382	0.001989
1917	1088	1.02382	0.001989
1917	1089	1.02382	0.001989
1917	1090	1.02382	0.001989
1917	1091	1.02382	0.001989
1917	1092	1.02382	0.001989
1917	1093	1.02382	0.001989
1917	1094	1.02382	0.001989
1917	1095	1.02382	0.001989
1917	1096	1.02382	0.001989
1917	1097	1.02382	0.001989
1917	1098	1.02382	0.001989
1917	1099	1.02382	0.001989
1917	1100	1.02382	0.001989
1917	1101	1.02382	0.001989
1917	1102	1.02382	0.001989
1917	1103	1.02382	0.001989
1917	1104	1.02382	0.001989
1917	1105	1.02382	0.001989
1917	1106	1.02382	0.001989
1917	1107	1.02382	0.001989
1917	1108	1.02382	0.001989
1917	1109	1.02382	0.001989
1917	1110	1.02382	0.001989
1917	1111	1.02382	0.001989
1917	1112	1.02382	0.001989
1917	1113	1.02382	0.001989
1917	1114	1.02382	0.001989
1917	1115	1.02382	0.001989
1917	1116	1.02382	0.001989
1917	1117	1.02382	0.001989
1917	1118	1.02382	0.001989
1917	1119	1.02382	0.001989
1917	1120	1.02382	0.001989
1917	1121	1.02382	0.001989
1917	1122	1.02382	0.001989
1917	1123	1.02382	0.001989
1917	1124	1.02382	0.001989
1917	1125	1.02382	0.001989
1917	1126	1.02382	0.001989
1917	1127	1.02382	0.001989
1917	1128	1.02382	0.001989
1917	1129	1.02382	0.001989
1917	1130	1.02382	0.001989
1917	1131	1.02382	0.001989
1917	1132	1.02382	0.001989
1917	1133	1.02382	0.001989
1917	1134	1.02382	0.001989
1917	1135	1.02382	0.001989
1917	1136	1.02382	0.001989
1917	1137	1.02382	0.001989
1917	1138	1.02382	0.001989
1917	1139	1.02382	0.001989
1917	1140	1.02382	0.001989
1917	1141	1.02382	0.001989
1917	1142	1.02382	0.001989
1917	1143	1.02382	0.001989
1917	1144	1.02382	0.001989
1917	1145	1.02382	0.001989
1917	1146	1.02382	0.001989
1917	1147	1.02382	0.001989
1917	1148	1.02382	0.001989
1917	1149	1.02382	0.001989
1917	1150	1.02382	0.001989
1917	1151	1.02382	0.001989
1917	1152	1.02382	0.001989
1917	1153	1.02382	0.001989
1917	1154	1.02382	0.001989
1917	1155	1.02382	0.001989
1917	1156	1.02382	0.001989
1917	1157	1.02382	0.001989
1917	1158	1.02382	0.001989
1917	1159	1.02382	0.001989
1917	1160	1.02382	0.001989
1917	1161	1.02382	0.001989
1917	1162	1.02382	0.001989
1917	1163	1.02382	0.001989
1917	1164	1.02382	0.001989
1917	1165	1.02382	0.001989
1917	1166	1.02382	0.001989
1917	1167	1.02382	0.001989
1917	1168	1.02382	0.001989
1917	1169	1.02382	0.001989
1917	1170	1.02382	0.001989
1917	1171	1.02382	0.001989
1917	1172	1.02382	0.001989
1917	1173	1.02382	0.001989
1917	1174	1.02382	0.001989
1917	1175	1.02382	0.001989
1917	1176	1.02382	0.001989
1917	1177	1.02382	0.001989
1917	1178	1.02382	0.001989
1917	1179	1.02382	0.001989
1917	1180	1.02382	0.001989
1917	1181	1.02382	0.001989
1917	1182	1.02382	0.001989
1917	1183	1.02382	0.001989
1917	1184	1.02382	0.001989
1917	1185	1.02382	0.001989
1917	1186	1.02382	0.001989
1917	1187	1.02382	0.001989
1917	1188	1.02382	0.001989
1917	1189	1.02382	0.001989
1917	1190	1.02382	0.001989
1917	1191	1.02382	0.001989
1917	1192	1.02382	0.001989
1917	1193	1.02382	0.001989
1917	1194	1.02382	0.001989
1917	1195	1.02382	0.001989
1917	1196	1.02382	0.001989
1917	1197	1.02382	0.001989
1917	1198	1.02382	0.001989
1917	1199	1.02382	0.001989
1917	1200	1.02382	0.001989
1917	1201	1.02382	0.001989
1917	1202	1.02382	0.001989
1917	1203	1.02382	0.001989
1917	1204	1.02382	0.001989
1917	1205	1.02382	0.001989
1917	1206	1.02382	0.001989
1917	1207	1.02382	0.001989
1917	1208	1.02382	0.001989
1917	1209	1.02382	0.001989
1917	1210	1.02382	0.001989
1917	1211	1.02382	0.001989
1917	1212	1.02382	0.001989
1917	1213	1.02382	0.001989
1917	1214	1.02382	0.001989
1917	1215	1.02382	0.001989
1917	1216	1.02382	0.001989
1917	1217	1.02382	0.001989
1917	1218	1.02382	0.001989
1917	1219	1.02382	0.001989
1917	1220	1.02382	0.001989
1917	1221	1.02382	0.001989
1917	1222	1.02382	0.001989
1917	1223	1.02382	0.001989
1917	1224	1.02382	0.001989
1917	1225	1.02382	0.001989
1917	1226	1.02382	0.001989
1917	1227	1.02382	0.001989
1917	1228	1.02382	0.001989
1917	1229	1.02382	0.001989
1917	1230	1.02382	0.001989
1917	1231	1.02382	0.001989
1917	1232	1.02382	0.001989
1917	1233	1.02382	0.001989
1917	1234	1.02382	0.001989
1917	1235	1.02382	0.001989
1917	1236	1.02382	0.001989
1917	1237	1.02382	0.001989
1917	1238	1.02382	0.001989
1917	1239	1.02382	0.001989
1917	1240	1.02382	0.001989
1917	1241	1.02382	0.001989
1917	1242	1.02382	0.001989
1917	1243	1.02382	0.001989
1917	1244	1.02382	0.001989
1917	1245	1.02382	0.001989
1917	1246	1.02382	0.001989
1917	1247	1.02382	0.001989
1917	1248	1.02382	0.001989
1917	1249	1.02382	0.001989
1917	1250	1.02382	0.001989
1917	1251	1.02382	0.001989
1917	1252	1.02382	0.001989
1917	1253	1.02382	0.001989
1917	1254	1.02382	0.001989
1917	1255	1.02382	0.001989
1917	1256	1.02382	0.001989
1917	1257	1.02382	0.001989
1917	1258	1.02382	0.001989
1917	1259	1.02382	0.001989
1917	1260	1.02382	0.001989
1917	1261	1.02382	0.001989
1917	1262	1.02382	0.001989
1917	1263	1.02382	0.001989
1917	1264	1.02382	0.001989
1917	1265	1.02382	0.001989
1917	1266	1.02382	0.001989
1917	1267	1.02382	0.001989
1917	1268	1.02382	0.001989
1917	1269	1.02382	0.001989
1917	1270	1.02382	0.001989
1917	1271	1.02382	0.001989
1917	1272	1.02382	0.001989
1917	1273	1.02382	0.001989
1917	1274	1.02382	0.001989
1917	1275	1.02382	0.001989
1917	1276	1.02382	0.001989
1917	1277	1.02382	0.001989
1917	1278	1.02382	0.001989
1917	1279	1.02382	0.001989
1917	1280	1.02382	0.001989
1917	1281	1.02382	0.001989
1917	1282	1.02382	0.001989
1917	1283	1.02382	0.001989
1917	1284	1.02382	0.001989
1917	1285	1.02382	0.001989
1917	1286	1.02382	0.001989
1917	1287	1.02382	0.001989
1917	1288	1.02382	0.001989
1917	1289	1.02382	0.001989
1917	1290	1.02382	0.001989
1917	1291	1.02382	0.001989
1917	1292	1.02382	0.001989
1917	1293	1.02382	0.001989
1917	1294	1.02382	0.001989
1917	1295	1.02382	0.001989
1917	1296	1.02382	0.001989
1917	1297	1.02382	0.001989
1917	1298	1.02382	0.001989
1917	1299	1.02382	0.001989
1917	1300	1.02382	0.001989
1917	1301	1.02382	0.001989
1917	1302	1.02382	0.001989
1917	1303	1.02382	0.001989
1917	1304	1.02382	0.001989
1917	1305	1.02382	0.001989
1917	1306	1.02382	0.001989
1917	1307	1.02382	0.001989
1917	1308	1.02382	0.001989
1917	1309	1.02382	0.001989
1917	1310	1.02382	0.001989
1917	1311	1.02382	0.001989
1917	1312	1.02382	0.001989
1917	1313	1.02382	0.001989
1917	1314	1.02382	0.001989
1917	1315	1.02382	0.001989
1917	1316	1.02382	0.001989
1917	1317	1.02382	0.001989
1917	1318	1.02382	0.001989
1917	1319	1.02382	0.001989
1917	1320	1.02382	0.001989
1917	1321	1.02382	0.001989
1917	1322	1.02382	0.001989
1917	1323	1.02382	0.001989
1917	1324	1.02382	0.001989
1917	1325	1.02382	0.001989
1917	1326	1.02382	0.001989
1917	1327	1.02382	0.001989
1917	1328	1.02382	0.001989
1917	1329	1.02382	0.001989
1917	1330	1.02382	0.001989
1917	1331	1.02382	0.001989
1917	1332	1.02382	0.001989
1917	1333	1.02382	0.001989
1917	1334	1.02382	0.001989
1917	1335	1.02382	0.001989
1917	1336	1.02382	0.001989
1917	1337	1.02382	0.001989
1917	1338	1.02382	0.001989
1917	1339	1.02382	0.001989
1917	1340	1.02382	0.001989
1917	1341	1.02382	0.001989
1917	1342	1.02382	0.001989
1917	1343	1.02382	0.001989
1917	1344	1.02382	0.001989
1917	1345	1.02382	0.001989
1917	1346	1.02382	0.001989
1917	1347	1.02382	0.001989
1917	1348	1.02382	0.001989
1917	1349	1.02382	0.001989
1917	1350	1.02382	0.001989
1917	1351	1.02382	0.001989
1917	1352	1.02382	0.001989
1917	1353	1.02382	0.001989
1917	1354	1.02382	0.001989
1917	1355	1.02382	0.001989
1917	1356	1.02382	0.001989
1917	1357	1.02382	0.001989
1917	1358	1.02382	0.001989
1917	1359	1.02382	0.001989
1917	1360	1.02382	0.001989
1917	1361	1.02382	0.001989
1917	1362	1.02382	0.001989
1917	1363	1.02382	0.001989
1917	1364	1.02382	0.001989
1917	1365	1.02382	0.001989
1917	1366	1.02382	0.001989
1917	1367	1.02382	0.001989
1917	1368	1.02382	0.001989
1917	1369	1.02382	0.001989
1917	1370	1.02382	0.001989
1917	1371	1.02382	0.001989
1917	1372	1.02382	0.001989
1917	1373	1.02382	0.001989
1917	1374	1.02382	0.001989
1917	1375	1.02382	0.001989
1917	1376	1.02382	0.001989
1917	1377	1.02382	0.001989
1917	1378	1.02382	0.001989
1917	1379	1.02382	0.001989
1917	1380	1.02382	0.001989
1917	1381	1.02382	0.001989
1917	1382	1.02382	0.001989
1917	1383	1.02382	0.001989
1917	1384	1.02382	0.001989
1917	1385	1.02382	0.001989
1917	1386	1.02382	0.001989
1917	1387	1.02382	0.001989
1917	1388	1.02382	0.001989
1917	1389	1.02382	0.001989
1917	1390	1.02382	0.001989
1917	1391	1.02382	0.001989
1917	1392	1.02382	0.001989
1917	1393	1.02382	0.001989
1917	1394	1.02382	0.001989
1917	1395	1.02382	0.001989
1917	1396	1.02382	0.001989
1917	1397	1.02382	0.001989
1917	1398	1.02382	0.001989
1917	1399	1.02382	0.001989
1917	1400	1.02382	0.001989
1917	1401	1.02382	0.001989
1917	1402	1.02382	0.001989
1917	1403	1.02382	0.001989
1917	1404	1.02382	0.001989
1917	1405	1.02382	0.001989
1917	1406	1.02382	0.001989
1917	1407	1.02382	0.001989
1917	1408	1.02382	0.001989
1917	1409	1.02382	0.001989
1917	1410	1.02382	0.001989
1917	1411	1.02382	0.001989
1917	1412	1.02382	0.001989
1917	1413	1.02382	0.001989
1917	1414	1.02382	0.001989
1917	1415	1.02382	0.001989
1917	1416	1.02382	0.001989
1917	1417	1.02382	0.001989
1917	1418	1.02382	0.001989
1917	1419	1.02382	0.001989
1917	1420	1.02382	0.001989
1917	1421	1.02382	0.001989
1917	1422	1.02382	0.001989
1917	1423	1.02382	0.001989
1917	1424	1.02382	0.001989
1917	1425	1.02382	0.001989
1917	1426	1.02382	0.001989
1917	1427	1.02382	0.001989
1917	1428	1.02382	0.001989
1917	1429	1.02382	0.001989
1917	1430	1.02382	0.001989
1917	1431	1.02382	0.001989
1917	1432	1.02382	0.001989
1917	1433	1.02382	0.001989
1917	1434	1.02382	0.001989
1917	1435	1.02382	0.001989
1917	1436	1.02382	0.001989
1917	1437	1.02382	0.001989
1917	1438	1.02382	0.001989
1917	1439	1.02382	0.001989
1917	1440	1.02382	0.001989
1917	1441	1.02382	0.001989
1917	1442	1.02382	0.001989
1917	1443	1.02382	0.001989
1917	1444	1.02382	0.001989
1917	1445	1.02382	0.001989
1917	1446	1.02382	0.001989
1917	1447	1.02382	0.001989
1917	1448	1.02382	0.001989
1917	1449	1.02382	0.001989
1917	1450	1.02382	0.001989
1917	1451	1.02382	0.001989
1917	1452	1.02382	0.001989
1917	1453	1.02382	0.001989
1917	1454	1.02382	0.001989
1917	1455	1.02382	0.001989
1917	1456	1.02382	0.001989
1917	1457	1.02382	0.001989
1917	1458	1.02382	0.001989
1917	1459	1.02382	0.001989
1917	1460	1.02382	0.001989
1917	1461	1.02382	0.001989
1917	1462	1.02382	0.001989
1917	1463	1.02382	0.001989
1917	1464	1.02382	0.001989
1917	1465	1.02382	0.001989
1917	1466	1.02382	0.001989
1917	1467	1.02382	0.001989
1917	1468	1.02382	0.001989
1917	1469	1.02382	0.001989
1917	1470	1.02382	0.001989
1917	1471	1.02382	0.001989
1917	1472	1.02382	0.001989
1917	1473	1.02382	0.001989
1917	1474	1.02382	0.001989
1917	1475	1.02382	0.001989
1917	1476	1.02382	0.001989
1917	1477	1.02382	0.001989
1917	1478	1.02382	0.001989
1917	1479	1.02382	0.001989
1917	1480	1.02382	0.001989
1917	1481	1.02382	0.001989
1917	1482	1.02382	0.001989
1917	1483	1.02382	0.001989
1917	1484	1.02382	0.001989
1917	1485	1.02382	0.001989
1917	1486	1.02382	0.001989
1917	1487	1.02382	0.001989
1917	1488	1.02382	0.001989
1917	1489	1.02382	0.001989
1917	1490	1.02382	0.001989
1917	1491	1.02382	0.001989
1917	1492	1.02382	0.001989
1917	1493	1.02382	0.001989
1917	1494	1.02382	0.001989
1917	1495	1.02382	0.001989
1917	1496	1.02382	0.001989
1917	1497	1.02382	0.001989
1917	1498	1.02382	0.001989
1917	1499	1.02382	0.001989
1917	1500	1.02382	0.001989
1917	1501	1.02382	0.001989
1917	1502	1.02382	0.001989
1917	1503	1.02382	0.001989
1917	1504	1.02382	0.001989
1917	1505	1.02382	0.001989
1917	1506	1.02382	0.001989
1917	1507	1.02382	0.001989
1917	1508	1.02382	0.001989
1917	1509	1.02382	0.001989
1917	1510	1.02382	0.001989
1917	1511	1.02382	0.001989
1917	1512	1.02382	0.001989
1917	1513	1.02382	0.001989
1917	1514	1.02382	0.001989
1917	1515	1.02382	0.001989
1917	1516	1.02382	0.001989
1917	1517	1.02382	0.001989
1917	1518	1.02382	0.001989
1917	1519	1.02382	0.001989
1917	1520	1.02382	0.001989
1917	1521	1.02382	0.001989
1917	1522	1.02382	0.001989
1917	1523	1.02382	0.001989
1917	1524	1.02382	0.001989
1917	1525	1.02382	0.001989
1917	1526	1.02382	0.001989
1917	1527	1.02382	0.001989
1917	1528	1.02382	0.001989
1917	1529	1.02382	0.001989
1917	1530	1.02382	0.001989
1917	1531	1.02382	0.001989
1917	1532	1.02382	0.001989
1917	1533	1.02382	0.001989
1917	1534	1.02382	0.001989
1917	1535	1.02382	0.001989
1917	1536	1.02382	0.001989
1917	1537	1.02382	0.001989
1917	1538	1.02382	0.001989
1917	1539	1.02382	0.001989
1917	1540	1.02382	0.001989
1917	1541	1.02382	0.001989
1917	1542	1.02382	0.001989
1917	1543	1.02382	0.001989
1917	1544	1.02382	0.001989
1917	1545	1.02382	0.001989
1917	1546	1.02382	0.001989
1917	1547	1.02382	0.001989
1917	1548	1.02382	0.001989
1917	1549	1.02382	0.001989
1917	1550	1.02382	0.001989
1917	1551	1.02382	0.001989
1917	1552	1.02382	0.001989
1917	1553	1.02382	0.001989
1917	1554	1.02382	0.001989
1917	1555	1.02382	0.001989
1917	1556	1.02382	0.001989
1917	1557	1.02382	0.001989
1917	1558	1.02382	0.001989
1917	1559	1.02382	0.001989
1917	1560	1.02382	0.001989
1917	1561	1.02382	0.001989
1917	1562	1.02382	0.001989
1917	1563	1.02382	0.001989
1917	1564	1.02382	0.001989
1917	1565	1.02382	0.001989
1917	1566	1.02382	0.001989
1917	1567	1.02382	0.001989
1917	1568	1.02382	0.001989
1917	1569	1.02382	0.001989
1917	1570	1.02382	0.001989
1917	1571	1.02382	0.001989
1917	1572	1.02382	0.001989
1917	1573	1.02382	0.001989
1917	1574	1.02382	0.001989
1917	1575	1.02382	0.001989
1917	1576	1.02382	0.001989
1917	1577	1.02382	0.001989
1917	1578	1.02382	0.001989
1917	1579	1.02382	0.001989
1917	1580	1.02382	0.001989
1917	1581	1.02382	0.001989
1917	1582	1.02382	0.001989
1917	1583	1.02382	0.001989
1917	1584	1.02382	0.001989
1917	1585	1.02382	0.001989
1917	1586	1.02382	0.001989
1917	1587	1.02382	0.001989
1917	1588	1.02382	0.001989
1917	1589	1.02382	0.001989
1917	1590	1.02382	0.001989
1917	1591	1.02382	0.001989
1917	1592	1.02382	0.001989
1917	1593	1.02382	0.001989
1917	1594	1.02382	0.001989
1917	1595	1.02382	0.001989
1917	1596	1.02382	0.001989
1917	1597	1.02382	0.001989
1917	1598	1.02382	0.001989
1917	1599	1.02382	0.001989
1917	1600	1.02382	0.001989
1917	1601	1.02382	0.001989
1917	1602	1.02382	0.001989
1917	1603	1.02382	0.001989
1917	1604	1.02382	0.001989
1917	1605	1.02382	0.001989
1917	1606	1.02382	0.001989
1917	1607	1.02382	0.001989
1917	1608	1.02382	0.001989
1917	1609	1.02382	0.001989
1917	1610	1.02382	0.001989
1917	1611	1.02382	0.001989
1917	1612	1.02382	0.001989
1917	1613	1.02382	0.001989
1917	1614	1.02382	0.001989
1917	1615	1.02382	0.001989
1917	1616	1.02382	0.001989
1917	1617	1.02382	0.001989
1917	1618	1.02382	0.001989
1917	1619	1.02382	0.001989
1917	1620	1.02382	0.001989
1917	1621	1.02382	0.001989
1917	1622	1.02382	0.001989
1917	1623	1.02382	0.001989
1917	1624	1.02382	0.001989
1917	1625	1.02382	0.001989
1917	1626	1.02382	0.001989
1917	1627	1.02382	0.001989
1917	1628	1.02382	0.001989
1917	1629	1.02382	0.001989
1917	1630	1.02382	0.001989
1917	1631	1.02382	0.001989
1917	1632	1.02382	0.001989
1917	1633	1.02382	0.001989
1917	1634	1.02382	0.001989
1917	1635	1.02382	0.001989
1917	1636	1.02382	0.001989
1917	1637	1.02382	0.001989
1917	1638	1.02382	0.001989
1917	1639	1.02382	0.001989
1917	1640	1.02382	0.001989
1917	1641	1.02382	0.001989
1917	1642	1.02382	0.001989
1917	1643	1.02382	0.001989
1917	1644	1.02382	0.001989
1917	1645	1.02382	0.001989
1917	1646	1.02382	0.001989
1917	1647	1.02382	0.001989
1917	1648	1.02382	0.001989
1917	1649	1.02382	0.001989
1917	1650	1.02382	0.001989
1917	1651	1.02382	0.001989
1917	1652	1.02382	0.001989
1917	1653	1.02382	0.001989
1917	1654	1.02382	0.001989
1917	1655	1.02382	0.001989
1917	1656	1.02382	0.001989
1917	1657	1.02382	0.001989
1917	1658	1.02382	0.001989
1917	1659	1.02382	0.001989
1917	1660	1.02382	0.001989
1917	1661	1.02382	0.001989
1917	1662	1.02382	0.001989
1917	1663	1.02382	0.001989
1917	1664	1.02382	0.001989
1917	1665	1.02382	0.001989
1917	1666	1.02382	0.001989
1917	1667	1.02382	0.001989
1917	1668	1.02382	0.001989
1917	1669	1.02382	0.001989
1917	1670	1.02382	0.001989
1917	1671	1.02382	0.001989
1917	1672	1.02382	0.001989
1917	1673	1.02382	0.001989
1917	1674	1.02382	0.001989
1917	1675	1.02382	0.001989
1917	1676	1.02382	0.001989
1917	1677	1.02382	0.001989
1917	1678	1.02382	0.001989
1917	1679	1.02382	0.001989
1917	1680	1.02382	0.001989
1917	1681	1.02382	0.001989
1917	1682	1.02382	0.001989
1917	1683	1.02382	0.001989
1917	1684	1.02382	0.001989
1917	1685	1.02382	0.001989
1917	1686	1.02382	0.001989
1917	1687	1.02382	0.001989
1917	1688	1.02382	0.001989
1917	1689	1.02382	0.001989
1917	1690	1.02382	0.001989
1917	1691	1.02382	0.001989
1917	1692	1.02382	0.001989
1917	1693	1.02382	0.001989
1917	1694	1.02382	0.001989
1917	1695	1.02382	0.001989
1917	1696	1.02382	0.001989
1917	1697	1.02382	0.001989
1917	1698	1.02382	0.001989
1917	1699	1.02382	0.001989
1917	1700	1.02382	0.001989
1917	1701	1.02382	0.001989
1917	1702	1.02382	0.001989
1917	1703	1.02382	0.001989
1917	1704	1.02382	0.001989
1917	1705	1.02382	0.001989
1917	1706	1.02382	0.001989
1917	1707	1.02382	0.001989
1917	1708	1.02382	0.001989
1917	1709	1.02382	0.001989
1917	1710	1.02382	0.001989
1917	1711	1.02382	0.001989
1917	1712	1.02382	0.001989
1917	1713	1.02382	0.001989
1917	1714	1.02382	0.001989
1917	1715	1.02382	0.001989
1917	1716	1.02382	0.001989
1917	1717	1.02382	0.001989
1917	1718	1.02382	0.001989
1917	1719	1.02382	0.001989
1917	1720	1.02382	0.001989
1917	1721	1.02382	0.001989
1917	1722	1.02382	0.001989
1917	1723	1.02382	0.001989
1917	1724	1.02382	0.001989
1917	1725	1.02382	0.001989
1917	1726	1.02382	0.001989
1917	1727	1.02382	0.001989
1917	1728	1.02382	0.001989
1917	1729	1.02382	0.001989
1917	1730	1.02382	0.001989
1917	1731	1.02382	0.001989
1917	1732	1.02382	0.001989
1917	1733	1.02382	0.001989
1917	1734	1.02382	0.001989
1917	1735	1.02382	0.001989
1917	1736	1.02382	0.001989
1917	1737	1.02382	0.001989
1917	1738	1.02382	0.001989
1917	1739	1.02382	0.001989
1917	1740	1.02382	0.001989
1917	1741	1.02382	0.001989
1917	1742	1.02382	0.001989
1917	1743	1.02382	0.001989
1917	1744	1.02382	0.001989
1917	1745	1.02382	0.001989
1917	1746	1.02382	0.001989
1917	1747	1.02382	0.001989
1917	1748	1.02382	0.001989
1917	1749	1.02382	0.001989
1917	1750	1.02382	0.001989
1917	1751	1.02382	0.001989
1917	1752	1.02382	0.001989
1917	1753	1.02382	0.001989
1917	1754	1.02382	0.001989
1917	1755	1.02382	0.001989
1917	1756	1.02382	0.001989
1917	1757	1.02382	0.001989
1917	1758	1.02382	0.001989
1917	1759	1.02382	0.001989
1917	1760	1.02382	0.001989
1917	1761	1.02382	0.001989
1917	1762	1.02382	0.001989
1917	1763	1.02382	0.001989
1917	1764	1.02382	0.001989
1917	1765	1.02382	0.001989
1917	1766	1.02382	0.001989
1917	1767	1.02382	0.001989
1917	1768	1.02382	0.001989
1917	1769	1.02382	0.001989
1917	1770	1.02382	0.001989
1917	1771	1.02382	0.001989
1917	1772	1.02382	0.001989
1917	1773	1.02382	0.001989
1917	1774	1.02382	0.001989
1917	1775	1.02382	0.001989
1917	1776	1.02382	0.001989
1917	1777	1.02382	0.001989
1917	1778	1.02382	0.001989
1917	1779	1.02382	0.001989
1917	1780	1.02382	0.001989
1917	1781	1.02382	0.001989
1917	1782	1.02382	0.001989
1917	1783	1.02382	0.001989
1917	1784	1.02382	0.001989
1917	1785	1.02382	0.001989
1917	1786	1.02382	0.001989
1917	1787	1.02382	0.001989
1917	1788	1.02382	0.001989
1917	1789	1.02382	0.001989
1917	1790	1.02382	0.001989
1917	1791	1.02382	0.001989
1917	1792	1.02382	0.001989
1917	1793	1.02382	0.001989
1917	1794	1.02382	0.001989
1917	1795	1.02382	0.001989
1917	1796	1.02382	0.001989
1917	1797	1.02382	0.001989
1917	1798	1.02382	0.001989
1917	1799	1.02382	0.001989
1917	1800	1.02382	0.001989
1917	1801	1.02382	0.001989
1917	1802	1.02382	0.001989
1917	1803	1.02382	0.001989
1917	1804	1.02382	0.001989
1917	1805	1.02382	0.001989
1917	1806	1.02382	0.001989
1917	1807	1.02382	0.001989
1917	1808	1.02382	0.001989
1917	1809	1.02382	0.001989
1917	1810	1.02382	0.001989
1917	1811	1.02382	0.001989
1917	1812	1.02382	0.001989
1917	1813	1.02382	0.001989
1917	1814	1.02382	0.001989
1917	1815	1.02382	0.001989
1917	1816	1.02382	0.001989
1917	1817	1.02382	0.001989
1917	1818	1.02382	0.001989
1917	1819	1.02382	0.001989
1917	1820	1.02382	0.001989
1917	1821	1.02382	0.001989
1917	1822	1.02382	0.001989
1917	1823	1.02382	0.001989
1917	1824	1.02382	0.001989
1917	1825	1.02382	0.001989
1917	1826	1.02382	0.001989
1917	1827	1.02382	0.001989
1917	1828	1.02382	0.001989
1917	1829	1.02382	0.001989
1917	1830	1.02382	0.001989
1917	1831	1.02382	0.001989
1917	1832	1.02382	0.001989
1917	1833	1.02382	0.001989
1917	1834	1.02382	0.001989
1917	1835	1.02382	0.001989
1917	1836	1.02382	0.001989
1917	1837	1.02382	0.001989
1917	1838	1.02382	0.001989
1917	1839	1.02382	0.001989
1917	1840	1.02382	0.001989
1917	1841	1.02382	0.001989
1917	1842	1.02382	0.001989
1917	1843	1.02382	0.001989
1917	1844	1.02382	0.001989
1917	1845	1.02382	0.001989
1917	1846	1.02382	0.001989
1917	1847	1.02382	0.001989
1917	1848	1.02382	0.001989
1917	1849	1.02382	0.001989
1917	1850	1.02382	0.001989
1917	1851	1.02382	0.001989
1917	1852	1.02382	0.001989
1917	1853	1.02382	0.001989
1917	1854	1.02382	0.001989
1917	1855	1.02382	0.001989
1917	1856	1.02382	0.001989
1917	1857	1.02382	0.001989
1917	1858	1.02382	0.001989
1917	1859	1.02382	0.001989
1917	1860	1.02382	0.001989
1917	1861	1.02382	0.001989
1917	1862	1.02382	0.001989
1917	1863	1.02382	0.001989
1917	1864	1.02382	0.001989
1917	1865	1.02382	0.001989
1917	1866	1.02382	0.001989
1917	1867	1.02382	0.001989
1917	1868	1.02382	0.001989
1917	1869	1.02382	0.001989
1917	1870	1.02382	0.001989
1917	1871	1.02382	0.001989
1917	1872	1.02382	0.001989
1917	1873	1.02382	0.001989
1917	1874	1.02382	0.001989
1917	1875	1.02382	0.001989
1917	1876	1.02382	0.001989
1917	1877	1.02382	0.001989
1917	1878	1.02382	0.001989
1917	1879	1.02382	0.001989
1917	1880	1.02382	0.001989
1917	1881	1.02382	0.001989
1917	1882	1.02382	0.001989
1917	1883	1.02382	0.001989
1917	1884	1.02382	0.001989
1917	1885	1.02382	0.001989
1917	1886	1.02382	0.001989
1917	1887	1.02382	0.001989
1917	1888	1.02382	0.001989
1917	1889	1.02382	0.001989
1917	1890	1.02382	0.001989
1917	1891	1.02382	0.001989
1917	1892	1.02382	0.001989
1917	1893	1.02382	0.001989
1917	1894	1.02382	0.001989
1917	1895	1.02382	0.001989
1917	1896	1.02382	0.001989
1917	1897	1.02382	0.001989
1917	1898	1.02382	0.001989
1917	1899	1.02382	0.001989
1917	1900	1.02382	0.001989
1917	1901	1.02382	0.001989
1917	1902	1.02382	0.001989
1917	1903	1.02382	0.001989
1917	1904	1.02382	0.001989
1917	1905	1.02382	0.001989
1917	1906	1.02382	0.001989
1917	1907	1.02382	0.001989
1917	1908	1.02382	0.001989
1917	1909	1.02382	0.001989
1917	1910	1.02382	0.001989
1917	1911	1.02382	0.001989
1917	1912	1.02382	0.001989
1917	1913	1.02382	0.001989
1917	1914	1.02382	0.001989
1917	1915	1.02382	0.001989
1917	1916	1.02382	0.001989
1917	1917	1.02382	0.001989
1917	1918	1.02382	0.001989
1917	1919	1.02382	0.001989
1917	1920	1.02382	0.001989
1917	1921	1.02382	0.001989
1917	1922	1.02382	0.001989
1917	1923	1.02382	0.001989
1917	1924	1.02382	0.001989
1917	1925	1.02382	0.001989
1917	1926	1.02382	0.001989
1917	1927	1.02382	0.001989
1917	1928	1.02382	0.001989
1917	1929	1.02382	0.001989
1917	1930	1.02382	0.001989
1917	1931	1.02382	0.001989
1917	1932	1.02382	0.001989
1917	1933	1.02382	0.001989
1917	1934	1.02382	0.001989
1917	1935	1.02382	0.001989
1917	1936	1.02382	0.001989
1917	1937	1.02382	0.001989
1917	1938	1.02382	0.001989
1917	1939	1.02382	0.001989
1917	1940	1.02382	0.001989
1917	1941	1.02382	0.001989
1917	1942	1.02382	0.001989
1917	1943	1.02382	0.001989
1917	1944	1.02382	0.001989
1917	1945	1.02382	0.001989
1917	1946	1.02382	0.001989
1917	1947	1.02382	0.001989
1917	1948	1.02382	0.001989
1917	1949	1.02382	0.001989
1917	1950	1.02382	0.001989
1917	1951	1.02382	0.001989
1917	1952	1.02382	0.001989
1917	1953	1.02382	0.001989
1917	1954	1.02382	0.001989
1917	1955	1.02382	0.001989
1917	1956	1.02382	0.001989
1917	1957	1.02382	0.001989
1917	1958	1.02382	0.001989
1917	1959	1.02382	0.001989
1917	1960	1.02382	0.001989
1917	1961	1.02382	0.001989
1917	1962	1.02382	0.001989
1917	1963	1.02382	0.001989
1917	1964	1.02382	0.001989
1917	1965	1.02382	0.001989
1917	1966	1.02382	0.001989
1917	1967	1.02382	0.001989
1917	1968	1.02382	0.001989
1917	1969	1.02382	0.001989
1917	1970	1.02382	0.001989
1917	1971	1.02382	0.001989
1917	1972	1.02382	0.001989
1917	1973	1.02382	0.001989
1917	1974	1.02382	0.001989
1917	1975	1.02382	0.001989
1917	1976	1.02382	0.001989
1917	1977	1.02382	0.001989
1917	1978	1.02382	0.001989
1917	1979	1.02382	0.001989
1917	1980	1.02382	0.001989
1917	1981	1.02382	0.001989
1917	1982	1.02382	0.001989
1917	1983	1.02382	0.001989
1917	1984	1.02382	0.001989
1917	1985	1.02382	0.001989
1917	1986	1.02382	0.001989
1917	1987	1.02382	0.001989
1917	1988	1.02382	0.001989
1917	1989	1.02382	0.001989
1917	1990	1.02382	0.001989
1917	1991	1.02382	0.001989
1917	1992	1.02382	0.001989
1917	1993	1.02382	0.001989
1917	1994	1.02382	0.001989
1917	1995	1.02382	0.001989
1917	1996	1.02382	0.001989
1917	1997	1.02382	0.001989
1917	1998	1.02382	0.001989
1917	1999	1.02382	0.001989
1917	2000	1.02382	0.001989
1917	2001	1.02382	0.001989
1917	2002	1.02382	0.001989
1917	2003	1.02382	0.001989
1917	2004	1.02382	0.001989
1917	2005	1.02382	0.001989
1917	2006	1.02382	0.001989
1917	2007	1.02382	0.001989
1917	2008	1.02382	0.001989
1917	2009	1.02382	0.001989
1917	2010	1.02382	0.001989
1917	2011	1.02382	0.001989
1917	2012	1.02382	0.001989
1917	2013	1.02382	0.001989
1917	2014	1.02382	0.001989
1917	2015	1.02382	0.001989
1917	2016	1.02382	0.001989
1917	2017	1.02382	0.001989
1917	2018	1.02382	0.001989
1917	2019	1.02382	0.001989
1917	2020	1.02382	0.001989
1917	2021	1.02382	0.001989
1917	2022	1.02382	0.001989
1917	2023	1.02382	0.001989
1917	2024	1.02382	0.001989
1917	2025	1.02382	0.001989
1917	2026	1.02382	0.001989
1917	2027	1.02382	0.001989
1917	2028	1.02382	0.001989
1917	2029	1.02382	0.001989
1917	2030	1.02382	0.001989
1917	2031	1.02382	0.001989
1917	2032	1.02382	0.001989
1917	2033	1.02382	0.001989
1917	2034	1.02382	0.001989
1917	2035	1.02382	0.001989
1917	2036	1.02382	0.001989
1917	2037	1.02382	0.001989
1917	2038	1.02382	0.001989
1917	2039	1.02382	0.001989
1917	2040	1.02382	0.001989
1917	2041	1.02382	0.001989
1917	2042	1.02382	0.001989
1917	2043	1.02382	0.001989
1917	2044	1.02382	0.001989
1917	2045	1.02382	0.001989
1917	2046	1.02382	0.001989
1917	2047	1.02382	0.001989
1917	2048	1.02382	0.001989
1917	2049	1.02382	0.001989
1917	2050	1.02382	0.001989
1917	2051	1.02382	0.001989
1917	2052	1.02382	0.001989
1917	2053	1.02382	0.001989
1917	2054	1.02382	0.001989
1917	2055	1.02382	0.001989
1917	2056	1.02382	0.001989
1917	2057	1.02382	0.001989
1917	2058	1.02382	0.001989
1917	2059	1.02382	0.001989
1917	2060	1.02382	0.001989
1917	2061	1.02382	0.001989
1917	2062	1.02382	0.001989
1917	2063	1.02382	0.001989
1917	2064	1.02382	0.001989
1917	2065	1.02382	0.001989
1917	2066	1.02382	0.001989
1917	2067	1.02382	0.001989
1917	2068	1.02382	0.001989
1917	2069	1.02382	0.001989
1917	2070	1.02382	0.001989
1917	2071	1.02382	0.001989
1917	2072	1.02382	0.001989
1917	2073	1.02382	0.001989
1917	2074	1.02382	0.001989
1917	2075	1.02382	0.001989
1917	2076	1.02382	0.001989
1917	2077	1.02382	0.001989
1917	2078	1.02382	0.001989
1917	2079	1.02382	0.001989
1917	2080	1.02382	0.001989
1917	2081	1.02382	0.001989
1917	2082	1.02382	0.001989
1917	2083	1.02382	0.001989
1917	2084	1.02382	0.001989
1917	2085	1.02382	0.001989
1917	2086	1.02382	0.001989
1917	2087	1.02382	0.001989
1917	2088	1.02382	0.001989
1917	2089	1.02382	0.001989
1917	2090	1.02382	0.001989
1917	2091	1.02382	0.001989
1917	2092	1.02382	0.001989
1917	2093	1.02382	0.001989
1917	2094	1.02382	0.001989
1917	2095	1.02382	0.001989
1917	2096	1.02382	0.001989
1917	2097	1.02382	0.001989
1917	2098	1.02382	0.001989
1917	2099	1.02382	0.001989
1917	2100	1.02382	0.001989
1917	2101	1.02382	0.001989
1917	2102	1.02382	0.001989
1917	2103	1.02382	0.001989
1917	2104	1.02382	0.001989
1917	2105	1.02382	0.001989
1917	2106	1.02382	0.001989
1917	2107	1.02382	0.001989
1917	2108	1.02382	0.001989
1917	2109	1.02382	0.001989
1917	2110	1.02382	0.001989
1917	2111	1.02382	0.001989
1917	2112	1.02382	0.001989
1917	2113	1.02382	0.001989
1917	2114	1.02382	0.001989
1917	2115	1.02382	0.001989
1917	2116	1.02382	0.001989
1917	2117	1.02382	0.001989
1917	2118	1.02382	0.001989
1917	2119	1.02382	0.001989
1917	2120	1.02382	0.001989
1917	2121	1.02382	0.001989
1917	2122	1.02382	0.001989
1917	2123	1.02382	0.001989
1917	2124	1.02382	0.001989
1917	2125	1.02382	0.001989
1917	2126	1.02382	0.001989
1917	2127	1.02382	0.001989
1917	2128	1.02382	0.001989
1917	2129	1.02382	0.001989
1917	2130	1.02382	0.001989
1917	2131	1.02382	0.001989
1917	2132	1.02382	0.001989
1917	2133	1.02382	0.001989
1917	2134	1.02382	0.001989
1917	2135	1.02382	0.001989
1917	2136	1.02382	0.001989
1917	2137	1.02382	0.001989
1917	2138	1.02382	0.001989
1917	2139	1.02382	0.001989
1917	2140	1.02382	0.001989
1917	2141	1.02382	0.001989
1917	2142	1.02382	0.001989
1917	2143	1.02382	0.001989
1917	2144	1.02382	0.001989
1917	2145	1.02382	0.001989
1917	2146	1.02382	0.001989
1917	2147	1.02382	0.001989
1917	2148	1.02382	0.001989
1917	2149	1.02382	0.001989
1917	2150	1.02382	0.001989
1917	2151	1.02382	0.001989
1917	2152	1.02382	0.001989
1917	2153	1.02382	0.001989
1917	2154	1.02382	0.001989
1917	2155	1.02382	0.001989
1917	2156	1.02382	0.001989
1917	2157	1.02382	0.001989
1917	2158	1.02382	0.001989
1917	2159	1.02382	0.001989
1917	2160	1.02382	0.001989
1917	2161	1.02382	0.001989
1917	2162	1.02382	0.001989
1917	2163	1.02382	0.001989
1917	2164	1.02382	0.001989
1917	2165	1.02382	0.001989
1917	2166	1.02382	0.001989
1917	2167	1.02382	0.001989
1917	2168	1.02382	0.001989
1917	2169	1.02382	0.001989
1917	2170	1.02382	0.001989
1917	2171	1.02382	0.001989
1917	2172	1.02382	0.001989
1917	2173	1.02382	0.001989
1917	2174	1.02382	0.001989
1917	2175	1.02382	0.001989
1917	2176	1.02382	0.001989
1917	2177	1.02382	0.001989
1917	2178	1.02382	0.001989
1917	2179	1.02382	0.001989
1917	2180	1.02382	0.001989
1917	2181	1.02382	0.001989
1917	2182	1.02382	0.001989
1917	2183	1.02382	0.001989
1917	2184	1.02382	0.001989
1917	2185	1.02382	0.001989
1917	2186	1.02382	0.001989
1917	2187	1.02382	0.001989
1917	2188	1.02382	0.001989
1917	2189	1.02382	0.001989
1917	2190	1.02382	0.001989
1917	2191	1.02382	0.001989
1917	2192	1.02382	0.001989
1917	2193	1.02382	0.001989
1917	2194	1.02382	0.001989
1917	2195	1.02382	0.001989
1917	2196	1.02382	0.001989
1917	2197	1.02382	0.001989
1917	2198	1.02382	0.001989
1917	2199	1.02382	0.001989
1917	2200	1.02382	0.001989
1917	2201	1.02382	0.001989
1917	2202	1.02382	0.001989
1917	2203	1.02382	0.001989
1917	2204	1.02382	0.001989
1917	2205	1.02382	0.001989
1917	2206	1.02382	0.001989
1917	2207	1.02382	0.001989
1917	2208	1.02382	0.001989
1917	2209	1.02382	0.001989
1917	2210	1.02382	0.001989
1917	2211	1.02382	0.001989
1917	2212	1.02382	0.001989
1917	2213	1.02382	0.001989
1917	2214	1.02382	0.001989
1917	2215	1.02382	0.001989
1917	2216	1.02382	0.001989
1917	2217	1.02382	0.001989
1917	2218	1.02382	0.001989
1917	2219	1.02382	0.001989
1917	2220	1.02382	0.001989
1917	2221	1.02382	0.001989
1917	2222	1.02382	0.001989
1917	2223	1.02382	0.001989
1917	2224	1.02382	0.001989
1917	2225	1.02382	0.001989
1917	2226	1.02382	0.001989
1917	2227	1.02382	0.001989
1917	2228	1.02382	0.001989
1917	2229	1.02382	0.001989
1917	2230	1.02382	0.001989
1917	2231	1.02382	0.001989
1917	2232	1.02382	0.001989
1917	2233	1.02382	0.001989
1917	2234	1.02382	0.001989
1917	2235	1.02382	0.001989
1917	2236	1.02382	0.001989
1917	2237	1.02382	0.001989
1917	2238	1.02382	0.001989
1917	2239	1.02382	0.001989
1917	2240	1.02382	0.001989
1917	2241	1.02382	0.001989
1917	2242	1.02382	0.001989
1917	2243	1.02382	0.001989
1917	2244	1.02382	0.001989
1917	2245	1.02382	0.001989
1917	2246	1.02382	0.001989
1917	2247	1.02382	0.001989
1917	2248	1.02382	0.001989
1917	2249	1.02382	0.001989
1917	2250	1.02382	0.001989
1917	2251	1.02382	0.001989
1917	2252	1.02382	0.001989
1917	2253	1.02382	0.001989
1917	2254	1.02382	0.001989
1917	2255	1.02382	0.001989
1917	2256	1.02382	0.001989
1917	2257	1.02382	0.001989
1917	2258	1.02382	0.001989
1917	2259	1.02382	0.001989
1917	2260	1.02382	0.001989
1917	2261	1.02382	0.001989
1917	2262	1.02382	0.001989
1917	2263	1.02382	0.001989
1917	2264	1.02382	0.001989
1917	2265	1.02382	0.001989
1917	2266	1.02382	0.001989
1917	2267	1.02382	0.001989
1917	2268	1.02382	0.001989
1917	2269	1.02382	0.001989
1917	2270	1.02382	0.001989
1917	2271	1.02382	0.001989
1917	2272	1.02382	0.001989
1917	2273	1.02382	0.001989
1917	2274	1.02382	0.001989
1917	2275	1.02382	0.001989
1917	2276	1.02382	0.001989
1917	2277	1.02382	0.001989
1917	2278	1.02382	0.001989
1917	2279	1.02382	0.001989
1917	2280	1.02382	0.001989
1917	2281	1.02382	0.001989
1917	2282	1.02382	0.001989
1917	2283	1.02382	0.001989
1917	2284	1.02382	0.001989
1917	2285	1.02382	0.001989
1917	2286	1.02382	0.001989
1917	2287	1.02382	0.001989
1917	2288	1.02382	0.001989
1917	2289	1.02382	0.001989
1917	2290	1.02382	0.001989
1917	2291	1.02382	0.001989
1917	2292	1.02382	0.001989
1917	2293	1.02382	0.001989
1917	2294	1.02382	0.001989
1917	2295	1.02382	0.001989
1917	2296	1.02382	0.001989
1917	2297	1.02382	0.001989
1917	2298	1.02382	0.001989
1917	2299	1.02382	0.001989
1917	2300	1.02382	0.001989
1917	2301	1.02382	0.001989
1917	2302	1.02382	0.001989
1917	2303	1.02382	0.001989
1917	2304	1.02382	0.001989
1917	2305	1.02382	0.001989
1917	2306	1.02382	0.001989
1917	2307	1.02382	0.001989
1917	2308	1.02382	0.001989
1917	2309	1.02382	0.001989
1917	2310	1.02382	0.001989
1917	2311	1.02382	0.001989
1917	2312	1.02382	0.001989
1917	2313	1.02382	0.001989
1917	2314	1.02382	0.001989
1917	2315	1.02382	0.001989
1917	2316	1.02382	0.001989
1917	2317	1.02382	0.001989
1917	2318	1.02382	0.001989
1917	2319	1.02382	0.001989
1917	2320	1.02382	0.001989
1917	2321	1.02382	0.001989
1917	2322	1.02382	0.001989
1917	2323	1.02382	0.001989
1917	2324	1.02382	0.001989
1917	2325	1.02382	0.001989
1917	2326	1.02382	0.001989
1917	2327	1.02382	0.001989
1917	2328	1.02382	0.001989
1917	2329	1.02382	0.001989
1917	2330	1.02382	0.001989
1917	2331	1.02382	0.001989
1917	2332	1.02382	0.001989
1917	2333	1.02382	0.001989
1917	2334	1.02382	0.001989
1917	2335	1.02382	0.001989
1917	2336	1.02382	0.001989
1917	2337	1.02382	0.001989
1917	2338	1.02382	0.001989
1917	2339	1.02382	0.001989
1917	2340	1.02382	0.001989
1917	2341	1.02382	0.001989
1917	2342	1.02382	0.001989
1917	2343	1.02382	0.001989
1917	2344	1.02382	0.001989
1917	2345	1.02382	0.001989
1917	2346	1.02382	0.001989
1917	2347	1.02382	0.001989
1917	2348	1.02382	0.001989
1917	2349	1.02382	0.001989
1917	2350	1.02382	0.001989
1917	2351	1.02382	0.001989
1917	2352	1.02382	0.001989
1917	2353	1.02382	0.001989
1917	2354	1.02382	0.001989
1917	2355	1.02382	0.001989
1917	2356	1.02382	0.001989
1917	2357	1.02382	0.001989
1917	2358	1.02382	0.001989
1917	2359	1.02382	0.001989
1917	2360	1.02382	0.001989
1917	2361	1.02382	0.001989
1917	2362	1.02382	0.001989
1917	2363	1.02382	0.001989
1917	2364	1.02382	0.001989
1917	2365	1.02382	0.001989
1917	2366	1.02382	0.001989
1917	2367	1.02382	0.001989
1917	2368	1.02382	0.001989
1917	2369	1.02382	0.001989
1917	2370	1.02382	0.001989
1917	2371	1.02382	0.001989
1917	2372	1.02382	0.001989
1917	2373	1.02382	0.001989
1917	2374	1.02382	0.001989
1917	2375	1.02382	0.001989
1917	2376	1.02382	0.001989
1917	2377	1.02382	0.001989
1917	2378	1.02382	0.001989
1917	2379	1.02382	0.001989
1917	2380	1.02382	0.001989
1917	2381	1.02382	0.001989
1917	2382	1.02382	0.001989
1917	2383	1.02382	0.001989
1917	2384	1.02382	0.001989
1917	2385	1.02382	0.001989
1917	2386	1.02382	0.001989
1917	2387	1.02382	0.001989
1917	2388	1.02382	0.001989
1917	2389	1.02382	0.001989
1917	2390	1.02382	0.001989
1917	2391	1.02382	0.001989
1917	2392	1.02382	0.001989
1917	2393	1.02382	0.001989
1917	2394	1.02382	0.001989
1917	2395	1.02382	0.001989
1917	2396	1.02382	0.001989
1917	2397	1.02382	0.001989
1917	2398	1.02382	0.001989
1917	2399	1.02382	0.001989
1917	2400	1.02382	0.001989
1917	2401	1.02382	0.001989
1917	2402	1.02382	0.001989
1917	2403	1.02382	0.001989
1917	2404	1.02382	0.001989
1917	2405	1.02382	0.001989
1917	2406	1.02382	0.001989
1917	2407	1.02382	0.001989
1917	2408	1.02382	0.001989
1917	2409	1.02382	0.001989
1917	2410	1.02382	0.001989
1917	2411	1.02382	0.001989
1917	2412	1.02382	0.001989
1917	2413	1.02382	0.001989
1917	2414	1.02382	0.001989
1917	2415	1.02382	0.001989
1917	2416	1.02382	0.001989
1917	2417	1.02382	0.001989
1917	2418	1.02382	0.001989
1917	2419	1.02382	0.001989
1917	2420	1.02382	0.001989
1917	2421	1.02382	0.001989
1917	2422	1.02382	0.001989
1917	2423	1.02382	0.001989
1917	2424	1.02382	0.001989
1917	2425	1.02382	0.001989
1917	2426	1.02382	0.001989
1917	2427	1.02382	0.001989
1917	2428	1.02382	0.001989
1917	2429	1.02382	0.001989
1917	2430	1.02382	0.001989
1917	2431	1.02382	0.001989
1917	2432	1.02382	0.001989
1917	2433	1.02382	0.001989
1917	2434	1.02382	0.001989
1917	2435	1.02382	0.001989
1917	2436	1.02382	0.001989
1917	2437	1.02382	0.001989
1917	2438	1.02382	0.001989
1917	2439	1.02382	0.001989
1917	2440	1.02382	0.001989
1917	2441	1.02382	0.001989
1917	2442	1.02382	0.001989
1917	2443	1.02382	0.001989
1917	2444	1.02382	0.001989
1917	2445	1.02382	0.001989
1917	2446	1.02382	0.001989
1917	2447	1.02382	0.001989
1917	2448	1.02382	0.001989
1917	2449	1.02382	0.001989
1917	2450	1.02382	0.001989
1917	2451	1.02382	0.001989
1917	2452	1.02382	0.001989
1917	2453	1.02382	0.001989
1917	2454	1.02382	0.001989
1917	2455	1.02382	0.001989
1917	2456	1.02382	0.001989
1917	2457	1.02382	0.001989
1917	2458	1.02382	0.001989
1917	2459	1.02382	0.001989
1917	2460	1.02382	0.001989
1917	2461	1.02382	0.001989
1917	2462	1.02382	0.001989
1917	2463	1.02382	0.001989
1917	2464	1.02382	0.001989
1917	2465	1.02382	0.001989
1917	2466	1.02382	0.001989
1917	2467	1.02382	0.001989
1917	2468	1.02382	0.001989
1917	2469	1.02382	0.001989
1917	2470	1.02382	0.001989
1917	2471	1.02382	0.001989
1917	2472	1.02382	0.001989
1917	2473	1.02382	0.001989
1917	2474	1.02382	0.001989
1917	2475	1.02382	0.001989
1917	2476	1.02382	0.001989
1917	2477	1.02382	0.001989
1917	2478	1.02382	0.001989
1917	2479	1.02382	0.001989
1917	2480	1.02382	0.001989
1917	2481	1.02382	0.001989
1917	2482	1.02382	0.001989
1917	2483	1.02382	0.001989
1917	2484	1.02382	0.001989
1917	2485	1.02382	0.001989
1917	2486	1.02382	0.001989
1917	2487	1.02382	0.001989
1917	2488	1.02382	0.001989
1917	2489	1.02382	0.001989
1917	2490	1.02382	0.001989
1917	2491	1.02382	0.001989
1917	2492	1.02382	0.001989
1917	2493	1.02382	0.001989
1917	2494	1.02382	0.001989
1917	2495	1.02382	0.001989
1917	2496	1.02382	0.001989
1917	2497	1.02382	0.001989
1917	2498	1.02382	0.001989
1917	2499	1.02382	0.001989
1917	2500	1.02382	0.001989
1917	2501	1.02382	0.001989
1917	2502	1.02382	0.001989
1917	2503	1.02382	0.001989
1917	2504	1.02382	0.001989
1917	2505	1.02382	0.001989
1917	2506	1.02382	0.001989
1917	2507	1.02382	0.001989
1917	2508	1.02382	0.001989
1917	2509	1.02382	0.001989
1917	2510	1.02382	0.001989
1917	2511	1.02382	0.001989
1917	2512	1.02382	0.001989
1917	2513	1.02382	0.001989
1917	2514	1.02382	0.001989
1917	2515	1.02382	0.001989
1917	2516	1.02382	0.001989
1917	2517	1.02382	0.001989
1917	2518	1.02382	0.001989
1917	2519	1.02382	0.001989
1917	2520	1.02382	0.001989
1917	2521	1.02382	0.001989
1917	2522	1.02382	0.001989
1917	2523	1.02382	0.001989
1917	2524	1.02382	0.001989
1917	2525	1.02382	0.001989
1917	2526	1.02382	0.001989
1917	2527	1.02382	0.001989
1917	2528	1.02382	0.001989
1917	2529	1.02382	0.001989
1917	2530	1.02382	0.001989
1917	2531	1.02382	0.001989
1917	2532	1.02382	0.001989
1917	2533	1.02382	0.001989
1917	2534	1.02382	0.001989
1917	2535	1.02382	0.001989
1917	2536	1.02382	0.001989
1917	2537	1.02382	0.001989
1917	2538	1.02382	0.001989
1917	2539	1.02382	0.001989
1917	2540	1.02382	0.001989
1917	2541	1.02382	0.001989
1917	2542	1.02382	0.001989
1917	2543	1.02382	0.001989
1917	2544	1.02382	0.001989
1917	2545	1.02382	0.001989
1917	2546	1.02382	0.001989
1917	2547	1.02382	0.001989
1917	2548	1.02382	0.001989
1917	2549	1.02382	0.001989
1917	2550	1.02382	0.001989
1917	2551	1.02382	0.001989
1917	2552	1.02382	0.001989
1917	2553	1.02382	0.001989
1917	2554	1.02382	0.001989
1917	2555	1.02382	0.001989
1917	2556	1.02382	0.001989
1917	2557	1.02382	0.001989
1917	2558	1.02382	0.001989
1917	2559	1.02382	0.001989
1917	2560	1.02382	0.001989
1917	2561	1.02382	0.001989
1917	2562	1.02382	0.001989
1917	2563	1.02382	0.001989
1917	2564	1.02382	0.001989
1917	2565	1.02382	0.001989
1917	2566	1.02382	0.001989
1917	2567	1.02382	0.001989
1917	2568	1.02382	0.001989
1917	2569	1.02382	0.001989
1917	2570	1.02382	0.001989
1917	2571	1.02382	0.001989
1917	2572	1.02382	0.001989
1917	2573	1.02382	0.001989
1917	2574	1.02382	0.001989
1917	2575	1.02382	0.001989
1917	2576	1.02382	0.001989
1917	2577	1.02382	0.001989
1917	2578	1.02382	0.001989
1917	2579	1.02382	0.001989
1917	2580	1.02382	0.001989
1917	2581	1.02382	0.001989
1917	2582	1.02382	0.001989
1917	2583	1.02382	0.001989
1917	2584	1.02382	0.001989
1917	2585	1.02382	0.001989
1917	2586	1.02382	0.001989
1917	2587	1.02382	0.001989
1917	2588	1.02382	0.001989
1917	2589	1.02382	0.001989
1917	2590	1.02382	0.001989
1917	2591	1.02382	0.001989
1917	2592	1.02382	0.001989
1917	2593	1.02382	0.001989
1917	2594	1.02382	0.001989
1917	2595	1.02382	0.001989
1917	2596	1.02382	0.001989
1917	2597	1.02382	0.001989
1917	2598	1.02382	0.001989
1917	2599	1.02382	0.001989
1917	2600	1.02382	0.001989
1917	2601	1.02382	0.001989
1917	2602	1.02382	0.001989
1917	2603	1.02382	0.001989
1917	2604	1.02382	0.001989
1917	2605	1.02382	0.001989
1917	2606	1.02382	0.001989
1917	2607	1.02382	0.001989
1917	2608	1.02382	0.001989
1917	2609	1.02382	0.001989
1917	2610	1.02382	0.001989
1917	2611	1.02382	0.001989
1917	2612	1.02382	0.001989
1917	2613	1.02382	0.001989
1917	2614	1.02382	0.001989
1917	2615	1.02382	0.001989
1917	2616	1.02382	0.001989
1917	2617	1.02382	0.001989
1917	2618	1.02382	0.001989
1917	2619	1.02382	0.001989
1917	2620	1.02382	0.001989
1917	2621	1.02382	0.001989
1917	2622	1.02382	0.001989
1917	2623	1.02382	0.001989
1917	2624	1.02382	0.001989
1917	2625	1.02382	0.001989
1917	2626	1.02382	0.001989
1917	2627	1.02382	0.001989
1917	2628	1.02382	0.001989
1917	2629	1.02382	0.001989
1917	2630	1.02382	0.001989
1917	2631	1.02382	0.001989
1917	2632	1.02382	0.001989
1917	2633	1.02382	0.001989
1917	2634	1.02382	0.001989
1917	2635	1.02382	0.001989
1917	2636	1.02382	0.001989
1917	2637	1.02382	0.001989
1917	2638	1.02382	0.001989
1917	2639	1.02382	0.001989
1917	2640	1.02382	0.001989
1917	2641	1.02382	0.001989
1917	2642	1.02382	0.001989
1917	2643	1.02382	0.001989
1917	2644	1.02382	0.001989
1917	2645	1.02382	0.001989
1917	2646	1.02382	0.001989
1917	2647	1.02382	0.001989
1917	2648	1.02382	0.001989
1917	2649	1.02382	0.001989
1917	2650	1.02382	0.001989
1917	2651	1.02382	0.001989
1917	2652	1.02382	0.001989
1917	2653	1.02382	0.001989
1917	2654	1.02382	0.001989
1917	2655	1.02382	0.001989
1917	2656	1.02382	0.001989
1917	2657	1.02382	0.001989
1917	2658	1.02382	0.001989
1917	2659	1.02382	0.001989
1917	2660	1.02382	0.001989
1917	2661	1.02382	0.001989
1917	2662	1.02382	0.001989
1917	2663	1.02382	0.001989
1917	2664	1.02382	0.001989
1917	2665	1.02382	0.001989
1917	2666	1.02382	0.001989
1917	2667	1.02382	0.001989
1917	2668	1.02382	0.001989
1917	2669	1.02382	0.001989
1917	2670	1.02382	0.001989
1917	2671	1.02382	0.001989
1917	2672	1.02382	0.001989
1917	2673	1.02382	0.001989
1917	2674	1.02382	0.001989
1917	2675	1.02382	0.001989
1917	2676	1.02382	0.001989
1917	2677	1.02382	0.001989
1917	2678	1.02382	0.001989
1917	2679	1.02382	0.001989
1917	2680	1.02382	0.001989
1917	2681	1.02382	0.001989
1917	2682	1.02382	0.001989
1917	2683	1.02382	0.001989
1917	2684	1.02382	0.001989
1917	2685	1.02382	0.001989
1917	2686	1.02382	0.001989
1917	2687	1.02382	0.001989
1917	2688	1.02382	0.001989
1917	2689	1.02382	0.001989
1917	2690	1.02382	0.001989
1917	2691	1.02382	0.001989
1917	2692	1.02382	0.001989
1917	2693	1.02382	0.001989
1917	2694	1.02382	0.001989
1917	2695	1.02382	0.001989
1917	2696	1.02382	0.001989
1917	2697	1.02382	0.001989
1917	2698	1.02382	0.001989
1917	2699	1.02382	0.001989
1917	2700	1.02382	0.001989
1917	2701	1.02382	0.001989
1917	2702	1.02382	0.001989
1917	2703	1.02382	0.001989
1917	2704	1.02382	0.001989
1917	2705	1.02382	0.001989
1917	2706	1.02382	0.001989
1917	2707	1.02382	0.001989
1917	2708	1.02382	0.001989
1917	2709	1.02382	0.001989
1917	2710	1.02382	0.001989
1917	2711	1.02382	0.001989
1917	2712	1.02382	0.001989
1917	2713	1.02382	0.001989
1917	2714	1.02382	0.001989
1917	2715	1.02382	0.001989
1917	2716	1.02382	0.001989
1917	2717	1.02382	0.001989
1917	2718	1.02382	0.001989
1917	2719	1.02382	0.001989
1917	2720	1.02382	0.001989
1917	2721	1.02382	0.001989
1917	2722	1.02382	0.001989
1917	2723	1.02382	0.001989
1917	2724	1.02382	0.001989
1917	2725	1.02382	0.001989
1917	2726	1.02382	0.001989
1917	2727	1.02382	0.001989
1917	2728	1.02382	0.001989
1917	2729	1.02382	0.001989
1917	2730	1.02382	0.001989
1917	2731	1.02382	0.001989
1917	2732	1.02382	0.001989
1917	2733	1.02382	0.001989
1917	2734	1.02382	0.001989
1917	2735	1.02382	0.001989
1917	2736	1.02382	0.001989
1917	2737	1.02382	0.001989
1917	2738	1.02382	0.001989
1917	2739	1.02382	0.001989
1917	2740	1.02382	0.001989
1917	2741	1.02382	0.001989
1917	2742	1.02382	0.001989
1917	2743	1.02382	0.001989
1917	2744	1.02382	0.001989
1917	2745	1.02382	0.001989
1917	2746	1.02382	0.001989
1917	2747	1.02382	0.001989
1917	2748	1.02382	0.001989
1917	2749	1.02382	0.001989
1917	2750	1.02382	0.001989
1917	2751	1.02382	0.001989
1917	2752	1.02382	0.001989
1917	2753	1.02382	0.001989
1917	2754	1.02382	0.001989
1917	2755	1.02382	0.001989
1917	2756	1.02382	0.001989
1917	2757	1.02382	0.001989
1917	2758	1.02382	0.001989
1917	2759	1.02382	0.001989
1917	2760	1.02382	0.001989
1917	2761	1.02382	0.001989
1917	2762	1.02382	0.001989
1917	2763	1.02382	0.001989
1917	2764	1.02382	0.001989
1917	2765	1.02382	0.001989
1917	2766	1.02382	0.001989
1917	2767	1.02382	0.001989
1917	2768	1.02382	0.001989
1917	2769	1.02382	0.001989
1917	2770	1.02382	0.001989
1917	2771	1.02382	0.001989
1917	2772	1.02382	0.001989
1917	2773	1.02382	0.001989
1917	2774	1.02382	0.001989
1917	2775	1.02382	0.001989
1917	2776	1.02382	0.001989
1917	2777	1.02382	0.001989
1917	2778	1.02382	0.001989
1917	2779	1.02382	0.001989
1917	2780	1.02382	0.001989
1917	2781	1.02382	0.001989
1917	2782	1.02382	0.001989
1917	2783	1.02382	0.001989
1917	2784	1.02382	0.001989
1917	2785	1.02382	0.001989
1917	2786	1.02382	0.001989
1917	2787	1.02382	0.001989
1917	2788	1.02382	0.001989
1917	2789	1.02382	0.001989
1917	2790	1.02382	0.001989
1917	2791	1.02382	0.001989
1917	2792	1.02382	0.001989
1917	2793	1.02382	0.001989
1917	2794	1.02382	0.001989
1917	2795	1.02382	0.001989
1917	2796	1.02382	0.001989
1917	2797	1.02382	0.001989
1917	2798	1.02382	0.001989
1917	2799	1.02382	0.001989
1917	2800	1.02382	0.001989
1917	2801	1.02382	0.001989
1917	2802	1.02382	0.001989
1917	2803	1.02382	0.001989
1917	2804	1.02382	0.001989
1917	2805	1.02382	0.001989
1917	2806	1.02382	0.001989
1917	2807	1.02382	0.001989
1917	2808	1.02382	0.001989
1917	2809	1.02382	0.001989
1917	2810	1.02382	0.001989
1917	2811	1.02382	0.001989
1917	2812	1.02382	0.001989
1917	2813	1.02382	0.001989
1917	2814	1.02382	0.001989
1917	2815	1.02382	0.001989
1917	2816	1.02382	0.001989
1917	2817	1.02382	0.001989
1917	2818	1.02382	0.001989
1917	2819	1.02382	0.001989
1917	2820	1.02382	0.001989
1917	2821	1.02382	0.001989
1917	2822	1.02382	0.001989
1917	2823	1.02382	0.001989
1917	2824	1.02382	0.001989
1917	2825	1.02382	0.001989
1917	2826	1.02382	0.001989
1917	2827	1.02382	0.001989
1917	2828	1.02382	0.001989
1917	2829	1.02382	0.001989
1917	2830	1.02382	0.001989
1917	2831	1.02382	0.001989
1917	2832	1.02382	0.001989
1917	2833	1.02382	0.001989
1917	2834	1.02382	0.001989
1917	2835	1.02382	0.001989
1917	2836	1.02382	0.001989
1917	2837	1.02382	0.001989
1917	2838	1.02382	0.001989
1917	2839	1.02382	0.001989
1917	2840	1.02382	0.001989
1917	2841	1.02382	0.001989
1917	2842	1.02382	0.001989
1917	2843	1.02382	0.001989
1917	2844	1.02382	0.001989
1917	2845	1.02382	0.001989
1917	2846	1.02382	0.001989
1917	2847	1.02382	0.001989
1917	2848	1.02382	0.001989
1917	2849	1.02382	0.001989
1917	2850	1.02382	0.001989
1917	2851	1.02382	0.001989
1917	2852	1.02382	0.001989
1917	2853	1.02382	0.001989
1917	2854	1.02382	0.001989
1917	2855	1.02382	0.001989
1917	2856	1.02382	0.001989
1917	2857	1.02382	0.001989
1917	2858	1.02382	0.001989
1917	2859	1.02382	0.001989
1917	2860	1.02382	0.001989
1917	2861	1.02382	0.001989
1917	2862	1.02382	0.001989
1917	2863	1.02382	0.001989
1917	2864	1.02382	0.001989
1917	2865	1.02382	0.001989
1917	2866	1.02382	0.001989
1917	2867	1.02382	0.001989
1917	2868	1.02382	0.001989
1917	2869	1.02382	0.001989
1917	2870	1.02382	0.001989
1917	2871	1.02382	0.001989
1917	2872	1.02382	0.001989
1917	2873	1.02382	0.001989
1917	2874	1.02382	0.001989
1917	2875	1.02382	0.001989
1917	2876	1.02382	0.001989
1917	2877	1.02382	0.001989
1917	2878	1.02382	0.001989
1917	2879	1.02382	0.001989
1917	2880	1.02382	0.001989
1917	2881	1.02382	0.001989
1917	2882	1.02382	0.001989
1917	2883	1.02382	0.001989
1917	2884	1.02382	0.001989
1917	2885	1.02382	0.001989
1917	2886	1.02382	0.001989
1917	2887	1.02382	0.001989
1917	2888	1.02382	0.001989
1917	2889	1.02382	0.001989
1917	2890	1.02382	0.001989
1917	2891	1.02382	0.001989
1917	2892	1.02382	0.001989
1917	2893	1.02382	0.001989
1917	2894	1.02382	0.001989
1917	2895	1.02382	0.001989
1917	2896	1.02382	0.001989
1917	2897	1.02382	0.001989
1917	2898	1.02382	0.001989
1917	2899	1.02382	0.001989
1917	2900	1.02382	0.001989
1917	2901	1.02382	0.001989
1917	2902	1.02382	0.001989
1917	2903	1.02382	0.001989
1917	2904	1.02382	0.001989
1917	2905	1.02382	0.001989
1917	2906	1.02382	0.001989
1917	2907	1.02382	0.001989
1917	2908	1.02382	0.001989
1917	2909	1.02382	0.001989
1917	2910	1.02382	0.001989
1917	2911	1.02382	0.001989
1917	2912	1.02382	0.001989
1917	2913	1.02382	0.001989
1917	2914	1.02382	0.001989
1917	2915	1.02382	0.001989
1917	2916	1.02382	0.001989
1917	2917	1.02382	0.001989
1917	2918	1.02382	0.001989
1917	2919	1.02382	0.001989
1917	2920	1.02382	0.001989
1917	2921	1.02382	0.001989
1917	2922	1.02382	0.001989
1917	2923	1.02382	0.001989
1917	2924	1.02382	0.001989
1917	2925	1.02382	0.001989
1917	2926	1.02382	0.001989
1917	2927	1.02382	0.001989
1917	2928	1.02382	0.001989
1917	2929	1.02382	0.001989
1917	2930	1.02382	0.001989
1917	2931	1.02382	0.001989
1917	2932	1.02382	0.001989
1917	2933	1.02382	0.001989
1917	2934	1.02382	0.001989
1917	2935	1.02382	0.001989
1917	2936	1.02382	0.001989
1917	2937	1.02382	0.001989
1917	2938	1.02382	0.001989
1917	2939	1.02382	0.001989
1917	2940	1.02382	0.001989
1917	2941	1.02382	0.001989
1917	2942	1.02382	0.001989
1917	2943	1.02382	0.001989
1917	2944	1.02382	0.001989
1917	2945	1.02382	0.001989
1917	2946	1.02382	0.001989
1917	2947	1.02382	0.001989
1917	2948	1.02382	0.001989
1917	2949	1.02382	0.001989
1917	2950	1.02382	0.001989
1917	2951	1.02382	0.001989
1917	2952	1.02382	0.001989
1917	2953	1.02382	0.001989
1917	2954	1.02382	0.001989
1917	2955	1.02382	0.001989
1917	2956	1.02382	0.001989
1917	2957	1.02382	0.001989
1917	2958	1.02382	0.001989
1917	2959	1.02382	0.001989
1917	2960	1.02382	0.001989
1917	2961	1.02382	0.001989
1917	2962	1.02382	0.001989
1917	2963	1.02382	0.001989
1917	2964	1.02382	0.001989
1917	2965	1.02382	0.001989
1917	2966	1.02382	0.001989
1917	2967	1.02382	0.001989
1917	2968	1.02382	0.001989
1917	2969	1.02382	0.001989
1917	2970	1.02382	0.001989
1917	2971	1.02382	0.001989
1917	2972	1.02382	0.001989
1917	2973	1.02382	0.001989
1917	2974	1.02382	0.001989
1917	2975	1.02382	0.001989
1917	2976	1.02382	0.001989
1917	2977	1.02382	0.001989
1917	2978	1.02382	0.001989
1917	2979	1.02382	0.001989
1917	2980	1.02382	0.001989
1917	2981	1.02382	0.001989
1917	2982	1.02382	0.001989
1917	2983	1.02382	0.001989
1917	2984	1.02382	0.001989
1917	2985	1.02382	0.001989
1917	2986	1.02382	0.001989
1917	2987	1.02382	0.001989
1917	2988	1.02382	0.001989
1917	2989	1.02382	0.001989
1917	2990	1.02382	0.001989
1917	2991	1.02382	0.001989
1917	2992	1.02382	0.001989
1917	2993	1.02382	0.001989
1917	2994	1.02382	0.001989
1917	2995	1.02382	0.001989
1917	2996	1.02382	0.001989
1917	2997	1.02382	0.001989
1917	2998	1.02382	0.001989
1917	2999	1.02382	0.001989
1917	3000	1.02382	0.001989
1917	3001	1.02382	0.001989
1917	3002	1.02382	0.001989
1917	3003	1.02382	0.001989
1917	3004	1.02382	0.001989
1917	3005	1.02382	0.001989
1917	3006	1.02382	0.001989
1917	3007	1.02382	0.001989
1917	3008	1.02382	0.001989
1917	3009	1.02382	0.001989
1917	3010	1.02382	0.001989
1917	3011	1.02382	0.001989
1917	3012	1.02382	0.001989
1917	3013	1.02382	0.001989
1917	3014	1.02382	0.001989
1917	3015	1.02382	0.001989
1917	3016	1.02382	0.001989
1917	3017	1.02382	0.001989
1917	3018	1.02382	0.001989
1917	3019	1.02382	0.001989
1917	3020	1.02382	0.001989
1917	3021	1.02382	0.001989
1917	3022	1.02382	0.001989
1917	3023	1.02382	0.001989
1917	3024	1.02382	0.001989
1917	3025	1.02382	0.001989
1917	3026	1.02382	0.001989
1917	3027	1.02382	0.001989
1917	3028	1.02382	0.001989
1917	3029	1.02382	0.001989
1917	3030	1.02382	0.001989
1917	3031	1.02382	0.001989
1917	3032	1.02382	0.001989
1917	3033	1.02382	0.001989
1917	3034	1.02382	0.001989
1917	3035	1.02382	0.001989
1917	3036	1.02382	0.001989
1917	3037	1.02382	0.001989
1917	3038	1.02382	0.001989
1917	3039	1.02382	0.001989
1917	3040	1.02382	0.001989
1917	3041	1.02382	0.001989
1917	3042	1.02382	0.001989
1917	3043	1.02382	0.001989
1917	3044	1.02382	0.001989
1917	3045	1.02382	0.001989
1917	3046	1.02382	0.001989
1917	3047	1.02382	0.001989
1917	3048	1.02382	0.001989
1917	3049	1.02382	0.001989
1917	3050	1.02382	0.001989
1917	3051	1.02382	0.001989
1917	3052	1.02382	0.001989
1917	3053	1.02382	0.001989
1917	3054	1.02382	0.001989
1917	3055	1.02382	0.001989
1917	3056	1.02382	0.001989
1917	3057	1.02382	0.001989
1917	3058	1.02382	0.001989
1917	3059	1.02382	0.001989
1917	3060	1.02382	0.001989
1917	3061	1.02382	0.001989
1917	3062	1.02382	0.001989
1917	3063	1.02382	0.001989
1917	3064	1.02382	0.001989
1917	3065	1.02382	0.001989
1917	3066	1.02382	0.001989
1917	3067	1.02382	0.001989
1917	3068	1.02382	0.001989
1917	3069	1.02382	0.001989
1917	3070	1.02382	0.001989
1917	3071	1.02382	0.001989
1917	3072	1.02382	0.001989
1917	3073	1.02382	0.001989
1917	3074	1.02382	0.001989
1917	3075	1.02382	0.001989
1917	3076	1.02382	0.001989
1917	3077	1.02382	0.001989
1917	3078	1.02382	0.001989
1917	3079	1.02382	0.001989
1917	3080	1.02382	0.001989
1917	3081	1.02382	0.001989
1917	3082	1.02382	0.001989
1917	3083	1.02382	0.001989
1917	3084	1.02382	0.001989
1917	3085	1.02382	0.001989
1917	3086	1.02382	0.001989
1917	3087	1.02382	0.001989
1917	3088	1.02382	0.001989
1917	3089	1.02382	0.001989
1917	3090	1.02382	0.001989
1917	3091	1.02382	0.001989
1917	3092	1.02382	0.001989
1917	3093	1.02382	0.001989
1917	3094	1.02382	0.001989
1917	3095	1.02382	0.001989
1917	3096	1.02382	0.001989
1917	3097	1.02382	0.001989
1917	3098	1.02382	0.001989
1917	3099	1.02382	0.001989
1917	3100	1.02382	0.001989
1917	3101	1.02382	0.001989
1917	3102	1.02382	0.001989
1917	3103	1.02382	0.001989
1917	3104	1.02382	0.001989
1917	3105	1.02382	0.001989
1917	3106	1.02382	0.001989
1917	3107	1.02382	0.001989
1917	3108	1.02382	0.001989
1917	3109	1.02382	0.001989
1917	3110	1.02382	0.001989
1917	3111	1.02382	0.001989
1917	3112	1.02382	0.001989
1917	3113	1.02382	0.001989
1917	3114	1.02382	0.001989
1917	3115	1.02382	0.001989
1917	3116	1.02382	0.001989
1917	3117	1.02382	0.001989
1917	3118	1.02382	0.001989
1917	3119	1.02382	0.001989
1917	3120	1.02382	0.001989
1917	3121	1.02382	0.001989
1917	3122	1.02382	0.001989
1917	3123	1.02382	0.001989
1917	3124	1.02382	0.001989
1917	3125	1.02382	0.001989
1917	3126	1.02382	0.001989
1917	3127	1.02382	0.001989
1917	3128	1.02382	0.001989
1917	3129	1.02382	0.001989
1917	3130	1.02382	0.001989
1917	3131	1.02382	0.001989
1917	3132	1.02382	0.001989
1917	3133	1.02382	0.001989
1917	3134	1.02382	0.001989
1917	3135	1.02382	0.001989
1917	3136	1.02382	0.001989
1917	3137	1.02382	0.001989
1917	3138	1.02382	0.001989
1917	3139	1.02382	0.001989
1917	3140	1.02382	0.001989
1917	3141	1.02382	0.001989
1917	3142	1.02382	0.001989
1917	3143	1.02382	0.001989
1917	3144	1.02382	0.001989
1917	3145	1.02382	0.001989
1917	3146	1.02382	0.001989
1917	3147	1.02382	0.001989
1917	3148	1.02382	0.001989
1917	3149	1.02382	0.001989
1917	3150	1.02382	0.001989
1917	3151	1.02382	0.001989
1917	3152	1.02382	0.001989
1917	3153	1.02382	0.001989
1917	3154	1.02382	0.001989
1917	3155	1.02382	0.001989
1917	3156	1.02382	0.001989
1917	3157	1.02382	0.001989
1917	3158	1.02382	0.001989
1917	3159	1.02382	0.001989
1917	3160	1.02382	0.001989
1917	3161	1.02382	0.001989
1917	3162	1.02382	0.001989
1917	3163	1.02382	0.001989
1917	3164	1.02382	0.001989
1917	3165	1.02382	0.001989
1917	3166	1.02382	0.001989
1917	3167	1.02382	0.001989
1917	3168	1.02382	0.001989
1917	3169	1.02382	0.001989
1917	3170	1.02382	0.001989
1917	3171	1.02382	0.001989
1917	3172	1.02382	0.001989
1917	3173	1.02382	0.001989
1917	3174	1.02382	0.001989
1917	3175	1.02382	0.001989
1917	3176	1.02382	0.001989
1917	3177	1.02382	0.001989
1917	3178	1.02382	0.001989
1917	3179	1.02382	0.001989
1917	3180	1.02382	0.001989
1917	3181	1.02382	0.001989
1917	3182	1.02382	0.001989
1917	3183	1.02382	0.001989
1917	3184	1.02382	0.001989
1917	3185	1.02382	0.001989
1917	3186	1.02382	0.001989
1917	3187	1.02382	0.001989
1917	3188	1.02382	0.001989
1917	3189	1.02382	0.001989
1917	3190	1.02382	0.001989
1917	3191	1.02382	0.001989
1917	3192	1.02382	0.001989
1917	3193	1.02382	0.001989
1917	3194	1.02382	0.001989
1917	3195	1.02382	0.001989
1917	3196	1.02382	0.001989
1917	3197	1.02382	0.001989
1917	3198	1.02382	0.001989
1917	3199	1.02382	0.001989
1917	3200	1.02382	0.001989
1917	3201	1.02382	0.001989
1917	3202	1.02382	0.001989
1917	3203	1.02382	0.001989
1917	3204	1.02382	0.001989
1917	3205	1.02382	0.001989
1917	3206	1.02382	0.001989
1917	3207	1.02382	0.001989
1917	3208	1.02382	0.001989
1917	3209	1.02382	0.001989
1917	3210	1.02382	0.001989
1917	3211	1.02382	0.001989
1917	3212	1.02382	0.001989
1917	3213	1.02382	0.001989
1917	3214	1.02382	0.001989
1917	3215	1.02382	0.001989
1917	3216	1.02382	0.001989
1917	3217	1.02382	0.001989
1917	3218	1.02382	0.001989
1917	3219	1.02382	0.001989
1917	3220	1.02382	0.001989
1917	3221	1.02382	0.001989
1917	3222	1.02382	0.001989
1917	3223	1.02382	0.001989
1917	3224	1.02382	0.001989
1917	3225	1.02382	0.001989
1917	3226	1.02382	0.001989
1917	3227	1.02382	0.001989
1917	3228	1.02382	0.001989
1917	3229	1.02382	0.001989
1917	3230	1.02382	0.001989
1917	3231	1.02382	0.001989
1917	3232	1.02382	0.001989
1917	3233	1.02382	0.001989
1917	3234	1.02382	0.001989
1917	3235	1.02382	0.001989
1917	3236	1.02382	0.001989
1917	3237	1.02382	0.001989
1917	3238	1.02382	0.001989
1917	3239	1.02382	0.001989
1917	3240	1.02382	0.001989
1917	3241	1.02382	0.001989
1917	3242	1.02382	0.001989
1917	3243	1.02382	0.001989
1917	3244	1.02382	0.001989
1917	3245	1.02382	0.001989
1917	3246	1.02382	0.001989
1917	3247	1.02382	0.001989
1917	3248	1.02382	0.001989
1917	3249	1.02382	0.001989
1917	3250	1.02382	0.001989
1917	3251	1.02382	0.001989
1917	3252	1.02382	0.001989
1917	3253	1.02382	0.001989
1917	3254	1.02382	0.001989
1917	3255	1.02382	0.001989
1917	3256	1.02382	0.001989
1917	3257	1.02382	0.001989
1917	3258	1.02382	0.001989
1917	3259	1.02382	0.001989
1917	3260	1.02382	0.001989
1917	3261	1.02382	0.001989
1917	3262	1.02382	0.001989
1917	3263	1.02382	0.001989
1917	3264	1.02382	0.001989
1917	3265	1.02382	0.001989
1917	3266	1.02382	0.001989
1917	3267	1.02382	0.001989
1917	3268	1.02382	0.001989
1917	3269	1.02382	0.001989
1917	3270	1.02382	0.001989
1917	3271	1.02382	0.001989
1917	3272	1.02382	0.001989
1917	3273	1.02382	0.001989
1917	3274	1.02382	0.001989
1917	3275	1.02382	0.001989
1917	3276	1.02382	0.001989
1917	3277	1.02382	0.001989
1917	3278	1.02382	0.001989
1917	3279	1.02382	0.001989
1917	3280	1.02382	0.001989
1917	3281	1.02382	0.001989
1917	3282	1.02382	0.001989
1917	3283	1.02382	0.001989
1917	3284	1.02382	0.001989
1917	3285	1.02382	0.001989
1917	3286	1.02382	0.001989
1917	3287	1.02382	0.001989
1917	3288	1.02382	0.001989
1917	3289	1.02382	0.001989
