1870	0	1.02495	0.00198269
1870	1	1.02495	0.00198269
1870	2	1.02495	0.00198269
1870	3	1.02495	0.00198269
1870	4	1.02495	0.00198269
1870	5	1.02495	0.00198269
1870	6	1.02495	0.00198269
1870	7	1.02495	0.00198269
1870	8	1.02495	0.00198269
1870	9	1.02495	0.00198269
1870	10	1.02495	0.00198269
1870	11	1.02495	0.00198269
1870	12	1.02495	0.00198269
1870	13	1.02495	0.00198269
1870	14	1.02495	0.00198269
1870	15	1.02495	0.00198269
1870	16	1.02495	0.00198269
1870	17	1.02495	0.00198269
1870	18	1.02495	0.00198269
1870	19	1.02495	0.00198269
1870	20	1.02495	0.00198269
1870	21	1.02495	0.00198269
1870	22	1.02495	0.00198269
1870	23	1.02495	0.00198269
1870	24	1.02495	0.00198269
1870	25	1.02495	0.00198269
1870	26	1.02495	0.00198269
1870	27	1.02495	0.00198269
1870	28	1.02495	0.00198269
1870	29	1.02495	0.00198269
1870	30	1.02495	0.00198269
1870	31	1.02495	0.00198269
1870	32	1.02495	0.00198269
1870	33	1.02495	0.00198269
1870	34	1.02495	0.00198269
1870	35	1.02495	0.00198269
1870	36	1.02495	0.00198269
1870	37	1.02495	0.00198269
1870	38	1.02495	0.00198269
1870	39	1.02495	0.00198269
1870	40	1.02495	0.00198269
1870	41	1.02495	0.00198269
1870	42	1.02495	0.00198269
1870	43	1.02495	0.00198269
1870	44	1.02495	0.00198269
1870	45	1.02495	0.00198269
1870	46	1.02495	0.00198269
1870	47	1.02495	0.00198269
1870	48	1.02495	0.00198269
1870	49	1.02495	0.00198269
1870	50	1.02495	0.00198269
1870	51	1.02495	0.00198269
1870	52	1.02495	0.00198269
1870	53	1.02495	0.00198269
1870	54	1.02495	0.00198269
1870	55	1.02495	0.00198269
1870	56	1.02495	0.00198269
1870	57	1.02495	0.00198269
1870	58	1.02495	0.00198269
1870	59	1.02495	0.00198269
1870	60	1.02495	0.00198269
1870	61	1.02495	0.00198269
1870	62	1.02495	0.00198269
1870	63	1.02495	0.00198269
1870	64	1.02495	0.00198269
1870	65	1.02495	0.00198269
1870	66	1.02495	0.00198269
1870	67	1.02495	0.00198269
1870	68	1.02495	0.00198269
1870	69	1.02495	0.00198269
1870	70	1.02495	0.00198269
1870	71	1.02495	0.00198269
1870	72	1.02495	0.00198269
1870	73	1.02495	0.00198269
1870	74	1.02495	0.00198269
1870	75	1.02495	0.00198269
1870	76	1.02495	0.00198269
1870	77	1.02495	0.00198269
1870	78	1.02495	0.00198269
1870	79	1.02495	0.00198269
1870	80	1.02495	0.00198269
1870	81	1.02495	0.00198269
1870	82	1.02495	0.00198269
1870	83	1.02495	0.00198269
1870	84	1.02495	0.00198269
1870	85	1.02495	0.00198269
1870	86	1.02495	0.00198269
1870	87	1.02495	0.00198269
1870	88	1.02495	0.00198269
1870	89	1.02495	0.00198269
1870	90	1.02495	0.00198269
1870	91	1.02495	0.00198269
1870	92	1.02495	0.00198269
1870	93	1.02495	0.00198269
1870	94	1.02495	0.00198269
1870	95	1.02495	0.00198269
1870	96	1.02495	0.00198269
1870	97	1.02495	0.00198269
1870	98	1.02495	0.00198269
1870	99	1.02495	0.00198269
1870	100	1.02495	0.00198269
1870	101	1.02495	0.00198269
1870	102	1.02495	0.00198269
1870	103	1.02495	0.00198269
1870	104	1.02495	0.00198269
1870	105	1.02495	0.00198269
1870	106	1.02495	0.00198269
1870	107	1.02495	0.00198269
1870	108	1.02495	0.00198269
1870	109	1.02495	0.00198269
1870	110	1.02495	0.00198269
1870	111	1.02495	0.00198269
1870	112	1.02495	0.00198269
1870	113	1.02495	0.00198269
1870	114	1.02495	0.00198269
1870	115	1.02495	0.00198269
1870	116	1.02495	0.00198269
1870	117	1.02495	0.00198269
1870	118	1.02495	0.00198269
1870	119	1.02495	0.00198269
1870	120	1.02495	0.00198269
1870	121	1.02495	0.00198269
1870	122	1.02495	0.00198269
1870	123	1.02495	0.00198269
1870	124	1.02495	0.00198269
1870	125	1.02495	0.00198269
1870	126	1.02495	0.00198269
1870	127	1.02495	0.00198269
1870	128	1.02495	0.00198269
1870	129	1.02495	0.00198269
1870	130	1.02495	0.00198269
1870	131	1.02495	0.00198269
1870	132	1.02495	0.00198269
1870	133	1.02495	0.00198269
1870	134	1.02495	0.00198269
1870	135	1.02495	0.00198269
1870	136	1.02495	0.00198269
1870	137	1.02495	0.00198269
1870	138	1.02495	0.00198269
1870	139	1.02495	0.00198269
1870	140	1.02495	0.00198269
1870	141	1.02495	0.00198269
1870	142	1.02495	0.00198269
1870	143	1.02495	0.00198269
1870	144	1.02495	0.00198269
1870	145	1.02495	0.00198269
1870	146	1.02495	0.00198269
1870	147	1.02495	0.00198269
1870	148	1.02495	0.00198269
1870	149	1.02495	0.00198269
1870	150	1.02495	0.00198269
1870	151	1.02495	0.00198269
1870	152	1.02495	0.00198269
1870	153	1.02495	0.00198269
1870	154	1.02495	0.00198269
1870	155	1.02495	0.00198269
1870	156	1.02495	0.00198269
1870	157	1.02495	0.00198269
1870	158	1.02495	0.00198269
1870	159	1.02495	0.00198269
1870	160	1.02495	0.00198269
1870	161	1.02495	0.00198269
1870	162	1.02495	0.00198269
1870	163	1.02495	0.00198269
1870	164	1.02495	0.00198269
1870	165	1.02495	0.00198269
1870	166	1.02495	0.00198269
1870	167	1.02495	0.00198269
1870	168	1.02495	0.00198269
1870	169	1.02495	0.00198269
1870	170	1.02495	0.00198269
1870	171	1.02495	0.00198269
1870	172	1.02495	0.00198269
1870	173	1.02495	0.00198269
1870	174	1.02495	0.00198269
1870	175	1.02495	0.00198269
1870	176	1.02495	0.00198269
1870	177	1.02495	0.00198269
1870	178	1.02495	0.00198269
1870	179	1.02495	0.00198269
1870	180	1.02495	0.00198269
1870	181	1.02495	0.00198269
1870	182	1.02495	0.00198269
1870	183	1.02495	0.00198269
1870	184	1.02495	0.00198269
1870	185	1.02495	0.00198269
1870	186	1.02495	0.00198269
1870	187	1.02495	0.00198269
1870	188	1.02495	0.00198269
1870	189	1.02495	0.00198269
1870	190	1.02495	0.00198269
1870	191	1.02495	0.00198269
1870	192	1.02495	0.00198269
1870	193	1.02495	0.00198269
1870	194	1.02495	0.00198269
1870	195	1.02495	0.00198269
1870	196	1.02495	0.00198269
1870	197	1.02495	0.00198269
1870	198	1.02495	0.00198269
1870	199	1.02495	0.00198269
1870	200	1.02495	0.00198269
1870	201	1.02495	0.00198269
1870	202	1.02495	0.00198269
1870	203	1.02495	0.00198269
1870	204	1.02495	0.00198269
1870	205	1.02495	0.00198269
1870	206	1.02495	0.00198269
1870	207	1.02495	0.00198269
1870	208	1.02495	0.00198269
1870	209	1.02495	0.00198269
1870	210	1.02495	0.00198269
1870	211	1.02495	0.00198269
1870	212	1.02495	0.00198269
1870	213	1.02495	0.00198269
1870	214	1.02495	0.00198269
1870	215	1.02495	0.00198269
1870	216	1.02495	0.00198269
1870	217	1.02495	0.00198269
1870	218	1.02495	0.00198269
1870	219	1.02495	0.00198269
1870	220	1.02495	0.00198269
1870	221	1.02495	0.00198269
1870	222	1.02495	0.00198269
1870	223	1.02495	0.00198269
1870	224	1.02495	0.00198269
1870	225	1.02495	0.00198269
1870	226	1.02495	0.00198269
1870	227	1.02495	0.00198269
1870	228	1.02495	0.00198269
1870	229	1.02495	0.00198269
1870	230	1.02495	0.00198269
1870	231	1.02495	0.00198269
1870	232	1.02495	0.00198269
1870	233	1.02495	0.00198269
1870	234	1.02495	0.00198269
1870	235	1.02495	0.00198269
1870	236	1.02495	0.00198269
1870	237	1.02495	0.00198269
1870	238	1.02495	0.00198269
1870	239	1.02495	0.00198269
1870	240	1.02495	0.00198269
1870	241	1.02495	0.00198269
1870	242	1.02495	0.00198269
1870	243	1.02495	0.00198269
1870	244	1.02495	0.00198269
1870	245	1.02495	0.00198269
1870	246	1.02495	0.00198269
1870	247	1.02495	0.00198269
1870	248	1.02495	0.00198269
1870	249	1.02495	0.00198269
1870	250	1.02495	0.00198269
1870	251	1.02495	0.00198269
1870	252	1.02495	0.00198269
1870	253	1.02495	0.00198269
1870	254	1.02495	0.00198269
1870	255	1.02495	0.00198269
1870	256	1.02495	0.00198269
1870	257	1.02495	0.00198269
1870	258	1.02495	0.00198269
1870	259	1.02495	0.00198269
1870	260	1.02495	0.00198269
1870	261	1.02495	0.00198269
1870	262	1.02495	0.00198269
1870	263	1.02495	0.00198269
1870	264	1.02495	0.00198269
1870	265	1.02495	0.00198269
1870	266	1.02495	0.00198269
1870	267	1.02495	0.00198269
1870	268	1.02495	0.00198269
1870	269	1.02495	0.00198269
1870	270	1.02495	0.00198269
1870	271	1.02495	0.00198269
1870	272	1.02495	0.00198269
1870	273	1.02495	0.00198269
1870	274	1.02495	0.00198269
1870	275	1.02495	0.00198269
1870	276	1.02495	0.00198269
1870	277	1.02495	0.00198269
1870	278	1.02495	0.00198269
1870	279	1.02495	0.00198269
1870	280	1.02495	0.00198269
1870	281	1.02495	0.00198269
1870	282	1.02495	0.00198269
1870	283	1.02495	0.00198269
1870	284	1.02495	0.00198269
1870	285	1.02495	0.00198269
1870	286	1.02495	0.00198269
1870	287	1.02495	0.00198269
1870	288	1.02495	0.00198269
1870	289	1.02495	0.00198269
1870	290	1.02495	0.00198269
1870	291	1.02495	0.00198269
1870	292	1.02495	0.00198269
1870	293	1.02495	0.00198269
1870	294	1.02495	0.00198269
1870	295	1.02495	0.00198269
1870	296	1.02495	0.00198269
1870	297	1.02495	0.00198269
1870	298	1.02495	0.00198269
1870	299	1.02495	0.00198269
1870	300	1.02495	0.00198269
1870	301	1.02495	0.00198269
1870	302	1.02495	0.00198269
1870	303	1.02495	0.00198269
1870	304	1.02495	0.00198269
1870	305	1.02495	0.00198269
1870	306	1.02495	0.00198269
1870	307	1.02495	0.00198269
1870	308	1.02495	0.00198269
1870	309	1.02495	0.00198269
1870	310	1.02495	0.00198269
1870	311	1.02495	0.00198269
1870	312	1.02495	0.00198269
1870	313	1.02495	0.00198269
1870	314	1.02495	0.00198269
1870	315	1.02495	0.00198269
1870	316	1.02495	0.00198269
1870	317	1.02495	0.00198269
1870	318	1.02495	0.00198269
1870	319	1.02495	0.00198269
1870	320	1.02495	0.00198269
1870	321	1.02495	0.00198269
1870	322	1.02495	0.00198269
1870	323	1.02495	0.00198269
1870	324	1.02495	0.00198269
1870	325	1.02495	0.00198269
1870	326	1.02495	0.00198269
1870	327	1.02495	0.00198269
1870	328	1.02495	0.00198269
1870	329	1.02495	0.00198269
1870	330	1.02495	0.00198269
1870	331	1.02495	0.00198269
1870	332	1.02495	0.00198269
1870	333	1.02495	0.00198269
1870	334	1.02495	0.00198269
1870	335	1.02495	0.00198269
1870	336	1.02495	0.00198269
1870	337	1.02495	0.00198269
1870	338	1.02495	0.00198269
1870	339	1.02495	0.00198269
1870	340	1.02495	0.00198269
1870	341	1.02495	0.00198269
1870	342	1.02495	0.00198269
1870	343	1.02495	0.00198269
1870	344	1.02495	0.00198269
1870	345	1.02495	0.00198269
1870	346	1.02495	0.00198269
1870	347	1.02495	0.00198269
1870	348	1.02495	0.00198269
1870	349	1.02495	0.00198269
1870	350	1.02495	0.00198269
1870	351	1.02495	0.00198269
1870	352	1.02495	0.00198269
1870	353	1.02495	0.00198269
1870	354	1.02495	0.00198269
1870	355	1.02495	0.00198269
1870	356	1.02495	0.00198269
1870	357	1.02495	0.00198269
1870	358	1.02495	0.00198269
1870	359	1.02495	0.00198269
1870	360	1.02495	0.00198269
1870	361	1.02495	0.00198269
1870	362	1.02495	0.00198269
1870	363	1.02495	0.00198269
1870	364	1.02495	0.00198269
1870	365	1.02495	0.00198269
1870	366	1.02495	0.00198269
1870	367	1.02495	0.00198269
1870	368	1.02495	0.00198269
1870	369	1.02495	0.00198269
1870	370	1.02495	0.00198269
1870	371	1.02495	0.00198269
1870	372	1.02495	0.00198269
1870	373	1.02495	0.00198269
1870	374	1.02495	0.00198269
1870	375	1.02495	0.00198269
1870	376	1.02495	0.00198269
1870	377	1.02495	0.00198269
1870	378	1.02495	0.00198269
1870	379	1.02495	0.00198269
1870	380	1.02495	0.00198269
1870	381	1.02495	0.00198269
1870	382	1.02495	0.00198269
1870	383	1.02495	0.00198269
1870	384	1.02495	0.00198269
1870	385	1.02495	0.00198269
1870	386	1.02495	0.00198269
1870	387	1.02495	0.00198269
1870	388	1.02495	0.00198269
1870	389	1.02495	0.00198269
1870	390	1.02495	0.00198269
1870	391	1.02495	0.00198269
1870	392	1.02495	0.00198269
1870	393	1.02495	0.00198269
1870	394	1.02495	0.00198269
1870	395	1.02495	0.00198269
1870	396	1.02495	0.00198269
1870	397	1.02495	0.00198269
1870	398	1.02495	0.00198269
1870	399	1.02495	0.00198269
1870	400	1.02495	0.00198269
1870	401	1.02495	0.00198269
1870	402	1.02495	0.00198269
1870	403	1.02495	0.00198269
1870	404	1.02495	0.00198269
1870	405	1.02495	0.00198269
1870	406	1.02495	0.00198269
1870	407	1.02495	0.00198269
1870	408	1.02495	0.00198269
1870	409	1.02495	0.00198269
1870	410	1.02495	0.00198269
1870	411	1.02495	0.00198269
1870	412	1.02495	0.00198269
1870	413	1.02495	0.00198269
1870	414	1.02495	0.00198269
1870	415	1.02495	0.00198269
1870	416	1.02495	0.00198269
1870	417	1.02495	0.00198269
1870	418	1.02495	0.00198269
1870	419	1.02495	0.00198269
1870	420	1.02495	0.00198269
1870	421	1.02495	0.00198269
1870	422	1.02495	0.00198269
1870	423	1.02495	0.00198269
1870	424	1.02495	0.00198269
1870	425	1.02495	0.00198269
1870	426	1.02495	0.00198269
1870	427	1.02495	0.00198269
1870	428	1.02495	0.00198269
1870	429	1.02495	0.00198269
1870	430	1.02495	0.00198269
1870	431	1.02495	0.00198269
1870	432	1.02495	0.00198269
1870	433	1.02495	0.00198269
1870	434	1.02495	0.00198269
1870	435	1.02495	0.00198269
1870	436	1.02495	0.00198269
1870	437	1.02495	0.00198269
1870	438	1.02495	0.00198269
1870	439	1.02495	0.00198269
1870	440	1.02495	0.00198269
1870	441	1.02495	0.00198269
1870	442	1.02495	0.00198269
1870	443	1.02495	0.00198269
1870	444	1.02495	0.00198269
1870	445	1.02495	0.00198269
1870	446	1.02495	0.00198269
1870	447	1.02495	0.00198269
1870	448	1.02495	0.00198269
1870	449	1.02495	0.00198269
1870	450	1.02495	0.00198269
1870	451	1.02495	0.00198269
1870	452	1.02495	0.00198269
1870	453	1.02495	0.00198269
1870	454	1.02495	0.00198269
1870	455	1.02495	0.00198269
1870	456	1.02495	0.00198269
1870	457	1.02495	0.00198269
1870	458	1.02495	0.00198269
1870	459	1.02495	0.00198269
1870	460	1.02495	0.00198269
1870	461	1.02495	0.00198269
1870	462	1.02495	0.00198269
1870	463	1.02495	0.00198269
1870	464	1.02495	0.00198269
1870	465	1.02495	0.00198269
1870	466	1.02495	0.00198269
1870	467	1.02495	0.00198269
1870	468	1.02495	0.00198269
1870	469	1.02495	0.00198269
1870	470	1.02495	0.00198269
1870	471	1.02495	0.00198269
1870	472	1.02495	0.00198269
1870	473	1.02495	0.00198269
1870	474	1.02495	0.00198269
1870	475	1.02495	0.00198269
1870	476	1.02495	0.00198269
1870	477	1.02495	0.00198269
1870	478	1.02495	0.00198269
1870	479	1.02495	0.00198269
1870	480	1.02495	0.00198269
1870	481	1.02495	0.00198269
1870	482	1.02495	0.00198269
1870	483	1.02495	0.00198269
1870	484	1.02495	0.00198269
1870	485	1.02495	0.00198269
1870	486	1.02495	0.00198269
1870	487	1.02495	0.00198269
1870	488	1.02495	0.00198269
1870	489	1.02495	0.00198269
1870	490	1.02495	0.00198269
1870	491	1.02495	0.00198269
1870	492	1.02495	0.00198269
1870	493	1.02495	0.00198269
1870	494	1.02495	0.00198269
1870	495	1.02495	0.00198269
1870	496	1.02495	0.00198269
1870	497	1.02495	0.00198269
1870	498	1.02495	0.00198269
1870	499	1.02495	0.00198269
1870	500	1.02495	0.00198269
1870	501	1.02495	0.00198269
1870	502	1.02495	0.00198269
1870	503	1.02495	0.00198269
1870	504	1.02495	0.00198269
1870	505	1.02495	0.00198269
1870	506	1.02495	0.00198269
1870	507	1.02495	0.00198269
1870	508	1.02495	0.00198269
1870	509	1.02495	0.00198269
1870	510	1.02495	0.00198269
1870	511	1.02495	0.00198269
1870	512	1.02495	0.00198269
1870	513	1.02495	0.00198269
1870	514	1.02495	0.00198269
1870	515	1.02495	0.00198269
1870	516	1.02495	0.00198269
1870	517	1.02495	0.00198269
1870	518	1.02495	0.00198269
1870	519	1.02495	0.00198269
1870	520	1.02495	0.00198269
1870	521	1.02495	0.00198269
1870	522	1.02495	0.00198269
1870	523	1.02495	0.00198269
1870	524	1.02495	0.00198269
1870	525	1.02495	0.00198269
1870	526	1.02495	0.00198269
1870	527	1.02495	0.00198269
1870	528	1.02495	0.00198269
1870	529	1.02495	0.00198269
1870	530	1.02495	0.00198269
1870	531	1.02495	0.00198269
1870	532	1.02495	0.00198269
1870	533	1.02495	0.00198269
1870	534	1.02495	0.00198269
1870	535	1.02495	0.00198269
1870	536	1.02495	0.00198269
1870	537	1.02495	0.00198269
1870	538	1.02495	0.00198269
1870	539	1.02495	0.00198269
1870	540	1.02495	0.00198269
1870	541	1.02495	0.00198269
1870	542	1.02495	0.00198269
1870	543	1.02495	0.00198269
1870	544	1.02495	0.00198269
1870	545	1.02495	0.00198269
1870	546	1.02495	0.00198269
1870	547	1.02495	0.00198269
1870	548	1.02495	0.00198269
1870	549	1.02495	0.00198269
1870	550	1.02495	0.00198269
1870	551	1.02495	0.00198269
1870	552	1.02495	0.00198269
1870	553	1.02495	0.00198269
1870	554	1.02495	0.00198269
1870	555	1.02495	0.00198269
1870	556	1.02495	0.00198269
1870	557	1.02495	0.00198269
1870	558	1.02495	0.00198269
1870	559	1.02495	0.00198269
1870	560	1.02495	0.00198269
1870	561	1.02495	0.00198269
1870	562	1.02495	0.00198269
1870	563	1.02495	0.00198269
1870	564	1.02495	0.00198269
1870	565	1.02495	0.00198269
1870	566	1.02495	0.00198269
1870	567	1.02495	0.00198269
1870	568	1.02495	0.00198269
1870	569	1.02495	0.00198269
1870	570	1.02495	0.00198269
1870	571	1.02495	0.00198269
1870	572	1.02495	0.00198269
1870	573	1.02495	0.00198269
1870	574	1.02495	0.00198269
1870	575	1.02495	0.00198269
1870	576	1.02495	0.00198269
1870	577	1.02495	0.00198269
1870	578	1.02495	0.00198269
1870	579	1.02495	0.00198269
1870	580	1.02495	0.00198269
1870	581	1.02495	0.00198269
1870	582	1.02495	0.00198269
1870	583	1.02495	0.00198269
1870	584	1.02495	0.00198269
1870	585	1.02495	0.00198269
1870	586	1.02495	0.00198269
1870	587	1.02495	0.00198269
1870	588	1.02495	0.00198269
1870	589	1.02495	0.00198269
1870	590	1.02495	0.00198269
1870	591	1.02495	0.00198269
1870	592	1.02495	0.00198269
1870	593	1.02495	0.00198269
1870	594	1.02495	0.00198269
1870	595	1.02495	0.00198269
1870	596	1.02495	0.00198269
1870	597	1.02495	0.00198269
1870	598	1.02495	0.00198269
1870	599	1.02495	0.00198269
1870	600	1.02495	0.00198269
1870	601	1.02495	0.00198269
1870	602	1.02495	0.00198269
1870	603	1.02495	0.00198269
1870	604	1.02495	0.00198269
1870	605	1.02495	0.00198269
1870	606	1.02495	0.00198269
1870	607	1.02495	0.00198269
1870	608	1.02495	0.00198269
1870	609	1.02495	0.00198269
1870	610	1.02495	0.00198269
1870	611	1.02495	0.00198269
1870	612	1.02495	0.00198269
1870	613	1.02495	0.00198269
1870	614	1.02495	0.00198269
1870	615	1.02495	0.00198269
1870	616	1.02495	0.00198269
1870	617	1.02495	0.00198269
1870	618	1.02495	0.00198269
1870	619	1.02495	0.00198269
1870	620	1.02495	0.00198269
1870	621	1.02495	0.00198269
1870	622	1.02495	0.00198269
1870	623	1.02495	0.00198269
1870	624	1.02495	0.00198269
1870	625	1.02495	0.00198269
1870	626	1.02495	0.00198269
1870	627	1.02495	0.00198269
1870	628	1.02495	0.00198269
1870	629	1.02495	0.00198269
1870	630	1.02495	0.00198269
1870	631	1.02495	0.00198269
1870	632	1.02495	0.00198269
1870	633	1.02495	0.00198269
1870	634	1.02495	0.00198269
1870	635	1.02495	0.00198269
1870	636	1.02495	0.00198269
1870	637	1.02495	0.00198269
1870	638	1.02495	0.00198269
1870	639	1.02495	0.00198269
1870	640	1.02495	0.00198269
1870	641	1.02495	0.00198269
1870	642	1.02495	0.00198269
1870	643	1.02495	0.00198269
1870	644	1.02495	0.00198269
1870	645	1.02495	0.00198269
1870	646	1.02495	0.00198269
1870	647	1.02495	0.00198269
1870	648	1.02495	0.00198269
1870	649	1.02495	0.00198269
1870	650	1.02495	0.00198269
1870	651	1.02495	0.00198269
1870	652	1.02495	0.00198269
1870	653	1.02495	0.00198269
1870	654	1.02495	0.00198269
1870	655	1.02495	0.00198269
1870	656	1.02495	0.00198269
1870	657	1.02495	0.00198269
1870	658	1.02495	0.00198269
1870	659	1.02495	0.00198269
1870	660	1.02495	0.00198269
1870	661	1.02495	0.00198269
1870	662	1.02495	0.00198269
1870	663	1.02495	0.00198269
1870	664	1.02495	0.00198269
1870	665	1.02495	0.00198269
1870	666	1.02495	0.00198269
1870	667	1.02495	0.00198269
1870	668	1.02495	0.00198269
1870	669	1.02495	0.00198269
1870	670	1.02495	0.00198269
1870	671	1.02495	0.00198269
1870	672	1.02495	0.00198269
1870	673	1.02495	0.00198269
1870	674	1.02495	0.00198269
1870	675	1.02495	0.00198269
1870	676	1.02495	0.00198269
1870	677	1.02495	0.00198269
1870	678	1.02495	0.00198269
1870	679	1.02495	0.00198269
1870	680	1.02495	0.00198269
1870	681	1.02495	0.00198269
1870	682	1.02495	0.00198269
1870	683	1.02495	0.00198269
1870	684	1.02495	0.00198269
1870	685	1.02495	0.00198269
1870	686	1.02495	0.00198269
1870	687	1.02495	0.00198269
1870	688	1.02495	0.00198269
1870	689	1.02495	0.00198269
1870	690	1.02495	0.00198269
1870	691	1.02495	0.00198269
1870	692	1.02495	0.00198269
1870	693	1.02495	0.00198269
1870	694	1.02495	0.00198269
1870	695	1.02495	0.00198269
1870	696	1.02495	0.00198269
1870	697	1.02495	0.00198269
1870	698	1.02495	0.00198269
1870	699	1.02495	0.00198269
1870	700	1.02495	0.00198269
1870	701	1.02495	0.00198269
1870	702	1.02495	0.00198269
1870	703	1.02495	0.00198269
1870	704	1.02495	0.00198269
1870	705	1.02495	0.00198269
1870	706	1.02495	0.00198269
1870	707	1.02495	0.00198269
1870	708	1.02495	0.00198269
1870	709	1.02495	0.00198269
1870	710	1.02495	0.00198269
1870	711	1.02495	0.00198269
1870	712	1.02495	0.00198269
1870	713	1.02495	0.00198269
1870	714	1.02495	0.00198269
1870	715	1.02495	0.00198269
1870	716	1.02495	0.00198269
1870	717	1.02495	0.00198269
1870	718	1.02495	0.00198269
1870	719	1.02495	0.00198269
1870	720	1.02495	0.00198269
1870	721	1.02495	0.00198269
1870	722	1.02495	0.00198269
