1868	0	1.02537	0.00196879
1868	1	1.02537	0.00196879
1868	2	1.02537	0.00196879
1868	3	1.02537	0.00196879
1868	4	1.02537	0.00196879
1868	5	1.02537	0.00196879
1868	6	1.02537	0.00196879
1868	7	1.02537	0.00196879
1868	8	1.02537	0.00196879
1868	9	1.02537	0.00196879
1868	10	1.02537	0.00196879
1868	11	1.02537	0.00196879
1868	12	1.02537	0.00196879
1868	13	1.02537	0.00196879
1868	14	1.02537	0.00196879
1868	15	1.02537	0.00196879
1868	16	1.02537	0.00196879
1868	17	1.02537	0.00196879
1868	18	1.02537	0.00196879
1868	19	1.02537	0.00196879
1868	20	1.02537	0.00196879
1868	21	1.02537	0.00196879
1868	22	1.02537	0.00196879
1868	23	1.02537	0.00196879
1868	24	1.02537	0.00196879
1868	25	1.02537	0.00196879
1868	26	1.02537	0.00196879
1868	27	1.02537	0.00196879
1868	28	1.02537	0.00196879
1868	29	1.02537	0.00196879
1868	30	1.02537	0.00196879
1868	31	1.02537	0.00196879
1868	32	1.02537	0.00196879
1868	33	1.02537	0.00196879
1868	34	1.02537	0.00196879
1868	35	1.02537	0.00196879
1868	36	1.02537	0.00196879
1868	37	1.02537	0.00196879
1868	38	1.02537	0.00196879
1868	39	1.02537	0.00196879
1868	40	1.02537	0.00196879
1868	41	1.02537	0.00196879
1868	42	1.02537	0.00196879
1868	43	1.02537	0.00196879
1868	44	1.02537	0.00196879
1868	45	1.02537	0.00196879
1868	46	1.02537	0.00196879
1868	47	1.02537	0.00196879
1868	48	1.02537	0.00196879
1868	49	1.02537	0.00196879
1868	50	1.02537	0.00196879
1868	51	1.02537	0.00196879
1868	52	1.02537	0.00196879
1868	53	1.02537	0.00196879
1868	54	1.02537	0.00196879
1868	55	1.02537	0.00196879
1868	56	1.02537	0.00196879
1868	57	1.02537	0.00196879
1868	58	1.02537	0.00196879
1868	59	1.02537	0.00196879
1868	60	1.02537	0.00196879
1868	61	1.02537	0.00196879
1868	62	1.02537	0.00196879
1868	63	1.02537	0.00196879
1868	64	1.02537	0.00196879
1868	65	1.02537	0.00196879
1868	66	1.02537	0.00196879
1868	67	1.02537	0.00196879
1868	68	1.02537	0.00196879
1868	69	1.02537	0.00196879
1868	70	1.02537	0.00196879
1868	71	1.02537	0.00196879
1868	72	1.02537	0.00196879
1868	73	1.02537	0.00196879
1868	74	1.02537	0.00196879
1868	75	1.02537	0.00196879
1868	76	1.02537	0.00196879
1868	77	1.02537	0.00196879
1868	78	1.02537	0.00196879
1868	79	1.02537	0.00196879
1868	80	1.02537	0.00196879
1868	81	1.02537	0.00196879
1868	82	1.02537	0.00196879
1868	83	1.02537	0.00196879
1868	84	1.02537	0.00196879
1868	85	1.02537	0.00196879
1868	86	1.02537	0.00196879
1868	87	1.02537	0.00196879
1868	88	1.02537	0.00196879
1868	89	1.02537	0.00196879
1868	90	1.02537	0.00196879
1868	91	1.02537	0.00196879
1868	92	1.02537	0.00196879
1868	93	1.02537	0.00196879
1868	94	1.02537	0.00196879
1868	95	1.02537	0.00196879
1868	96	1.02537	0.00196879
1868	97	1.02537	0.00196879
1868	98	1.02537	0.00196879
1868	99	1.02537	0.00196879
1868	100	1.02537	0.00196879
1868	101	1.02537	0.00196879
1868	102	1.02537	0.00196879
1868	103	1.02537	0.00196879
1868	104	1.02537	0.00196879
1868	105	1.02537	0.00196879
1868	106	1.02537	0.00196879
1868	107	1.02537	0.00196879
1868	108	1.02537	0.00196879
1868	109	1.02537	0.00196879
1868	110	1.02537	0.00196879
1868	111	1.02537	0.00196879
1868	112	1.02537	0.00196879
1868	113	1.02537	0.00196879
1868	114	1.02537	0.00196879
1868	115	1.02537	0.00196879
1868	116	1.02537	0.00196879
1868	117	1.02537	0.00196879
1868	118	1.02537	0.00196879
1868	119	1.02537	0.00196879
1868	120	1.02537	0.00196879
1868	121	1.02537	0.00196879
1868	122	1.02537	0.00196879
1868	123	1.02537	0.00196879
1868	124	1.02537	0.00196879
1868	125	1.02537	0.00196879
1868	126	1.02537	0.00196879
1868	127	1.02537	0.00196879
1868	128	1.02537	0.00196879
1868	129	1.02537	0.00196879
1868	130	1.02537	0.00196879
1868	131	1.02537	0.00196879
1868	132	1.02537	0.00196879
1868	133	1.02537	0.00196879
1868	134	1.02537	0.00196879
1868	135	1.02537	0.00196879
1868	136	1.02537	0.00196879
1868	137	1.02537	0.00196879
1868	138	1.02537	0.00196879
1868	139	1.02537	0.00196879
1868	140	1.02537	0.00196879
1868	141	1.02537	0.00196879
1868	142	1.02537	0.00196879
1868	143	1.02537	0.00196879
1868	144	1.02537	0.00196879
1868	145	1.02537	0.00196879
1868	146	1.02537	0.00196879
1868	147	1.02537	0.00196879
1868	148	1.02537	0.00196879
1868	149	1.02537	0.00196879
1868	150	1.02537	0.00196879
1868	151	1.02537	0.00196879
1868	152	1.02537	0.00196879
1868	153	1.02537	0.00196879
1868	154	1.02537	0.00196879
1868	155	1.02537	0.00196879
1868	156	1.02537	0.00196879
1868	157	1.02537	0.00196879
1868	158	1.02537	0.00196879
1868	159	1.02537	0.00196879
1868	160	1.02537	0.00196879
1868	161	1.02537	0.00196879
1868	162	1.02537	0.00196879
1868	163	1.02537	0.00196879
1868	164	1.02537	0.00196879
1868	165	1.02537	0.00196879
1868	166	1.02537	0.00196879
1868	167	1.02537	0.00196879
1868	168	1.02537	0.00196879
1868	169	1.02537	0.00196879
1868	170	1.02537	0.00196879
1868	171	1.02537	0.00196879
1868	172	1.02537	0.00196879
1868	173	1.02537	0.00196879
1868	174	1.02537	0.00196879
1868	175	1.02537	0.00196879
1868	176	1.02537	0.00196879
1868	177	1.02537	0.00196879
1868	178	1.02537	0.00196879
1868	179	1.02537	0.00196879
1868	180	1.02537	0.00196879
1868	181	1.02537	0.00196879
1868	182	1.02537	0.00196879
1868	183	1.02537	0.00196879
1868	184	1.02537	0.00196879
1868	185	1.02537	0.00196879
1868	186	1.02537	0.00196879
1868	187	1.02537	0.00196879
1868	188	1.02537	0.00196879
1868	189	1.02537	0.00196879
1868	190	1.02537	0.00196879
1868	191	1.02537	0.00196879
1868	192	1.02537	0.00196879
1868	193	1.02537	0.00196879
1868	194	1.02537	0.00196879
1868	195	1.02537	0.00196879
1868	196	1.02537	0.00196879
1868	197	1.02537	0.00196879
1868	198	1.02537	0.00196879
1868	199	1.02537	0.00196879
1868	200	1.02537	0.00196879
1868	201	1.02537	0.00196879
1868	202	1.02537	0.00196879
1868	203	1.02537	0.00196879
1868	204	1.02537	0.00196879
1868	205	1.02537	0.00196879
1868	206	1.02537	0.00196879
1868	207	1.02537	0.00196879
1868	208	1.02537	0.00196879
1868	209	1.02537	0.00196879
1868	210	1.02537	0.00196879
1868	211	1.02537	0.00196879
1868	212	1.02537	0.00196879
1868	213	1.02537	0.00196879
1868	214	1.02537	0.00196879
1868	215	1.02537	0.00196879
1868	216	1.02537	0.00196879
1868	217	1.02537	0.00196879
1868	218	1.02537	0.00196879
1868	219	1.02537	0.00196879
1868	220	1.02537	0.00196879
1868	221	1.02537	0.00196879
1868	222	1.02537	0.00196879
1868	223	1.02537	0.00196879
1868	224	1.02537	0.00196879
1868	225	1.02537	0.00196879
1868	226	1.02537	0.00196879
1868	227	1.02537	0.00196879
1868	228	1.02537	0.00196879
1868	229	1.02537	0.00196879
1868	230	1.02537	0.00196879
1868	231	1.02537	0.00196879
1868	232	1.02537	0.00196879
1868	233	1.02537	0.00196879
1868	234	1.02537	0.00196879
1868	235	1.02537	0.00196879
1868	236	1.02537	0.00196879
1868	237	1.02537	0.00196879
1868	238	1.02537	0.00196879
1868	239	1.02537	0.00196879
1868	240	1.02537	0.00196879
1868	241	1.02537	0.00196879
1868	242	1.02537	0.00196879
1868	243	1.02537	0.00196879
1868	244	1.02537	0.00196879
1868	245	1.02537	0.00196879
1868	246	1.02537	0.00196879
1868	247	1.02537	0.00196879
1868	248	1.02537	0.00196879
1868	249	1.02537	0.00196879
1868	250	1.02537	0.00196879
1868	251	1.02537	0.00196879
1868	252	1.02537	0.00196879
1868	253	1.02537	0.00196879
1868	254	1.02537	0.00196879
1868	255	1.02537	0.00196879
1868	256	1.02537	0.00196879
1868	257	1.02537	0.00196879
1868	258	1.02537	0.00196879
1868	259	1.02537	0.00196879
1868	260	1.02537	0.00196879
1868	261	1.02537	0.00196879
1868	262	1.02537	0.00196879
1868	263	1.02537	0.00196879
1868	264	1.02537	0.00196879
1868	265	1.02537	0.00196879
1868	266	1.02537	0.00196879
1868	267	1.02537	0.00196879
1868	268	1.02537	0.00196879
1868	269	1.02537	0.00196879
1868	270	1.02537	0.00196879
1868	271	1.02537	0.00196879
1868	272	1.02537	0.00196879
1868	273	1.02537	0.00196879
1868	274	1.02537	0.00196879
1868	275	1.02537	0.00196879
1868	276	1.02537	0.00196879
1868	277	1.02537	0.00196879
1868	278	1.02537	0.00196879
1868	279	1.02537	0.00196879
1868	280	1.02537	0.00196879
1868	281	1.02537	0.00196879
1868	282	1.02537	0.00196879
1868	283	1.02537	0.00196879
1868	284	1.02537	0.00196879
1868	285	1.02537	0.00196879
1868	286	1.02537	0.00196879
1868	287	1.02537	0.00196879
1868	288	1.02537	0.00196879
1868	289	1.02537	0.00196879
1868	290	1.02537	0.00196879
1868	291	1.02537	0.00196879
1868	292	1.02537	0.00196879
1868	293	1.02537	0.00196879
1868	294	1.02537	0.00196879
1868	295	1.02537	0.00196879
1868	296	1.02537	0.00196879
1868	297	1.02537	0.00196879
1868	298	1.02537	0.00196879
1868	299	1.02537	0.00196879
1868	300	1.02537	0.00196879
1868	301	1.02537	0.00196879
1868	302	1.02537	0.00196879
1868	303	1.02537	0.00196879
1868	304	1.02537	0.00196879
1868	305	1.02537	0.00196879
1868	306	1.02537	0.00196879
1868	307	1.02537	0.00196879
1868	308	1.02537	0.00196879
1868	309	1.02537	0.00196879
1868	310	1.02537	0.00196879
1868	311	1.02537	0.00196879
1868	312	1.02537	0.00196879
1868	313	1.02537	0.00196879
1868	314	1.02537	0.00196879
1868	315	1.02537	0.00196879
1868	316	1.02537	0.00196879
1868	317	1.02537	0.00196879
1868	318	1.02537	0.00196879
1868	319	1.02537	0.00196879
1868	320	1.02537	0.00196879
1868	321	1.02537	0.00196879
1868	322	1.02537	0.00196879
1868	323	1.02537	0.00196879
1868	324	1.02537	0.00196879
1868	325	1.02537	0.00196879
1868	326	1.02537	0.00196879
1868	327	1.02537	0.00196879
1868	328	1.02537	0.00196879
1868	329	1.02537	0.00196879
1868	330	1.02537	0.00196879
1868	331	1.02537	0.00196879
1868	332	1.02537	0.00196879
1868	333	1.02537	0.00196879
1868	334	1.02537	0.00196879
1868	335	1.02537	0.00196879
1868	336	1.02537	0.00196879
1868	337	1.02537	0.00196879
1868	338	1.02537	0.00196879
1868	339	1.02537	0.00196879
1868	340	1.02537	0.00196879
1868	341	1.02537	0.00196879
1868	342	1.02537	0.00196879
1868	343	1.02537	0.00196879
1868	344	1.02537	0.00196879
1868	345	1.02537	0.00196879
1868	346	1.02537	0.00196879
1868	347	1.02537	0.00196879
1868	348	1.02537	0.00196879
1868	349	1.02537	0.00196879
1868	350	1.02537	0.00196879
1868	351	1.02537	0.00196879
1868	352	1.02537	0.00196879
1868	353	1.02537	0.00196879
1868	354	1.02537	0.00196879
1868	355	1.02537	0.00196879
1868	356	1.02537	0.00196879
1868	357	1.02537	0.00196879
1868	358	1.02537	0.00196879
1868	359	1.02537	0.00196879
1868	360	1.02537	0.00196879
1868	361	1.02537	0.00196879
1868	362	1.02537	0.00196879
1868	363	1.02537	0.00196879
1868	364	1.02537	0.00196879
1868	365	1.02537	0.00196879
1868	366	1.02537	0.00196879
1868	367	1.02537	0.00196879
1868	368	1.02537	0.00196879
1868	369	1.02537	0.00196879
1868	370	1.02537	0.00196879
1868	371	1.02537	0.00196879
1868	372	1.02537	0.00196879
1868	373	1.02537	0.00196879
1868	374	1.02537	0.00196879
1868	375	1.02537	0.00196879
1868	376	1.02537	0.00196879
1868	377	1.02537	0.00196879
1868	378	1.02537	0.00196879
1868	379	1.02537	0.00196879
1868	380	1.02537	0.00196879
1868	381	1.02537	0.00196879
1868	382	1.02537	0.00196879
1868	383	1.02537	0.00196879
1868	384	1.02537	0.00196879
1868	385	1.02537	0.00196879
1868	386	1.02537	0.00196879
1868	387	1.02537	0.00196879
1868	388	1.02537	0.00196879
1868	389	1.02537	0.00196879
1868	390	1.02537	0.00196879
1868	391	1.02537	0.00196879
1868	392	1.02537	0.00196879
1868	393	1.02537	0.00196879
1868	394	1.02537	0.00196879
1868	395	1.02537	0.00196879
1868	396	1.02537	0.00196879
1868	397	1.02537	0.00196879
1868	398	1.02537	0.00196879
1868	399	1.02537	0.00196879
1868	400	1.02537	0.00196879
1868	401	1.02537	0.00196879
1868	402	1.02537	0.00196879
1868	403	1.02537	0.00196879
1868	404	1.02537	0.00196879
1868	405	1.02537	0.00196879
1868	406	1.02537	0.00196879
1868	407	1.02537	0.00196879
1868	408	1.02537	0.00196879
1868	409	1.02537	0.00196879
1868	410	1.02537	0.00196879
1868	411	1.02537	0.00196879
1868	412	1.02537	0.00196879
1868	413	1.02537	0.00196879
1868	414	1.02537	0.00196879
1868	415	1.02537	0.00196879
1868	416	1.02537	0.00196879
1868	417	1.02537	0.00196879
1868	418	1.02537	0.00196879
1868	419	1.02537	0.00196879
1868	420	1.02537	0.00196879
1868	421	1.02537	0.00196879
1868	422	1.02537	0.00196879
1868	423	1.02537	0.00196879
1868	424	1.02537	0.00196879
1868	425	1.02537	0.00196879
1868	426	1.02537	0.00196879
1868	427	1.02537	0.00196879
1868	428	1.02537	0.00196879
1868	429	1.02537	0.00196879
1868	430	1.02537	0.00196879
1868	431	1.02537	0.00196879
1868	432	1.02537	0.00196879
1868	433	1.02537	0.00196879
1868	434	1.02537	0.00196879
1868	435	1.02537	0.00196879
1868	436	1.02537	0.00196879
1868	437	1.02537	0.00196879
1868	438	1.02537	0.00196879
1868	439	1.02537	0.00196879
1868	440	1.02537	0.00196879
1868	441	1.02537	0.00196879
1868	442	1.02537	0.00196879
1868	443	1.02537	0.00196879
1868	444	1.02537	0.00196879
1868	445	1.02537	0.00196879
1868	446	1.02537	0.00196879
1868	447	1.02537	0.00196879
1868	448	1.02537	0.00196879
1868	449	1.02537	0.00196879
1868	450	1.02537	0.00196879
1868	451	1.02537	0.00196879
1868	452	1.02537	0.00196879
1868	453	1.02537	0.00196879
1868	454	1.02537	0.00196879
1868	455	1.02537	0.00196879
1868	456	1.02537	0.00196879
1868	457	1.02537	0.00196879
1868	458	1.02537	0.00196879
1868	459	1.02537	0.00196879
1868	460	1.02537	0.00196879
1868	461	1.02537	0.00196879
1868	462	1.02537	0.00196879
1868	463	1.02537	0.00196879
1868	464	1.02537	0.00196879
1868	465	1.02537	0.00196879
1868	466	1.02537	0.00196879
1868	467	1.02537	0.00196879
1868	468	1.02537	0.00196879
1868	469	1.02537	0.00196879
1868	470	1.02537	0.00196879
1868	471	1.02537	0.00196879
1868	472	1.02537	0.00196879
1868	473	1.02537	0.00196879
1868	474	1.02537	0.00196879
1868	475	1.02537	0.00196879
1868	476	1.02537	0.00196879
1868	477	1.02537	0.00196879
1868	478	1.02537	0.00196879
1868	479	1.02537	0.00196879
1868	480	1.02537	0.00196879
1868	481	1.02537	0.00196879
1868	482	1.02537	0.00196879
1868	483	1.02537	0.00196879
1868	484	1.02537	0.00196879
1868	485	1.02537	0.00196879
1868	486	1.02537	0.00196879
1868	487	1.02537	0.00196879
1868	488	1.02537	0.00196879
1868	489	1.02537	0.00196879
1868	490	1.02537	0.00196879
1868	491	1.02537	0.00196879
1868	492	1.02537	0.00196879
1868	493	1.02537	0.00196879
1868	494	1.02537	0.00196879
1868	495	1.02537	0.00196879
1868	496	1.02537	0.00196879
1868	497	1.02537	0.00196879
1868	498	1.02537	0.00196879
1868	499	1.02537	0.00196879
1868	500	1.02537	0.00196879
1868	501	1.02537	0.00196879
1868	502	1.02537	0.00196879
1868	503	1.02537	0.00196879
1868	504	1.02537	0.00196879
1868	505	1.02537	0.00196879
1868	506	1.02537	0.00196879
1868	507	1.02537	0.00196879
1868	508	1.02537	0.00196879
1868	509	1.02537	0.00196879
1868	510	1.02537	0.00196879
1868	511	1.02537	0.00196879
1868	512	1.02537	0.00196879
1868	513	1.02537	0.00196879
1868	514	1.02537	0.00196879
1868	515	1.02537	0.00196879
1868	516	1.02537	0.00196879
1868	517	1.02537	0.00196879
1868	518	1.02537	0.00196879
1868	519	1.02537	0.00196879
1868	520	1.02537	0.00196879
1868	521	1.02537	0.00196879
1868	522	1.02537	0.00196879
1868	523	1.02537	0.00196879
1868	524	1.02537	0.00196879
1868	525	1.02537	0.00196879
1868	526	1.02537	0.00196879
1868	527	1.02537	0.00196879
1868	528	1.02537	0.00196879
1868	529	1.02495	0.00198269
1868	530	1.02495	0.00198269
1868	531	1.02495	0.00198269
1868	532	1.02495	0.00198269
1868	533	1.02495	0.00198269
1868	534	1.02495	0.00198269
1868	535	1.02495	0.00198269
1868	536	1.02495	0.00198269
1868	537	1.02495	0.00198269
1868	538	1.02495	0.00198269
1868	539	1.02495	0.00198269
1868	540	1.02495	0.00198269
1868	541	1.02495	0.00198269
1868	542	1.02495	0.00198269
1868	543	1.02495	0.00198269
1868	544	1.02495	0.00198269
1868	545	1.02495	0.00198269
1868	546	1.02495	0.00198269
1868	547	1.02495	0.00198269
1868	548	1.02495	0.00198269
1868	549	1.02495	0.00198269
1868	550	1.02495	0.00198269
1868	551	1.02495	0.00198269
1868	552	1.02495	0.00198269
1868	553	1.02495	0.00198269
1868	554	1.02495	0.00198269
1868	555	1.02495	0.00198269
1868	556	1.02495	0.00198269
1868	557	1.02495	0.00198269
1868	558	1.02495	0.00198269
1868	559	1.02495	0.00198269
1868	560	1.02495	0.00198269
1868	561	1.02495	0.00198269
1868	562	1.02495	0.00198269
1868	563	1.02495	0.00198269
1868	564	1.02495	0.00198269
1868	565	1.02495	0.00198269
1868	566	1.02495	0.00198269
1868	567	1.02495	0.00198269
1868	568	1.02495	0.00198269
1868	569	1.02495	0.00198269
1868	570	1.02495	0.00198269
1868	571	1.02495	0.00198269
1868	572	1.02495	0.00198269
1868	573	1.02495	0.00198269
1868	574	1.02495	0.00198269
1868	575	1.02495	0.00198269
1868	576	1.02495	0.00198269
1868	577	1.02495	0.00198269
1868	578	1.02495	0.00198269
1868	579	1.02495	0.00198269
1868	580	1.02495	0.00198269
1868	581	1.02495	0.00198269
1868	582	1.02495	0.00198269
1868	583	1.02495	0.00198269
1868	584	1.02495	0.00198269
1868	585	1.02495	0.00198269
1868	586	1.02495	0.00198269
1868	587	1.02495	0.00198269
1868	588	1.02495	0.00198269
1868	589	1.02495	0.00198269
1868	590	1.02495	0.00198269
1868	591	1.02495	0.00198269
1868	592	1.02495	0.00198269
1868	593	1.02495	0.00198269
1868	594	1.02495	0.00198269
1868	595	1.02495	0.00198269
1868	596	1.02495	0.00198269
1868	597	1.02495	0.00198269
1868	598	1.02495	0.00198269
1868	599	1.02495	0.00198269
1868	600	1.02495	0.00198269
1868	601	1.02495	0.00198269
1868	602	1.02495	0.00198269
1868	603	1.02495	0.00198269
1868	604	1.02495	0.00198269
1868	605	1.02495	0.00198269
1868	606	1.02495	0.00198269
1868	607	1.02495	0.00198269
1868	608	1.02495	0.00198269
1868	609	1.02495	0.00198269
1868	610	1.02495	0.00198269
1868	611	1.02495	0.00198269
1868	612	1.02495	0.00198269
1868	613	1.02495	0.00198269
1868	614	1.02495	0.00198269
1868	615	1.02495	0.00198269
1868	616	1.02495	0.00198269
1868	617	1.02495	0.00198269
1868	618	1.02495	0.00198269
1868	619	1.02495	0.00198269
1868	620	1.02495	0.00198269
1868	621	1.02495	0.00198269
1868	622	1.02495	0.00198269
1868	623	1.02495	0.00198269
1868	624	1.02495	0.00198269
1868	625	1.02495	0.00198269
1868	626	1.02495	0.00198269
1868	627	1.02495	0.00198269
1868	628	1.02495	0.00198269
1868	629	1.02495	0.00198269
1868	630	1.02495	0.00198269
1868	631	1.02495	0.00198269
1868	632	1.02495	0.00198269
1868	633	1.02495	0.00198269
1868	634	1.02495	0.00198269
1868	635	1.02495	0.00198269
1868	636	1.02495	0.00198269
1868	637	1.02495	0.00198269
1868	638	1.02495	0.00198269
1868	639	1.02495	0.00198269
1868	640	1.02495	0.00198269
1868	641	1.02495	0.00198269
1868	642	1.02495	0.00198269
1868	643	1.02495	0.00198269
1868	644	1.02495	0.00198269
1868	645	1.02495	0.00198269
1868	646	1.02495	0.00198269
1868	647	1.02495	0.00198269
1868	648	1.02495	0.00198269
1868	649	1.02495	0.00198269
1868	650	1.02495	0.00198269
1868	651	1.02495	0.00198269
1868	652	1.02495	0.00198269
1868	653	1.02495	0.00198269
1868	654	1.02495	0.00198269
1868	655	1.02495	0.00198269
1868	656	1.02495	0.00198269
1868	657	1.02495	0.00198269
1868	658	1.02495	0.00198269
1868	659	1.02495	0.00198269
1868	660	1.02495	0.00198269
1868	661	1.02495	0.00198269
1868	662	1.02495	0.00198269
1868	663	1.02495	0.00198269
1868	664	1.02495	0.00198269
1868	665	1.02495	0.00198269
1868	666	1.02495	0.00198269
1868	667	1.02495	0.00198269
1868	668	1.02495	0.00198269
1868	669	1.02495	0.00198269
1868	670	1.02495	0.00198269
1868	671	1.02495	0.00198269
1868	672	1.02495	0.00198269
1868	673	1.02495	0.00198269
1868	674	1.02495	0.00198269
1868	675	1.02495	0.00198269
1868	676	1.02495	0.00198269
1868	677	1.02495	0.00198269
1868	678	1.02495	0.00198269
1868	679	1.02495	0.00198269
1868	680	1.02495	0.00198269
1868	681	1.02495	0.00198269
1868	682	1.02495	0.00198269
1868	683	1.02495	0.00198269
1868	684	1.02495	0.00198269
1868	685	1.02495	0.00198269
1868	686	1.02495	0.00198269
1868	687	1.02495	0.00198269
1868	688	1.02495	0.00198269
1868	689	1.02495	0.00198269
1868	690	1.02495	0.00198269
1868	691	1.02495	0.00198269
1868	692	1.02495	0.00198269
1868	693	1.02495	0.00198269
1868	694	1.02495	0.00198269
1868	695	1.02495	0.00198269
1868	696	1.02495	0.00198269
1868	697	1.02495	0.00198269
1868	698	1.02495	0.00198269
1868	699	1.02495	0.00198269
1868	700	1.02495	0.00198269
1868	701	1.02495	0.00198269
1868	702	1.02495	0.00198269
1868	703	1.02495	0.00198269
1868	704	1.02495	0.00198269
1868	705	1.02495	0.00198269
1868	706	1.02495	0.00198269
1868	707	1.02495	0.00198269
1868	708	1.02495	0.00198269
1868	709	1.02495	0.00198269
1868	710	1.02495	0.00198269
1868	711	1.02495	0.00198269
1868	712	1.02495	0.00198269
1868	713	1.02495	0.00198269
1868	714	1.02495	0.00198269
1868	715	1.02495	0.00198269
1868	716	1.02495	0.00198269
1868	717	1.02495	0.00198269
1868	718	1.02495	0.00198269
1868	719	1.02495	0.00198269
1868	720	1.02495	0.00198269
1868	721	1.02495	0.00198269
1868	722	1.02495	0.00198269
1868	723	1.02495	0.00198269
1868	724	1.02495	0.00198269
1868	725	1.02495	0.00198269
1868	726	1.02495	0.00198269
1868	727	1.02495	0.00198269
1868	728	1.02495	0.00198269
1868	729	1.02495	0.00198269
1868	730	1.02495	0.00198269
1868	731	1.02495	0.00198269
1868	732	1.02495	0.00198269
1868	733	1.02495	0.00198269
1868	734	1.02495	0.00198269
1868	735	1.02495	0.00198269
1868	736	1.02495	0.00198269
1868	737	1.02495	0.00198269
1868	738	1.02495	0.00198269
1868	739	1.02495	0.00198269
1868	740	1.02495	0.00198269
1868	741	1.02495	0.00198269
1868	742	1.02495	0.00198269
1868	743	1.02495	0.00198269
1868	744	1.02495	0.00198269
1868	745	1.02495	0.00198269
1868	746	1.02495	0.00198269
1868	747	1.02495	0.00198269
1868	748	1.02495	0.00198269
1868	749	1.02495	0.00198269
1868	750	1.02495	0.00198269
1868	751	1.02495	0.00198269
1868	752	1.02495	0.00198269
1868	753	1.02495	0.00198269
1868	754	1.02495	0.00198269
1868	755	1.02495	0.00198269
1868	756	1.02495	0.00198269
1868	757	1.02495	0.00198269
1868	758	1.02495	0.00198269
1868	759	1.02495	0.00198269
1868	760	1.02495	0.00198269
1868	761	1.02495	0.00198269
1868	762	1.02495	0.00198269
1868	763	1.02495	0.00198269
1868	764	1.02495	0.00198269
1868	765	1.02495	0.00198269
1868	766	1.02495	0.00198269
1868	767	1.02495	0.00198269
1868	768	1.02495	0.00198269
1868	769	1.02495	0.00198269
1868	770	1.02495	0.00198269
1868	771	1.02495	0.00198269
1868	772	1.02495	0.00198269
1868	773	1.02495	0.00198269
1868	774	1.02495	0.00198269
1868	775	1.02495	0.00198269
1868	776	1.02495	0.00198269
1868	777	1.02495	0.00198269
1868	778	1.02495	0.00198269
1868	779	1.02495	0.00198269
1868	780	1.02495	0.00198269
1868	781	1.02495	0.00198269
1868	782	1.02495	0.00198269
1868	783	1.02495	0.00198269
1868	784	1.02495	0.00198269
1868	785	1.02495	0.00198269
1868	786	1.02495	0.00198269
1868	787	1.02495	0.00198269
1868	788	1.02495	0.00198269
1868	789	1.02495	0.00198269
1868	790	1.02495	0.00198269
1868	791	1.02495	0.00198269
1868	792	1.02495	0.00198269
1868	793	1.02495	0.00198269
1868	794	1.02495	0.00198269
1868	795	1.02495	0.00198269
1868	796	1.02495	0.00198269
1868	797	1.02495	0.00198269
1868	798	1.02495	0.00198269
1868	799	1.02495	0.00198269
1868	800	1.02495	0.00198269
1868	801	1.02495	0.00198269
1868	802	1.02495	0.00198269
1868	803	1.02495	0.00198269
1868	804	1.02495	0.00198269
1868	805	1.02495	0.00198269
1868	806	1.02495	0.00198269
1868	807	1.02495	0.00198269
1868	808	1.02495	0.00198269
1868	809	1.02495	0.00198269
1868	810	1.02495	0.00198269
1868	811	1.02495	0.00198269
1868	812	1.02495	0.00198269
1868	813	1.02495	0.00198269
1868	814	1.02495	0.00198269
1868	815	1.02495	0.00198269
1868	816	1.02495	0.00198269
1868	817	1.02495	0.00198269
1868	818	1.02495	0.00198269
1868	819	1.02495	0.00198269
1868	820	1.02495	0.00198269
1868	821	1.02495	0.00198269
1868	822	1.02495	0.00198269
1868	823	1.02495	0.00198269
1868	824	1.02495	0.00198269
1868	825	1.02495	0.00198269
1868	826	1.02495	0.00198269
1868	827	1.02495	0.00198269
1868	828	1.02495	0.00198269
1868	829	1.02495	0.00198269
1868	830	1.02495	0.00198269
1868	831	1.02495	0.00198269
1868	832	1.02495	0.00198269
1868	833	1.02495	0.00198269
1868	834	1.02495	0.00198269
1868	835	1.02495	0.00198269
1868	836	1.02495	0.00198269
1868	837	1.02495	0.00198269
1868	838	1.02495	0.00198269
1868	839	1.02495	0.00198269
1868	840	1.02495	0.00198269
1868	841	1.02495	0.00198269
1868	842	1.02495	0.00198269
1868	843	1.02495	0.00198269
1868	844	1.02495	0.00198269
1868	845	1.02495	0.00198269
1868	846	1.02495	0.00198269
1868	847	1.02495	0.00198269
1868	848	1.02495	0.00198269
1868	849	1.02495	0.00198269
1868	850	1.02495	0.00198269
1868	851	1.02495	0.00198269
1868	852	1.02495	0.00198269
1868	853	1.02495	0.00198269
1868	854	1.02495	0.00198269
1868	855	1.02495	0.00198269
1868	856	1.02495	0.00198269
1868	857	1.02495	0.00198269
1868	858	1.02495	0.00198269
1868	859	1.02495	0.00198269
1868	860	1.02495	0.00198269
1868	861	1.02495	0.00198269
1868	862	1.02495	0.00198269
1868	863	1.02495	0.00198269
1868	864	1.02495	0.00198269
1868	865	1.02495	0.00198269
1868	866	1.02495	0.00198269
1868	867	1.02495	0.00198269
1868	868	1.02495	0.00198269
1868	869	1.02495	0.00198269
1868	870	1.02495	0.00198269
1868	871	1.02495	0.00198269
1868	872	1.02495	0.00198269
1868	873	1.02495	0.00198269
1868	874	1.02495	0.00198269
1868	875	1.02495	0.00198269
1868	876	1.02495	0.00198269
1868	877	1.02495	0.00198269
1868	878	1.02495	0.00198269
1868	879	1.02495	0.00198269
1868	880	1.02495	0.00198269
1868	881	1.02495	0.00198269
1868	882	1.02495	0.00198269
1868	883	1.02495	0.00198269
1868	884	1.02495	0.00198269
1868	885	1.02495	0.00198269
1868	886	1.02495	0.00198269
1868	887	1.02495	0.00198269
1868	888	1.02495	0.00198269
1868	889	1.02495	0.00198269
1868	890	1.02495	0.00198269
1868	891	1.02495	0.00198269
1868	892	1.02495	0.00198269
1868	893	1.02495	0.00198269
1868	894	1.02495	0.00198269
1868	895	1.02495	0.00198269
1868	896	1.02495	0.00198269
1868	897	1.02495	0.00198269
1868	898	1.02495	0.00198269
1868	899	1.02495	0.00198269
1868	900	1.02495	0.00198269
1868	901	1.02495	0.00198269
1868	902	1.02495	0.00198269
1868	903	1.02495	0.00198269
1868	904	1.02495	0.00198269
1868	905	1.02495	0.00198269
1868	906	1.02495	0.00198269
1868	907	1.02495	0.00198269
1868	908	1.02495	0.00198269
1868	909	1.02495	0.00198269
1868	910	1.02495	0.00198269
1868	911	1.02495	0.00198269
1868	912	1.02495	0.00198269
1868	913	1.02495	0.00198269
1868	914	1.02495	0.00198269
1868	915	1.02495	0.00198269
1868	916	1.02495	0.00198269
1868	917	1.02495	0.00198269
1868	918	1.02495	0.00198269
1868	919	1.02495	0.00198269
1868	920	1.02495	0.00198269
1868	921	1.02495	0.00198269
1868	922	1.02495	0.00198269
1868	923	1.02495	0.00198269
1868	924	1.02495	0.00198269
1868	925	1.02495	0.00198269
1868	926	1.02495	0.00198269
1868	927	1.02495	0.00198269
1868	928	1.02495	0.00198269
1868	929	1.02495	0.00198269
1868	930	1.02495	0.00198269
1868	931	1.02495	0.00198269
1868	932	1.02495	0.00198269
1868	933	1.02495	0.00198269
1868	934	1.02495	0.00198269
1868	935	1.02495	0.00198269
1868	936	1.02495	0.00198269
1868	937	1.02495	0.00198269
1868	938	1.02495	0.00198269
1868	939	1.02495	0.00198269
1868	940	1.02495	0.00198269
1868	941	1.02495	0.00198269
1868	942	1.02495	0.00198269
1868	943	1.02495	0.00198269
1868	944	1.02495	0.00198269
1868	945	1.02495	0.00198269
1868	946	1.02495	0.00198269
1868	947	1.02495	0.00198269
1868	948	1.02495	0.00198269
1868	949	1.02495	0.00198269
1868	950	1.02495	0.00198269
1868	951	1.02495	0.00198269
1868	952	1.02495	0.00198269
1868	953	1.02495	0.00198269
1868	954	1.02495	0.00198269
1868	955	1.02495	0.00198269
1868	956	1.02495	0.00198269
1868	957	1.02495	0.00198269
1868	958	1.02495	0.00198269
1868	959	1.02495	0.00198269
1868	960	1.02495	0.00198269
1868	961	1.02495	0.00198269
1868	962	1.02495	0.00198269
1868	963	1.02495	0.00198269
1868	964	1.02495	0.00198269
1868	965	1.02495	0.00198269
1868	966	1.02495	0.00198269
1868	967	1.02495	0.00198269
1868	968	1.02495	0.00198269
1868	969	1.02495	0.00198269
1868	970	1.02495	0.00198269
1868	971	1.02495	0.00198269
1868	972	1.02495	0.00198269
1868	973	1.02495	0.00198269
1868	974	1.02495	0.00198269
1868	975	1.02495	0.00198269
1868	976	1.02495	0.00198269
1868	977	1.02495	0.00198269
1868	978	1.02495	0.00198269
1868	979	1.02495	0.00198269
1868	980	1.02495	0.00198269
1868	981	1.02495	0.00198269
1868	982	1.02495	0.00198269
1868	983	1.02495	0.00198269
1868	984	1.02495	0.00198269
1868	985	1.02495	0.00198269
1868	986	1.02495	0.00198269
1868	987	1.02495	0.00198269
1868	988	1.02495	0.00198269
1868	989	1.02495	0.00198269
1868	990	1.02495	0.00198269
1868	991	1.02495	0.00198269
1868	992	1.02495	0.00198269
1868	993	1.02495	0.00198269
1868	994	1.02495	0.00198269
1868	995	1.02495	0.00198269
1868	996	1.02495	0.00198269
1868	997	1.02495	0.00198269
1868	998	1.02495	0.00198269
1868	999	1.02495	0.00198269
1868	1000	1.02495	0.00198269
1868	1001	1.02495	0.00198269
1868	1002	1.02495	0.00198269
1868	1003	1.02495	0.00198269
1868	1004	1.02495	0.00198269
1868	1005	1.02495	0.00198269
1868	1006	1.02495	0.00198269
1868	1007	1.02495	0.00198269
1868	1008	1.02495	0.00198269
1868	1009	1.02495	0.00198269
1868	1010	1.02495	0.00198269
1868	1011	1.02495	0.00198269
1868	1012	1.02495	0.00198269
1868	1013	1.02495	0.00198269
1868	1014	1.02495	0.00198269
1868	1015	1.02495	0.00198269
1868	1016	1.02495	0.00198269
1868	1017	1.02495	0.00198269
1868	1018	1.02495	0.00198269
1868	1019	1.02495	0.00198269
1868	1020	1.02495	0.00198269
1868	1021	1.02495	0.00198269
1868	1022	1.02495	0.00198269
1868	1023	1.02495	0.00198269
1868	1024	1.02495	0.00198269
1868	1025	1.02495	0.00198269
1868	1026	1.02495	0.00198269
1868	1027	1.02495	0.00198269
1868	1028	1.02495	0.00198269
1868	1029	1.02495	0.00198269
1868	1030	1.02495	0.00198269
1868	1031	1.02495	0.00198269
1868	1032	1.02495	0.00198269
1868	1033	1.02495	0.00198269
1868	1034	1.02495	0.00198269
1868	1035	1.02495	0.00198269
1868	1036	1.02495	0.00198269
1868	1037	1.02495	0.00198269
1868	1038	1.02495	0.00198269
1868	1039	1.02495	0.00198269
1868	1040	1.02495	0.00198269
1868	1041	1.02495	0.00198269
1868	1042	1.02495	0.00198269
1868	1043	1.02495	0.00198269
1868	1044	1.02495	0.00198269
1868	1045	1.02495	0.00198269
1868	1046	1.02495	0.00198269
1868	1047	1.02495	0.00198269
1868	1048	1.02495	0.00198269
1868	1049	1.02495	0.00198269
1868	1050	1.02495	0.00198269
1868	1051	1.02495	0.00198269
1868	1052	1.02495	0.00198269
1868	1053	1.02495	0.00198269
1868	1054	1.02495	0.00198269
1868	1055	1.02495	0.00198269
1868	1056	1.02495	0.00198269
1868	1057	1.02495	0.00198269
