1942	0	1.01687	0.00197504
1942	1	1.01687	0.00197504
1942	2	1.01687	0.00197504
1942	3	1.01687	0.00197504
1942	4	1.01687	0.00197504
1942	5	1.01687	0.00197504
1942	6	1.01687	0.00197504
1942	7	1.01687	0.00197504
1942	8	1.01687	0.00197504
1942	9	1.01687	0.00197504
1942	10	1.01687	0.00197504
1942	11	1.01687	0.00197504
1942	12	1.01687	0.00197504
1942	13	1.01687	0.00197504
1942	14	1.01687	0.00197504
1942	15	1.01687	0.00197504
1942	16	1.01687	0.00197504
1942	17	1.01687	0.00197504
1942	18	1.01687	0.00197504
1942	19	1.01687	0.00197504
1942	20	1.01687	0.00197504
1942	21	1.01687	0.00197504
1942	22	1.01687	0.00197504
1942	23	1.01687	0.00197504
1942	24	1.01687	0.00197504
1942	25	1.01687	0.00197504
1942	26	1.01687	0.00197504
1942	27	1.01687	0.00197504
1942	28	1.01687	0.00197504
1942	29	1.01687	0.00197504
1942	30	1.01687	0.00197504
1942	31	1.01687	0.00197504
1942	32	1.01687	0.00197504
1942	33	1.01687	0.00197504
1942	34	1.01687	0.00197504
1942	35	1.01687	0.00197504
1942	36	1.01687	0.00197504
1942	37	1.01687	0.00197504
1942	38	1.01687	0.00197504
1942	39	1.01687	0.00197504
1942	40	1.01687	0.00197504
1942	41	1.01687	0.00197504
1942	42	1.01687	0.00197504
1942	43	1.01687	0.00197504
1942	44	1.01687	0.00197504
1942	45	1.01687	0.00197504
1942	46	1.01687	0.00197504
1942	47	1.01687	0.00197504
1942	48	1.01687	0.00197504
1942	49	1.01687	0.00197504
1942	50	1.01687	0.00197504
1942	51	1.01687	0.00197504
1942	52	1.01687	0.00197504
1942	53	1.01687	0.00197504
1942	54	1.01687	0.00197504
1942	55	1.01687	0.00197504
1942	56	1.01687	0.00197504
1942	57	1.01687	0.00197504
1942	58	1.01687	0.00197504
1942	59	1.01687	0.00197504
1942	60	1.01687	0.00197504
1942	61	1.01687	0.00197504
1942	62	1.01687	0.00197504
1942	63	1.01687	0.00197504
1942	64	1.01687	0.00197504
1942	65	1.01687	0.00197504
1942	66	1.01687	0.00197504
1942	67	1.01687	0.00197504
1942	68	1.01687	0.00197504
1942	69	1.01687	0.00197504
1942	70	1.01687	0.00197504
1942	71	1.01687	0.00197504
1942	72	1.01687	0.00197504
1942	73	1.01687	0.00197504
1942	74	1.01687	0.00197504
1942	75	1.01687	0.00197504
1942	76	1.01687	0.00197504
1942	77	1.01687	0.00197504
1942	78	1.01687	0.00197504
1942	79	1.01687	0.00197504
1942	80	1.01687	0.00197504
1942	81	1.01687	0.00197504
1942	82	1.01687	0.00197504
1942	83	1.01687	0.00197504
1942	84	1.01687	0.00197504
1942	85	1.01687	0.00197504
1942	86	1.01687	0.00197504
1942	87	1.01687	0.00197504
1942	88	1.01687	0.00197504
1942	89	1.01687	0.00197504
1942	90	1.01687	0.00197504
1942	91	1.01687	0.00197504
1942	92	1.01687	0.00197504
1942	93	1.01687	0.00197504
1942	94	1.01687	0.00197504
1942	95	1.01687	0.00197504
1942	96	1.01687	0.00197504
1942	97	1.01687	0.00197504
1942	98	1.01687	0.00197504
1942	99	1.01687	0.00197504
1942	100	1.01687	0.00197504
1942	101	1.01687	0.00197504
1942	102	1.01687	0.00197504
1942	103	1.01687	0.00197504
1942	104	1.01687	0.00197504
1942	105	1.01687	0.00197504
1942	106	1.01687	0.00197504
1942	107	1.01687	0.00197504
1942	108	1.01687	0.00197504
1942	109	1.01687	0.00197504
1942	110	1.01687	0.00197504
1942	111	1.01687	0.00197504
1942	112	1.01687	0.00197504
1942	113	1.01687	0.00197504
1942	114	1.01687	0.00197504
1942	115	1.01687	0.00197504
1942	116	1.01687	0.00197504
1942	117	1.01687	0.00197504
1942	118	1.01687	0.00197504
1942	119	1.01687	0.00197504
1942	120	1.01687	0.00197504
1942	121	1.01687	0.00197504
1942	122	1.01687	0.00197504
1942	123	1.01687	0.00197504
1942	124	1.01687	0.00197504
1942	125	1.01687	0.00197504
1942	126	1.01687	0.00197504
1942	127	1.01687	0.00197504
1942	128	1.01687	0.00197504
1942	129	1.01687	0.00197504
1942	130	1.01687	0.00197504
1942	131	1.01687	0.00197504
1942	132	1.01687	0.00197504
1942	133	1.01687	0.00197504
1942	134	1.01687	0.00197504
1942	135	1.01687	0.00197504
1942	136	1.01687	0.00197504
1942	137	1.01687	0.00197504
1942	138	1.01687	0.00197504
1942	139	1.01687	0.00197504
1942	140	1.01687	0.00197504
1942	141	1.01687	0.00197504
1942	142	1.01687	0.00197504
1942	143	1.01687	0.00197504
1942	144	1.01687	0.00197504
1942	145	1.01687	0.00197504
1942	146	1.01687	0.00197504
1942	147	1.01687	0.00197504
1942	148	1.01687	0.00197504
1942	149	1.01687	0.00197504
1942	150	1.01687	0.00197504
1942	151	1.01687	0.00197504
1942	152	1.01687	0.00197504
1942	153	1.01687	0.00197504
1942	154	1.01687	0.00197504
1942	155	1.01687	0.00197504
1942	156	1.01687	0.00197504
1942	157	1.01687	0.00197504
1942	158	1.01687	0.00197504
1942	159	1.01687	0.00197504
1942	160	1.01687	0.00197504
1942	161	1.01687	0.00197504
1942	162	1.01687	0.00197504
1942	163	1.01687	0.00197504
1942	164	1.01687	0.00197504
1942	165	1.01687	0.00197504
1942	166	1.01687	0.00197504
1942	167	1.01687	0.00197504
1942	168	1.01687	0.00197504
1942	169	1.01687	0.00197504
1942	170	1.01687	0.00197504
1942	171	1.01687	0.00197504
1942	172	1.01687	0.00197504
1942	173	1.01687	0.00197504
1942	174	1.01687	0.00197504
1942	175	1.01687	0.00197504
1942	176	1.01687	0.00197504
1942	177	1.01687	0.00197504
1942	178	1.01687	0.00197504
1942	179	1.01687	0.00197504
1942	180	1.01687	0.00197504
1942	181	1.01687	0.00197504
1942	182	1.01687	0.00197504
1942	183	1.01687	0.00197504
1942	184	1.01687	0.00197504
1942	185	1.01687	0.00197504
1942	186	1.01687	0.00197504
1942	187	1.01687	0.00197504
1942	188	1.01687	0.00197504
1942	189	1.01687	0.00197504
1942	190	1.01687	0.00197504
1942	191	1.01687	0.00197504
1942	192	1.01687	0.00197504
1942	193	1.01687	0.00197504
1942	194	1.01687	0.00197504
1942	195	1.01687	0.00197504
1942	196	1.01687	0.00197504
1942	197	1.01687	0.00197504
1942	198	1.01687	0.00197504
1942	199	1.01687	0.00197504
1942	200	1.01687	0.00197504
1942	201	1.01687	0.00197504
1942	202	1.01687	0.00197504
1942	203	1.01687	0.00197504
1942	204	1.01687	0.00197504
1942	205	1.01687	0.00197504
1942	206	1.01687	0.00197504
1942	207	1.01687	0.00197504
1942	208	1.01687	0.00197504
1942	209	1.01687	0.00197504
1942	210	1.01687	0.00197504
1942	211	1.01687	0.00197504
1942	212	1.01687	0.00197504
1942	213	1.01687	0.00197504
1942	214	1.01687	0.00197504
1942	215	1.01687	0.00197504
1942	216	1.01687	0.00197504
1942	217	1.01687	0.00197504
1942	218	1.01687	0.00197504
1942	219	1.01687	0.00197504
1942	220	1.01687	0.00197504
1942	221	1.01687	0.00197504
1942	222	1.01687	0.00197504
1942	223	1.01687	0.00197504
1942	224	1.01687	0.00197504
1942	225	1.01687	0.00197504
1942	226	1.01687	0.00197504
1942	227	1.01687	0.00197504
1942	228	1.01687	0.00197504
1942	229	1.01687	0.00197504
1942	230	1.01687	0.00197504
1942	231	1.01687	0.00197504
1942	232	1.01687	0.00197504
1942	233	1.01687	0.00197504
1942	234	1.01687	0.00197504
1942	235	1.01687	0.00197504
1942	236	1.01687	0.00197504
1942	237	1.01687	0.00197504
1942	238	1.01687	0.00197504
1942	239	1.01687	0.00197504
1942	240	1.01687	0.00197504
1942	241	1.01687	0.00197504
1942	242	1.01687	0.00197504
1942	243	1.01687	0.00197504
1942	244	1.01687	0.00197504
1942	245	1.01687	0.00197504
1942	246	1.01687	0.00197504
1942	247	1.01687	0.00197504
1942	248	1.01687	0.00197504
1942	249	1.01687	0.00197504
1942	250	1.01687	0.00197504
1942	251	1.01687	0.00197504
1942	252	1.01687	0.00197504
1942	253	1.01687	0.00197504
1942	254	1.01687	0.00197504
1942	255	1.01687	0.00197504
1942	256	1.01687	0.00197504
1942	257	1.01687	0.00197504
1942	258	1.01687	0.00197504
1942	259	1.01687	0.00197504
1942	260	1.01687	0.00197504
1942	261	1.01687	0.00197504
1942	262	1.01687	0.00197504
1942	263	1.01687	0.00197504
1942	264	1.01687	0.00197504
1942	265	1.01687	0.00197504
1942	266	1.01687	0.00197504
1942	267	1.01687	0.00197504
1942	268	1.01687	0.00197504
1942	269	1.01687	0.00197504
1942	270	1.01687	0.00197504
1942	271	1.01687	0.00197504
1942	272	1.01687	0.00197504
1942	273	1.01687	0.00197504
1942	274	1.01687	0.00197504
1942	275	1.01687	0.00197504
1942	276	1.01687	0.00197504
1942	277	1.01687	0.00197504
1942	278	1.01687	0.00197504
1942	279	1.01687	0.00197504
1942	280	1.01687	0.00197504
1942	281	1.01687	0.00197504
1942	282	1.01687	0.00197504
1942	283	1.01687	0.00197504
1942	284	1.01687	0.00197504
1942	285	1.01687	0.00197504
1942	286	1.01687	0.00197504
1942	287	1.01687	0.00197504
1942	288	1.01687	0.00197504
1942	289	1.01687	0.00197504
1942	290	1.01687	0.00197504
1942	291	1.01687	0.00197504
1942	292	1.01687	0.00197504
1942	293	1.01687	0.00197504
1942	294	1.01687	0.00197504
1942	295	1.01687	0.00197504
1942	296	1.01687	0.00197504
1942	297	1.01687	0.00197504
1942	298	1.01687	0.00197504
1942	299	1.01687	0.00197504
1942	300	1.01687	0.00197504
1942	301	1.01687	0.00197504
1942	302	1.01687	0.00197504
1942	303	1.01687	0.00197504
1942	304	1.01687	0.00197504
1942	305	1.01687	0.00197504
1942	306	1.01687	0.00197504
1942	307	1.01687	0.00197504
1942	308	1.01687	0.00197504
1942	309	1.01687	0.00197504
1942	310	1.01687	0.00197504
1942	311	1.01687	0.00197504
1942	312	1.01687	0.00197504
1942	313	1.01687	0.00197504
1942	314	1.01687	0.00197504
1942	315	1.01687	0.00197504
1942	316	1.01687	0.00197504
1942	317	1.01687	0.00197504
1942	318	1.01687	0.00197504
1942	319	1.01687	0.00197504
1942	320	1.01687	0.00197504
1942	321	1.01687	0.00197504
1942	322	1.01687	0.00197504
1942	323	1.01687	0.00197504
1942	324	1.01687	0.00197504
1942	325	1.01687	0.00197504
1942	326	1.01687	0.00197504
1942	327	1.01687	0.00197504
1942	328	1.01687	0.00197504
1942	329	1.01687	0.00197504
1942	330	1.01687	0.00197504
1942	331	1.01687	0.00197504
1942	332	1.01687	0.00197504
1942	333	1.01687	0.00197504
1942	334	1.01687	0.00197504
1942	335	1.01687	0.00197504
1942	336	1.01687	0.00197504
1942	337	1.01687	0.00197504
1942	338	1.01687	0.00197504
1942	339	1.01687	0.00197504
1942	340	1.01687	0.00197504
1942	341	1.01687	0.00197504
1942	342	1.01687	0.00197504
1942	343	1.01687	0.00197504
1942	344	1.01687	0.00197504
1942	345	1.01687	0.00197504
1942	346	1.01687	0.00197504
1942	347	1.01687	0.00197504
1942	348	1.01687	0.00197504
1942	349	1.01687	0.00197504
1942	350	1.01687	0.00197504
1942	351	1.01687	0.00197504
1942	352	1.01687	0.00197504
1942	353	1.01687	0.00197504
1942	354	1.01687	0.00197504
1942	355	1.01687	0.00197504
1942	356	1.01687	0.00197504
1942	357	1.01687	0.00197504
1942	358	1.01687	0.00197504
1942	359	1.01687	0.00197504
1942	360	1.01687	0.00197504
1942	361	1.01687	0.00197504
1942	362	1.01687	0.00197504
1942	363	1.01687	0.00197504
1942	364	1.01687	0.00197504
1942	365	1.01687	0.00197504
1942	366	1.01687	0.00197504
1942	367	1.01687	0.00197504
1942	368	1.01687	0.00197504
1942	369	1.01687	0.00197504
1942	370	1.01687	0.00197504
1942	371	1.01687	0.00197504
1942	372	1.01687	0.00197504
1942	373	1.01687	0.00197504
1942	374	1.01687	0.00197504
1942	375	1.01687	0.00197504
1942	376	1.01687	0.00197504
1942	377	1.01687	0.00197504
1942	378	1.01687	0.00197504
1942	379	1.01687	0.00197504
1942	380	1.01687	0.00197504
1942	381	1.01687	0.00197504
1942	382	1.01687	0.00197504
1942	383	1.01687	0.00197504
1942	384	1.01687	0.00197504
1942	385	1.01687	0.00197504
1942	386	1.01687	0.00197504
1942	387	1.01687	0.00197504
1942	388	1.01687	0.00197504
1942	389	1.01687	0.00197504
1942	390	1.01687	0.00197504
1942	391	1.01687	0.00197504
1942	392	1.01687	0.00197504
1942	393	1.01687	0.00197504
1942	394	1.01687	0.00197504
1942	395	1.01687	0.00197504
1942	396	1.01687	0.00197504
1942	397	1.01687	0.00197504
1942	398	1.01687	0.00197504
1942	399	1.01687	0.00197504
1942	400	1.01687	0.00197504
1942	401	1.01687	0.00197504
1942	402	1.01687	0.00197504
1942	403	1.01687	0.00197504
1942	404	1.01687	0.00197504
1942	405	1.01687	0.00197504
1942	406	1.01687	0.00197504
1942	407	1.01687	0.00197504
1942	408	1.01687	0.00197504
1942	409	1.01687	0.00197504
1942	410	1.01687	0.00197504
1942	411	1.01687	0.00197504
1942	412	1.01687	0.00197504
1942	413	1.01687	0.00197504
1942	414	1.01687	0.00197504
1942	415	1.01687	0.00197504
1942	416	1.01687	0.00197504
1942	417	1.01687	0.00197504
1942	418	1.01687	0.00197504
1942	419	1.01687	0.00197504
1942	420	1.01687	0.00197504
1942	421	1.01687	0.00197504
1942	422	1.01687	0.00197504
1942	423	1.01687	0.00197504
1942	424	1.01687	0.00197504
1942	425	1.01687	0.00197504
1942	426	1.01687	0.00197504
1942	427	1.01687	0.00197504
1942	428	1.01687	0.00197504
1942	429	1.01687	0.00197504
1942	430	1.01687	0.00197504
1942	431	1.01687	0.00197504
1942	432	1.01687	0.00197504
1942	433	1.01687	0.00197504
1942	434	1.01687	0.00197504
1942	435	1.01687	0.00197504
1942	436	1.01687	0.00197504
1942	437	1.01687	0.00197504
1942	438	1.01687	0.00197504
1942	439	1.01687	0.00197504
1942	440	1.01687	0.00197504
1942	441	1.01687	0.00197504
1942	442	1.01687	0.00197504
1942	443	1.01687	0.00197504
1942	444	1.01687	0.00197504
1942	445	1.01687	0.00197504
1942	446	1.01687	0.00197504
1942	447	1.01687	0.00197504
1942	448	1.01687	0.00197504
1942	449	1.01687	0.00197504
1942	450	1.01687	0.00197504
1942	451	1.01687	0.00197504
1942	452	1.01687	0.00197504
1942	453	1.01687	0.00197504
1942	454	1.01687	0.00197504
1942	455	1.01687	0.00197504
1942	456	1.01687	0.00197504
1942	457	1.01687	0.00197504
1942	458	1.01687	0.00197504
1942	459	1.01687	0.00197504
1942	460	1.01687	0.00197504
1942	461	1.01687	0.00197504
1942	462	1.01687	0.00197504
1942	463	1.01687	0.00197504
1942	464	1.01687	0.00197504
1942	465	1.01687	0.00197504
1942	466	1.01687	0.00197504
1942	467	1.01687	0.00197504
1942	468	1.01687	0.00197504
1942	469	1.01687	0.00197504
1942	470	1.01687	0.00197504
1942	471	1.01687	0.00197504
1942	472	1.01687	0.00197504
1942	473	1.01687	0.00197504
1942	474	1.01687	0.00197504
1942	475	1.01687	0.00197504
1942	476	1.01687	0.00197504
1942	477	1.01687	0.00197504
1942	478	1.01687	0.00197504
1942	479	1.01687	0.00197504
1942	480	1.01687	0.00197504
1942	481	1.01687	0.00197504
1942	482	1.01687	0.00197504
1942	483	1.01687	0.00197504
1942	484	1.01687	0.00197504
1942	485	1.01687	0.00197504
1942	486	1.01687	0.00197504
1942	487	1.01687	0.00197504
1942	488	1.01687	0.00197504
1942	489	1.01687	0.00197504
1942	490	1.01687	0.00197504
1942	491	1.01687	0.00197504
1942	492	1.01687	0.00197504
1942	493	1.01687	0.00197504
1942	494	1.01687	0.00197504
1942	495	1.01687	0.00197504
1942	496	1.01687	0.00197504
1942	497	1.01687	0.00197504
1942	498	1.01687	0.00197504
1942	499	1.01687	0.00197504
1942	500	1.01687	0.00197504
1942	501	1.01687	0.00197504
1942	502	1.01687	0.00197504
1942	503	1.01687	0.00197504
1942	504	1.01687	0.00197504
1942	505	1.01687	0.00197504
1942	506	1.01687	0.00197504
1942	507	1.01687	0.00197504
1942	508	1.01687	0.00197504
1942	509	1.01687	0.00197504
1942	510	1.01687	0.00197504
1942	511	1.01687	0.00197504
1942	512	1.01687	0.00197504
1942	513	1.01687	0.00197504
1942	514	1.01687	0.00197504
1942	515	1.01687	0.00197504
1942	516	1.01687	0.00197504
1942	517	1.01687	0.00197504
1942	518	1.01687	0.00197504
1942	519	1.01687	0.00197504
1942	520	1.01687	0.00197504
1942	521	1.01687	0.00197504
1942	522	1.01687	0.00197504
1942	523	1.01687	0.00197504
1942	524	1.01687	0.00197504
1942	525	1.01687	0.00197504
1942	526	1.01687	0.00197504
1942	527	1.01687	0.00197504
1942	528	1.01687	0.00197504
1942	529	1.01687	0.00197504
1942	530	1.01687	0.00197504
1942	531	1.01687	0.00197504
1942	532	1.01687	0.00197504
1942	533	1.01687	0.00197504
1942	534	1.01687	0.00197504
1942	535	1.01687	0.00197504
1942	536	1.01687	0.00197504
1942	537	1.01687	0.00197504
1942	538	1.01687	0.00197504
1942	539	1.01687	0.00197504
1942	540	1.01687	0.00197504
1942	541	1.01687	0.00197504
1942	542	1.01687	0.00197504
1942	543	1.01687	0.00197504
1942	544	1.01687	0.00197504
1942	545	1.01687	0.00197504
1942	546	1.01687	0.00197504
1942	547	1.01687	0.00197504
1942	548	1.01687	0.00197504
1942	549	1.01687	0.00197504
1942	550	1.01687	0.00197504
1942	551	1.01687	0.00197504
1942	552	1.01687	0.00197504
1942	553	1.01687	0.00197504
1942	554	1.01687	0.00197504
1942	555	1.01687	0.00197504
1942	556	1.01687	0.00197504
1942	557	1.01687	0.00197504
1942	558	1.01687	0.00197504
1942	559	1.01687	0.00197504
1942	560	1.01687	0.00197504
1942	561	1.01687	0.00197504
1942	562	1.01687	0.00197504
1942	563	1.01687	0.00197504
1942	564	1.01687	0.00197504
1942	565	1.01687	0.00197504
1942	566	1.01687	0.00197504
1942	567	1.01687	0.00197504
1942	568	1.01687	0.00197504
1942	569	1.01687	0.00197504
1942	570	1.01687	0.00197504
1942	571	1.01687	0.00197504
1942	572	1.01687	0.00197504
1942	573	1.01687	0.00197504
1942	574	1.01687	0.00197504
1942	575	1.01687	0.00197504
1942	576	1.01687	0.00197504
1942	577	1.01687	0.00197504
1942	578	1.01687	0.00197504
1942	579	1.01687	0.00197504
1942	580	1.01687	0.00197504
1942	581	1.01687	0.00197504
1942	582	1.01687	0.00197504
1942	583	1.01687	0.00197504
1942	584	1.01687	0.00197504
1942	585	1.01687	0.00197504
1942	586	1.01687	0.00197504
1942	587	1.01687	0.00197504
1942	588	1.01687	0.00197504
1942	589	1.01687	0.00197504
1942	590	1.01687	0.00197504
1942	591	1.01687	0.00197504
1942	592	1.01687	0.00197504
1942	593	1.01687	0.00197504
1942	594	1.01687	0.00197504
1942	595	1.01687	0.00197504
1942	596	1.01687	0.00197504
1942	597	1.01687	0.00197504
1942	598	1.01687	0.00197504
1942	599	1.01687	0.00197504
1942	600	1.01687	0.00197504
1942	601	1.01687	0.00197504
1942	602	1.01687	0.00197504
1942	603	1.01687	0.00197504
1942	604	1.01687	0.00197504
1942	605	1.01687	0.00197504
1942	606	1.01687	0.00197504
1942	607	1.01687	0.00197504
1942	608	1.01687	0.00197504
1942	609	1.01687	0.00197504
1942	610	1.01687	0.00197504
1942	611	1.01687	0.00197504
1942	612	1.01687	0.00197504
1942	613	1.01687	0.00197504
1942	614	1.01687	0.00197504
1942	615	1.01687	0.00197504
1942	616	1.01687	0.00197504
1942	617	1.01687	0.00197504
1942	618	1.01687	0.00197504
1942	619	1.01687	0.00197504
1942	620	1.01687	0.00197504
1942	621	1.01687	0.00197504
1942	622	1.01687	0.00197504
1942	623	1.01687	0.00197504
1942	624	1.01687	0.00197504
1942	625	1.01687	0.00197504
1942	626	1.01687	0.00197504
1942	627	1.01687	0.00197504
1942	628	1.01687	0.00197504
1942	629	1.01687	0.00197504
1942	630	1.01687	0.00197504
1942	631	1.01687	0.00197504
1942	632	1.01687	0.00197504
1942	633	1.01687	0.00197504
1942	634	1.01687	0.00197504
1942	635	1.01687	0.00197504
1942	636	1.01687	0.00197504
1942	637	1.01687	0.00197504
1942	638	1.01687	0.00197504
1942	639	1.01687	0.00197504
1942	640	1.01687	0.00197504
1942	641	1.01687	0.00197504
1942	642	1.01687	0.00197504
1942	643	1.01687	0.00197504
1942	644	1.01687	0.00197504
1942	645	1.01687	0.00197504
1942	646	1.01687	0.00197504
1942	647	1.01687	0.00197504
1942	648	1.01687	0.00197504
1942	649	1.01687	0.00197504
1942	650	1.01687	0.00197504
1942	651	1.01687	0.00197504
1942	652	1.01687	0.00197504
1942	653	1.01687	0.00197504
1942	654	1.01687	0.00197504
1942	655	1.01687	0.00197504
1942	656	1.01687	0.00197504
1942	657	1.01687	0.00197504
1942	658	1.01687	0.00197504
1942	659	1.01687	0.00197504
1942	660	1.01687	0.00197504
1942	661	1.01687	0.00197504
1942	662	1.01687	0.00197504
1942	663	1.01687	0.00197504
1942	664	1.01687	0.00197504
1942	665	1.01687	0.00197504
1942	666	1.01687	0.00197504
1942	667	1.01687	0.00197504
1942	668	1.01687	0.00197504
1942	669	1.01687	0.00197504
1942	670	1.01687	0.00197504
1942	671	1.01687	0.00197504
1942	672	1.01687	0.00197504
1942	673	1.01687	0.00197504
1942	674	1.01687	0.00197504
1942	675	1.01687	0.00197504
1942	676	1.01687	0.00197504
1942	677	1.01687	0.00197504
1942	678	1.01687	0.00197504
1942	679	1.01687	0.00197504
1942	680	1.01687	0.00197504
1942	681	1.01687	0.00197504
1942	682	1.01687	0.00197504
1942	683	1.01687	0.00197504
1942	684	1.01687	0.00197504
1942	685	1.01687	0.00197504
1942	686	1.01687	0.00197504
1942	687	1.01687	0.00197504
1942	688	1.01687	0.00197504
1942	689	1.01687	0.00197504
1942	690	1.01687	0.00197504
1942	691	1.01687	0.00197504
1942	692	1.01687	0.00197504
1942	693	1.01687	0.00197504
1942	694	1.01687	0.00197504
1942	695	1.01687	0.00197504
1942	696	1.01687	0.00197504
1942	697	1.01687	0.00197504
1942	698	1.01687	0.00197504
1942	699	1.01687	0.00197504
1942	700	1.01687	0.00197504
1942	701	1.01687	0.00197504
1942	702	1.01687	0.00197504
1942	703	1.01687	0.00197504
1942	704	1.01687	0.00197504
1942	705	1.01687	0.00197504
1942	706	1.01687	0.00197504
1942	707	1.01687	0.00197504
1942	708	1.01687	0.00197504
1942	709	1.01687	0.00197504
1942	710	1.01687	0.00197504
1942	711	1.01687	0.00197504
1942	712	1.01687	0.00197504
1942	713	1.01687	0.00197504
1942	714	1.01687	0.00197504
1942	715	1.01687	0.00197504
1942	716	1.01687	0.00197504
1942	717	1.01687	0.00197504
1942	718	1.01687	0.00197504
1942	719	1.01687	0.00197504
1942	720	1.01687	0.00197504
1942	721	1.01687	0.00197504
1942	722	1.01687	0.00197504
1942	723	1.01687	0.00197504
1942	724	1.01687	0.00197504
1942	725	1.01687	0.00197504
1942	726	1.01687	0.00197504
1942	727	1.01687	0.00197504
1942	728	1.01687	0.00197504
1942	729	1.01687	0.00197504
1942	730	1.01687	0.00197504
1942	731	1.01687	0.00197504
1942	732	1.01687	0.00197504
1942	733	1.01687	0.00197504
1942	734	1.01687	0.00197504
1942	735	1.01687	0.00197504
1942	736	1.01687	0.00197504
1942	737	1.01687	0.00197504
1942	738	1.01687	0.00197504
1942	739	1.01687	0.00197504
1942	740	1.01687	0.00197504
1942	741	1.01687	0.00197504
1942	742	1.01687	0.00197504
1942	743	1.01687	0.00197504
1942	744	1.01687	0.00197504
1942	745	1.01687	0.00197504
1942	746	1.01687	0.00197504
1942	747	1.01687	0.00197504
1942	748	1.01687	0.00197504
1942	749	1.01687	0.00197504
1942	750	1.01687	0.00197504
1942	751	1.01687	0.00197504
1942	752	1.01687	0.00197504
1942	753	1.01687	0.00197504
1942	754	1.01687	0.00197504
1942	755	1.01687	0.00197504
1942	756	1.01687	0.00197504
1942	757	1.01687	0.00197504
1942	758	1.01687	0.00197504
1942	759	1.01687	0.00197504
1942	760	1.01687	0.00197504
1942	761	1.01687	0.00197504
1942	762	1.01687	0.00197504
1942	763	1.01687	0.00197504
1942	764	1.01687	0.00197504
1942	765	1.01687	0.00197504
1942	766	1.01687	0.00197504
1942	767	1.01687	0.00197504
1942	768	1.01687	0.00197504
1942	769	1.01687	0.00197504
1942	770	1.01687	0.00197504
1942	771	1.01687	0.00197504
1942	772	1.01687	0.00197504
1942	773	1.01687	0.00197504
1942	774	1.01687	0.00197504
1942	775	1.01687	0.00197504
1942	776	1.01687	0.00197504
1942	777	1.01687	0.00197504
1942	778	1.01687	0.00197504
1942	779	1.01687	0.00197504
1942	780	1.01687	0.00197504
1942	781	1.01687	0.00197504
1942	782	1.01687	0.00197504
1942	783	1.01687	0.00197504
1942	784	1.01687	0.00197504
1942	785	1.01687	0.00197504
1942	786	1.01687	0.00197504
1942	787	1.01687	0.00197504
1942	788	1.01687	0.00197504
1942	789	1.01687	0.00197504
1942	790	1.01687	0.00197504
1942	791	1.01687	0.00197504
1942	792	1.01687	0.00197504
1942	793	1.01687	0.00197504
1942	794	1.01687	0.00197504
1942	795	1.01687	0.00197504
1942	796	1.01687	0.00197504
1942	797	1.01687	0.00197504
1942	798	1.01687	0.00197504
1942	799	1.01687	0.00197504
1942	800	1.01687	0.00197504
1942	801	1.01687	0.00197504
1942	802	1.01687	0.00197504
1942	803	1.01687	0.00197504
1942	804	1.01687	0.00197504
1942	805	1.01687	0.00197504
1942	806	1.01687	0.00197504
1942	807	1.01687	0.00197504
1942	808	1.01687	0.00197504
1942	809	1.01687	0.00197504
1942	810	1.01687	0.00197504
1942	811	1.01687	0.00197504
1942	812	1.01687	0.00197504
1942	813	1.01687	0.00197504
1942	814	1.01687	0.00197504
1942	815	1.01687	0.00197504
1942	816	1.01687	0.00197504
1942	817	1.01687	0.00197504
1942	818	1.01687	0.00197504
1942	819	1.01687	0.00197504
1942	820	1.01687	0.00197504
1942	821	1.01687	0.00197504
1942	822	1.01687	0.00197504
1942	823	1.01687	0.00197504
1942	824	1.01687	0.00197504
1942	825	1.01687	0.00197504
1942	826	1.01687	0.00197504
1942	827	1.01687	0.00197504
1942	828	1.01687	0.00197504
1942	829	1.01687	0.00197504
1942	830	1.01687	0.00197504
1942	831	1.01687	0.00197504
1942	832	1.01687	0.00197504
1942	833	1.01687	0.00197504
1942	834	1.01687	0.00197504
1942	835	1.01687	0.00197504
1942	836	1.01687	0.00197504
1942	837	1.01687	0.00197504
1942	838	1.01687	0.00197504
1942	839	1.01687	0.00197504
1942	840	1.01687	0.00197504
1942	841	1.01687	0.00197504
1942	842	1.01687	0.00197504
1942	843	1.01687	0.00197504
1942	844	1.01687	0.00197504
1942	845	1.01687	0.00197504
1942	846	1.01687	0.00197504
1942	847	1.01687	0.00197504
1942	848	1.01687	0.00197504
1942	849	1.01687	0.00197504
1942	850	1.01687	0.00197504
1942	851	1.01687	0.00197504
1942	852	1.01687	0.00197504
1942	853	1.01687	0.00197504
1942	854	1.01687	0.00197504
1942	855	1.01687	0.00197504
1942	856	1.01687	0.00197504
1942	857	1.01687	0.00197504
1942	858	1.01687	0.00197504
1942	859	1.01687	0.00197504
1942	860	1.01687	0.00197504
1942	861	1.01687	0.00197504
1942	862	1.01687	0.00197504
1942	863	1.01687	0.00197504
1942	864	1.01687	0.00197504
1942	865	1.01687	0.00197504
1942	866	1.01687	0.00197504
1942	867	1.01687	0.00197504
1942	868	1.01687	0.00197504
1942	869	1.01687	0.00197504
1942	870	1.01687	0.00197504
1942	871	1.01687	0.00197504
1942	872	1.01687	0.00197504
1942	873	1.01687	0.00197504
1942	874	1.01687	0.00197504
1942	875	1.01687	0.00197504
1942	876	1.01687	0.00197504
1942	877	1.01687	0.00197504
1942	878	1.01687	0.00197504
1942	879	1.01687	0.00197504
1942	880	1.01687	0.00197504
1942	881	1.01687	0.00197504
1942	882	1.01687	0.00197504
1942	883	1.01687	0.00197504
1942	884	1.01687	0.00197504
1942	885	1.01687	0.00197504
1942	886	1.01687	0.00197504
1942	887	1.01687	0.00197504
1942	888	1.01687	0.00197504
1942	889	1.01687	0.00197504
1942	890	1.01687	0.00197504
1942	891	1.01687	0.00197504
1942	892	1.01687	0.00197504
1942	893	1.01687	0.00197504
1942	894	1.01687	0.00197504
1942	895	1.01687	0.00197504
1942	896	1.01687	0.00197504
1942	897	1.01687	0.00197504
1942	898	1.01687	0.00197504
1942	899	1.01687	0.00197504
1942	900	1.01687	0.00197504
1942	901	1.01687	0.00197504
1942	902	1.01687	0.00197504
1942	903	1.01687	0.00197504
1942	904	1.01687	0.00197504
1942	905	1.01687	0.00197504
1942	906	1.01687	0.00197504
1942	907	1.01687	0.00197504
1942	908	1.01687	0.00197504
1942	909	1.01687	0.00197504
1942	910	1.01687	0.00197504
1942	911	1.01687	0.00197504
1942	912	1.01687	0.00197504
1942	913	1.01687	0.00197504
1942	914	1.01687	0.00197504
1942	915	1.01687	0.00197504
1942	916	1.01687	0.00197504
1942	917	1.01687	0.00197504
1942	918	1.01687	0.00197504
1942	919	1.01687	0.00197504
1942	920	1.01687	0.00197504
1942	921	1.01687	0.00197504
1942	922	1.01687	0.00197504
1942	923	1.01687	0.00197504
1942	924	1.01687	0.00197504
1942	925	1.01687	0.00197504
1942	926	1.01687	0.00197504
1942	927	1.01687	0.00197504
1942	928	1.01687	0.00197504
1942	929	1.01687	0.00197504
1942	930	1.01687	0.00197504
1942	931	1.01687	0.00197504
1942	932	1.01687	0.00197504
1942	933	1.01687	0.00197504
1942	934	1.01687	0.00197504
1942	935	1.01687	0.00197504
1942	936	1.01687	0.00197504
1942	937	1.01687	0.00197504
1942	938	1.01687	0.00197504
1942	939	1.01687	0.00197504
1942	940	1.01687	0.00197504
1942	941	1.01687	0.00197504
1942	942	1.01687	0.00197504
1942	943	1.01687	0.00197504
1942	944	1.01687	0.00197504
1942	945	1.01687	0.00197504
1942	946	1.01687	0.00197504
1942	947	1.01687	0.00197504
1942	948	1.01687	0.00197504
1942	949	1.01687	0.00197504
1942	950	1.01687	0.00197504
1942	951	1.01687	0.00197504
1942	952	1.01687	0.00197504
1942	953	1.01687	0.00197504
1942	954	1.01687	0.00197504
1942	955	1.01687	0.00197504
1942	956	1.01687	0.00197504
1942	957	1.01687	0.00197504
1942	958	1.01687	0.00197504
1942	959	1.01687	0.00197504
1942	960	1.01687	0.00197504
1942	961	1.01687	0.00197504
1942	962	1.01687	0.00197504
1942	963	1.01687	0.00197504
1942	964	1.01687	0.00197504
1942	965	1.01687	0.00197504
1942	966	1.01687	0.00197504
1942	967	1.01687	0.00197504
1942	968	1.01687	0.00197504
1942	969	1.01687	0.00197504
1942	970	1.01687	0.00197504
1942	971	1.01687	0.00197504
1942	972	1.01687	0.00197504
1942	973	1.01687	0.00197504
1942	974	1.01687	0.00197504
1942	975	1.01687	0.00197504
1942	976	1.01687	0.00197504
1942	977	1.01687	0.00197504
1942	978	1.01687	0.00197504
1942	979	1.01687	0.00197504
1942	980	1.01687	0.00197504
1942	981	1.01687	0.00197504
1942	982	1.01687	0.00197504
1942	983	1.01687	0.00197504
1942	984	1.01687	0.00197504
1942	985	1.01687	0.00197504
1942	986	1.01687	0.00197504
1942	987	1.01687	0.00197504
1942	988	1.01687	0.00197504
1942	989	1.01687	0.00197504
1942	990	1.01687	0.00197504
1942	991	1.01687	0.00197504
1942	992	1.01687	0.00197504
1942	993	1.01687	0.00197504
1942	994	1.01687	0.00197504
1942	995	1.01687	0.00197504
1942	996	1.01687	0.00197504
1942	997	1.01687	0.00197504
1942	998	1.01687	0.00197504
1942	999	1.01687	0.00197504
1942	1000	1.01687	0.00197504
1942	1001	1.01687	0.00197504
1942	1002	1.01687	0.00197504
1942	1003	1.01687	0.00197504
1942	1004	1.01687	0.00197504
1942	1005	1.01687	0.00197504
1942	1006	1.01687	0.00197504
1942	1007	1.01687	0.00197504
1942	1008	1.01687	0.00197504
1942	1009	1.01687	0.00197504
1942	1010	1.01687	0.00197504
1942	1011	1.01687	0.00197504
1942	1012	1.01687	0.00197504
1942	1013	1.01687	0.00197504
1942	1014	1.01687	0.00197504
1942	1015	1.01687	0.00197504
1942	1016	1.01687	0.00197504
1942	1017	1.01687	0.00197504
1942	1018	1.01687	0.00197504
1942	1019	1.01687	0.00197504
1942	1020	1.01687	0.00197504
1942	1021	1.01687	0.00197504
1942	1022	1.01687	0.00197504
1942	1023	1.01687	0.00197504
1942	1024	1.01687	0.00197504
1942	1025	1.01687	0.00197504
1942	1026	1.01687	0.00197504
1942	1027	1.01687	0.00197504
1942	1028	1.01687	0.00197504
1942	1029	1.01687	0.00197504
1942	1030	1.01687	0.00197504
1942	1031	1.01687	0.00197504
1942	1032	1.01687	0.00197504
1942	1033	1.01687	0.00197504
1942	1034	1.01687	0.00197504
1942	1035	1.01687	0.00197504
1942	1036	1.01687	0.00197504
1942	1037	1.01687	0.00197504
1942	1038	1.01687	0.00197504
1942	1039	1.01687	0.00197504
1942	1040	1.01687	0.00197504
1942	1041	1.01687	0.00197504
1942	1042	1.01687	0.00197504
1942	1043	1.01687	0.00197504
1942	1044	1.01687	0.00197504
1942	1045	1.01687	0.00197504
1942	1046	1.01687	0.00197504
1942	1047	1.01687	0.00197504
1942	1048	1.01687	0.00197504
1942	1049	1.01687	0.00197504
1942	1050	1.01687	0.00197504
1942	1051	1.01687	0.00197504
1942	1052	1.01687	0.00197504
1942	1053	1.01687	0.00197504
1942	1054	1.01687	0.00197504
1942	1055	1.01687	0.00197504
1942	1056	1.01687	0.00197504
1942	1057	1.01687	0.00197504
1942	1058	1.01687	0.00197504
1942	1059	1.01687	0.00197504
1942	1060	1.01687	0.00197504
1942	1061	1.01687	0.00197504
1942	1062	1.01687	0.00197504
1942	1063	1.01687	0.00197504
1942	1064	1.01687	0.00197504
1942	1065	1.01687	0.00197504
1942	1066	1.01687	0.00197504
1942	1067	1.01687	0.00197504
1942	1068	1.01687	0.00197504
1942	1069	1.01687	0.00197504
1942	1070	1.01687	0.00197504
1942	1071	1.01687	0.00197504
1942	1072	1.01687	0.00197504
1942	1073	1.01687	0.00197504
1942	1074	1.01687	0.00197504
1942	1075	1.01687	0.00197504
1942	1076	1.01687	0.00197504
1942	1077	1.01687	0.00197504
1942	1078	1.01687	0.00197504
1942	1079	1.01687	0.00197504
1942	1080	1.01687	0.00197504
1942	1081	1.01687	0.00197504
1942	1082	1.01687	0.00197504
1942	1083	1.01687	0.00197504
1942	1084	1.01687	0.00197504
1942	1085	1.01687	0.00197504
1942	1086	1.01687	0.00197504
1942	1087	1.01687	0.00197504
1942	1088	1.01687	0.00197504
1942	1089	1.01687	0.00197504
1942	1090	1.01687	0.00197504
1942	1091	1.01687	0.00197504
1942	1092	1.01687	0.00197504
1942	1093	1.01687	0.00197504
1942	1094	1.01687	0.00197504
1942	1095	1.01687	0.00197504
1942	1096	1.01687	0.00197504
1942	1097	1.01687	0.00197504
1942	1098	1.01687	0.00197504
1942	1099	1.01687	0.00197504
1942	1100	1.01687	0.00197504
1942	1101	1.01687	0.00197504
1942	1102	1.01687	0.00197504
1942	1103	1.01687	0.00197504
1942	1104	1.01687	0.00197504
1942	1105	1.01687	0.00197504
1942	1106	1.01687	0.00197504
1942	1107	1.01687	0.00197504
1942	1108	1.01687	0.00197504
1942	1109	1.01687	0.00197504
1942	1110	1.01687	0.00197504
1942	1111	1.01687	0.00197504
1942	1112	1.01687	0.00197504
1942	1113	1.01687	0.00197504
1942	1114	1.01687	0.00197504
1942	1115	1.01687	0.00197504
1942	1116	1.01687	0.00197504
1942	1117	1.01687	0.00197504
1942	1118	1.01687	0.00197504
1942	1119	1.01687	0.00197504
1942	1120	1.01687	0.00197504
1942	1121	1.01687	0.00197504
1942	1122	1.01687	0.00197504
1942	1123	1.01687	0.00197504
1942	1124	1.01687	0.00197504
1942	1125	1.01687	0.00197504
1942	1126	1.01687	0.00197504
1942	1127	1.01687	0.00197504
1942	1128	1.01687	0.00197504
1942	1129	1.01687	0.00197504
1942	1130	1.01687	0.00197504
1942	1131	1.01687	0.00197504
1942	1132	1.01687	0.00197504
1942	1133	1.01687	0.00197504
1942	1134	1.01687	0.00197504
1942	1135	1.01687	0.00197504
1942	1136	1.01687	0.00197504
1942	1137	1.01687	0.00197504
1942	1138	1.01687	0.00197504
1942	1139	1.01687	0.00197504
1942	1140	1.01687	0.00197504
1942	1141	1.01687	0.00197504
1942	1142	1.01687	0.00197504
1942	1143	1.01687	0.00197504
1942	1144	1.01687	0.00197504
1942	1145	1.01687	0.00197504
1942	1146	1.01687	0.00197504
1942	1147	1.01687	0.00197504
1942	1148	1.01687	0.00197504
1942	1149	1.01687	0.00197504
1942	1150	1.01687	0.00197504
1942	1151	1.01687	0.00197504
1942	1152	1.01687	0.00197504
1942	1153	1.01687	0.00197504
1942	1154	1.01687	0.00197504
1942	1155	1.01687	0.00197504
1942	1156	1.01687	0.00197504
1942	1157	1.01687	0.00197504
1942	1158	1.01687	0.00197504
1942	1159	1.01687	0.00197504
1942	1160	1.01687	0.00197504
1942	1161	1.01687	0.00197504
1942	1162	1.01687	0.00197504
1942	1163	1.01687	0.00197504
1942	1164	1.01687	0.00197504
1942	1165	1.01687	0.00197504
1942	1166	1.01687	0.00197504
1942	1167	1.01687	0.00197504
1942	1168	1.01687	0.00197504
1942	1169	1.01687	0.00197504
1942	1170	1.01687	0.00197504
1942	1171	1.01687	0.00197504
1942	1172	1.01687	0.00197504
1942	1173	1.01687	0.00197504
1942	1174	1.01687	0.00197504
1942	1175	1.01687	0.00197504
1942	1176	1.01687	0.00197504
1942	1177	1.01687	0.00197504
1942	1178	1.01687	0.00197504
1942	1179	1.01687	0.00197504
1942	1180	1.01687	0.00197504
1942	1181	1.01687	0.00197504
1942	1182	1.01687	0.00197504
1942	1183	1.01687	0.00197504
1942	1184	1.01687	0.00197504
1942	1185	1.01687	0.00197504
1942	1186	1.01687	0.00197504
1942	1187	1.01687	0.00197504
1942	1188	1.01687	0.00197504
1942	1189	1.01687	0.00197504
1942	1190	1.01687	0.00197504
1942	1191	1.01687	0.00197504
1942	1192	1.01687	0.00197504
1942	1193	1.01687	0.00197504
1942	1194	1.01687	0.00197504
1942	1195	1.01687	0.00197504
1942	1196	1.01687	0.00197504
1942	1197	1.01687	0.00197504
1942	1198	1.01687	0.00197504
1942	1199	1.01687	0.00197504
1942	1200	1.01687	0.00197504
1942	1201	1.01687	0.00197504
1942	1202	1.01687	0.00197504
1942	1203	1.01687	0.00197504
1942	1204	1.01687	0.00197504
1942	1205	1.01687	0.00197504
1942	1206	1.01687	0.00197504
1942	1207	1.01687	0.00197504
1942	1208	1.01687	0.00197504
1942	1209	1.01687	0.00197504
1942	1210	1.01687	0.00197504
1942	1211	1.01687	0.00197504
1942	1212	1.01687	0.00197504
1942	1213	1.01687	0.00197504
1942	1214	1.01687	0.00197504
1942	1215	1.01687	0.00197504
1942	1216	1.01687	0.00197504
1942	1217	1.01687	0.00197504
1942	1218	1.01687	0.00197504
1942	1219	1.01687	0.00197504
1942	1220	1.01687	0.00197504
1942	1221	1.01687	0.00197504
1942	1222	1.01687	0.00197504
1942	1223	1.01687	0.00197504
1942	1224	1.01687	0.00197504
1942	1225	1.01687	0.00197504
1942	1226	1.01687	0.00197504
1942	1227	1.01687	0.00197504
1942	1228	1.01687	0.00197504
1942	1229	1.01687	0.00197504
1942	1230	1.01687	0.00197504
1942	1231	1.01687	0.00197504
1942	1232	1.01687	0.00197504
1942	1233	1.01687	0.00197504
1942	1234	1.01687	0.00197504
1942	1235	1.01687	0.00197504
1942	1236	1.01687	0.00197504
1942	1237	1.01687	0.00197504
1942	1238	1.01687	0.00197504
1942	1239	1.01687	0.00197504
1942	1240	1.01687	0.00197504
1942	1241	1.01687	0.00197504
1942	1242	1.01687	0.00197504
1942	1243	1.01687	0.00197504
1942	1244	1.01687	0.00197504
1942	1245	1.01687	0.00197504
1942	1246	1.01687	0.00197504
1942	1247	1.01687	0.00197504
1942	1248	1.01687	0.00197504
1942	1249	1.01687	0.00197504
1942	1250	1.01687	0.00197504
1942	1251	1.01687	0.00197504
1942	1252	1.01687	0.00197504
1942	1253	1.01687	0.00197504
1942	1254	1.01687	0.00197504
1942	1255	1.01687	0.00197504
1942	1256	1.01687	0.00197504
1942	1257	1.01687	0.00197504
1942	1258	1.01687	0.00197504
1942	1259	1.01687	0.00197504
1942	1260	1.01687	0.00197504
1942	1261	1.01687	0.00197504
1942	1262	1.01687	0.00197504
1942	1263	1.01687	0.00197504
1942	1264	1.01687	0.00197504
1942	1265	1.01687	0.00197504
1942	1266	1.01687	0.00197504
1942	1267	1.01687	0.00197504
1942	1268	1.01687	0.00197504
1942	1269	1.01687	0.00197504
1942	1270	1.01687	0.00197504
1942	1271	1.01687	0.00197504
1942	1272	1.01687	0.00197504
1942	1273	1.01687	0.00197504
1942	1274	1.01687	0.00197504
1942	1275	1.01687	0.00197504
1942	1276	1.01687	0.00197504
1942	1277	1.01687	0.00197504
1942	1278	1.01687	0.00197504
1942	1279	1.01687	0.00197504
1942	1280	1.01687	0.00197504
1942	1281	1.01687	0.00197504
1942	1282	1.01687	0.00197504
1942	1283	1.01687	0.00197504
1942	1284	1.01687	0.00197504
1942	1285	1.01687	0.00197504
1942	1286	1.01687	0.00197504
1942	1287	1.01687	0.00197504
1942	1288	1.01687	0.00197504
1942	1289	1.01687	0.00197504
1942	1290	1.01687	0.00197504
1942	1291	1.01687	0.00197504
1942	1292	1.01687	0.00197504
1942	1293	1.01687	0.00197504
1942	1294	1.01687	0.00197504
1942	1295	1.01687	0.00197504
1942	1296	1.01687	0.00197504
1942	1297	1.01687	0.00197504
1942	1298	1.01687	0.00197504
1942	1299	1.01687	0.00197504
1942	1300	1.01687	0.00197504
1942	1301	1.01687	0.00197504
1942	1302	1.01687	0.00197504
1942	1303	1.01687	0.00197504
1942	1304	1.01687	0.00197504
1942	1305	1.01687	0.00197504
1942	1306	1.01687	0.00197504
1942	1307	1.01687	0.00197504
1942	1308	1.01687	0.00197504
1942	1309	1.01687	0.00197504
1942	1310	1.01687	0.00197504
1942	1311	1.01687	0.00197504
1942	1312	1.01687	0.00197504
1942	1313	1.01687	0.00197504
1942	1314	1.01687	0.00197504
1942	1315	1.01687	0.00197504
1942	1316	1.01687	0.00197504
1942	1317	1.01687	0.00197504
1942	1318	1.01687	0.00197504
1942	1319	1.01687	0.00197504
1942	1320	1.01687	0.00197504
1942	1321	1.01687	0.00197504
1942	1322	1.01687	0.00197504
1942	1323	1.01687	0.00197504
1942	1324	1.01687	0.00197504
1942	1325	1.01687	0.00197504
1942	1326	1.01687	0.00197504
1942	1327	1.01687	0.00197504
1942	1328	1.01687	0.00197504
1942	1329	1.01687	0.00197504
1942	1330	1.01687	0.00197504
1942	1331	1.01687	0.00197504
1942	1332	1.01687	0.00197504
1942	1333	1.01687	0.00197504
1942	1334	1.01687	0.00197504
1942	1335	1.01687	0.00197504
1942	1336	1.01687	0.00197504
1942	1337	1.01687	0.00197504
1942	1338	1.01687	0.00197504
1942	1339	1.01687	0.00197504
1942	1340	1.01687	0.00197504
1942	1341	1.01687	0.00197504
1942	1342	1.01687	0.00197504
1942	1343	1.01687	0.00197504
1942	1344	1.01687	0.00197504
1942	1345	1.01687	0.00197504
1942	1346	1.01687	0.00197504
1942	1347	1.01687	0.00197504
1942	1348	1.01687	0.00197504
1942	1349	1.01687	0.00197504
1942	1350	1.01687	0.00197504
1942	1351	1.01687	0.00197504
1942	1352	1.01687	0.00197504
1942	1353	1.01687	0.00197504
1942	1354	1.01687	0.00197504
1942	1355	1.01687	0.00197504
1942	1356	1.01687	0.00197504
1942	1357	1.01687	0.00197504
1942	1358	1.01687	0.00197504
1942	1359	1.01687	0.00197504
1942	1360	1.01687	0.00197504
1942	1361	1.01687	0.00197504
1942	1362	1.01687	0.00197504
1942	1363	1.01687	0.00197504
1942	1364	1.01687	0.00197504
1942	1365	1.01687	0.00197504
1942	1366	1.01687	0.00197504
1942	1367	1.01687	0.00197504
1942	1368	1.01687	0.00197504
1942	1369	1.01687	0.00197504
1942	1370	1.01687	0.00197504
1942	1371	1.01687	0.00197504
1942	1372	1.01687	0.00197504
1942	1373	1.01687	0.00197504
1942	1374	1.01687	0.00197504
1942	1375	1.01687	0.00197504
1942	1376	1.01687	0.00197504
1942	1377	1.01687	0.00197504
1942	1378	1.01687	0.00197504
1942	1379	1.01687	0.00197504
1942	1380	1.01687	0.00197504
1942	1381	1.01687	0.00197504
1942	1382	1.01687	0.00197504
1942	1383	1.01687	0.00197504
1942	1384	1.01687	0.00197504
1942	1385	1.01687	0.00197504
1942	1386	1.01687	0.00197504
1942	1387	1.01687	0.00197504
1942	1388	1.01687	0.00197504
1942	1389	1.01687	0.00197504
1942	1390	1.01687	0.00197504
1942	1391	1.01687	0.00197504
1942	1392	1.01687	0.00197504
1942	1393	1.01687	0.00197504
1942	1394	1.01687	0.00197504
1942	1395	1.01687	0.00197504
1942	1396	1.01687	0.00197504
1942	1397	1.01687	0.00197504
1942	1398	1.01687	0.00197504
1942	1399	1.01687	0.00197504
1942	1400	1.01687	0.00197504
1942	1401	1.01687	0.00197504
1942	1402	1.01687	0.00197504
1942	1403	1.01687	0.00197504
1942	1404	1.01687	0.00197504
1942	1405	1.01687	0.00197504
1942	1406	1.01687	0.00197504
1942	1407	1.01687	0.00197504
1942	1408	1.01687	0.00197504
1942	1409	1.01687	0.00197504
1942	1410	1.01687	0.00197504
1942	1411	1.01687	0.00197504
1942	1412	1.01687	0.00197504
1942	1413	1.01687	0.00197504
1942	1414	1.01687	0.00197504
1942	1415	1.01687	0.00197504
1942	1416	1.01687	0.00197504
1942	1417	1.01687	0.00197504
1942	1418	1.01687	0.00197504
1942	1419	1.01687	0.00197504
1942	1420	1.01687	0.00197504
1942	1421	1.01687	0.00197504
1942	1422	1.01687	0.00197504
1942	1423	1.01687	0.00197504
1942	1424	1.01687	0.00197504
1942	1425	1.01687	0.00197504
1942	1426	1.01687	0.00197504
1942	1427	1.01687	0.00197504
1942	1428	1.01687	0.00197504
1942	1429	1.01687	0.00197504
1942	1430	1.01687	0.00197504
1942	1431	1.01687	0.00197504
1942	1432	1.01687	0.00197504
1942	1433	1.01687	0.00197504
1942	1434	1.01687	0.00197504
1942	1435	1.01687	0.00197504
1942	1436	1.01687	0.00197504
1942	1437	1.01687	0.00197504
1942	1438	1.01687	0.00197504
1942	1439	1.01687	0.00197504
1942	1440	1.01687	0.00197504
1942	1441	1.01687	0.00197504
1942	1442	1.01687	0.00197504
1942	1443	1.01687	0.00197504
1942	1444	1.01687	0.00197504
1942	1445	1.01687	0.00197504
1942	1446	1.01687	0.00197504
1942	1447	1.01687	0.00197504
1942	1448	1.01687	0.00197504
1942	1449	1.01687	0.00197504
1942	1450	1.01687	0.00197504
1942	1451	1.01687	0.00197504
1942	1452	1.01687	0.00197504
1942	1453	1.01687	0.00197504
1942	1454	1.01687	0.00197504
1942	1455	1.01687	0.00197504
1942	1456	1.01687	0.00197504
1942	1457	1.01687	0.00197504
1942	1458	1.01687	0.00197504
1942	1459	1.01687	0.00197504
1942	1460	1.01687	0.00197504
1942	1461	1.01687	0.00197504
1942	1462	1.01687	0.00197504
1942	1463	1.01687	0.00197504
1942	1464	1.01687	0.00197504
1942	1465	1.01687	0.00197504
1942	1466	1.01687	0.00197504
1942	1467	1.01687	0.00197504
1942	1468	1.01687	0.00197504
1942	1469	1.01687	0.00197504
1942	1470	1.01687	0.00197504
1942	1471	1.01687	0.00197504
1942	1472	1.01687	0.00197504
1942	1473	1.01687	0.00197504
1942	1474	1.01687	0.00197504
1942	1475	1.01687	0.00197504
1942	1476	1.01687	0.00197504
1942	1477	1.01687	0.00197504
1942	1478	1.01687	0.00197504
1942	1479	1.01687	0.00197504
1942	1480	1.01687	0.00197504
1942	1481	1.01687	0.00197504
1942	1482	1.01687	0.00197504
1942	1483	1.01687	0.00197504
1942	1484	1.01687	0.00197504
1942	1485	1.01687	0.00197504
1942	1486	1.01687	0.00197504
1942	1487	1.01687	0.00197504
1942	1488	1.01687	0.00197504
1942	1489	1.01687	0.00197504
1942	1490	1.01687	0.00197504
1942	1491	1.01687	0.00197504
1942	1492	1.01687	0.00197504
1942	1493	1.01687	0.00197504
1942	1494	1.01687	0.00197504
1942	1495	1.01687	0.00197504
1942	1496	1.01687	0.00197504
1942	1497	1.01687	0.00197504
1942	1498	1.01687	0.00197504
1942	1499	1.01687	0.00197504
1942	1500	1.01687	0.00197504
1942	1501	1.01687	0.00197504
1942	1502	1.01687	0.00197504
1942	1503	1.01687	0.00197504
1942	1504	1.01687	0.00197504
1942	1505	1.01687	0.00197504
1942	1506	1.01687	0.00197504
1942	1507	1.01687	0.00197504
1942	1508	1.01687	0.00197504
1942	1509	1.01687	0.00197504
1942	1510	1.01687	0.00197504
1942	1511	1.01687	0.00197504
1942	1512	1.01687	0.00197504
1942	1513	1.01687	0.00197504
1942	1514	1.01687	0.00197504
1942	1515	1.01687	0.00197504
1942	1516	1.01687	0.00197504
1942	1517	1.01687	0.00197504
1942	1518	1.01687	0.00197504
1942	1519	1.01687	0.00197504
1942	1520	1.01687	0.00197504
1942	1521	1.01687	0.00197504
1942	1522	1.01687	0.00197504
1942	1523	1.01687	0.00197504
1942	1524	1.01687	0.00197504
1942	1525	1.01687	0.00197504
1942	1526	1.01687	0.00197504
1942	1527	1.01687	0.00197504
1942	1528	1.01687	0.00197504
1942	1529	1.01687	0.00197504
1942	1530	1.01687	0.00197504
1942	1531	1.01687	0.00197504
1942	1532	1.01687	0.00197504
1942	1533	1.01687	0.00197504
1942	1534	1.01687	0.00197504
1942	1535	1.01687	0.00197504
1942	1536	1.01687	0.00197504
1942	1537	1.01687	0.00197504
1942	1538	1.01687	0.00197504
1942	1539	1.01687	0.00197504
1942	1540	1.01687	0.00197504
1942	1541	1.01687	0.00197504
1942	1542	1.01687	0.00197504
1942	1543	1.01687	0.00197504
1942	1544	1.01687	0.00197504
1942	1545	1.01687	0.00197504
1942	1546	1.01687	0.00197504
1942	1547	1.01687	0.00197504
1942	1548	1.01687	0.00197504
1942	1549	1.01687	0.00197504
1942	1550	1.01687	0.00197504
1942	1551	1.01687	0.00197504
1942	1552	1.01687	0.00197504
1942	1553	1.01687	0.00197504
1942	1554	1.01687	0.00197504
1942	1555	1.01687	0.00197504
1942	1556	1.01687	0.00197504
1942	1557	1.01687	0.00197504
1942	1558	1.01687	0.00197504
1942	1559	1.01687	0.00197504
1942	1560	1.01687	0.00197504
1942	1561	1.01687	0.00197504
1942	1562	1.01687	0.00197504
1942	1563	1.01687	0.00197504
1942	1564	1.01687	0.00197504
1942	1565	1.01687	0.00197504
1942	1566	1.01687	0.00197504
1942	1567	1.01687	0.00197504
1942	1568	1.01687	0.00197504
1942	1569	1.01687	0.00197504
1942	1570	1.01687	0.00197504
1942	1571	1.01687	0.00197504
1942	1572	1.01687	0.00197504
1942	1573	1.01687	0.00197504
1942	1574	1.01687	0.00197504
1942	1575	1.01687	0.00197504
1942	1576	1.01687	0.00197504
1942	1577	1.01687	0.00197504
1942	1578	1.01687	0.00197504
1942	1579	1.01687	0.00197504
1942	1580	1.01687	0.00197504
1942	1581	1.01687	0.00197504
1942	1582	1.01687	0.00197504
1942	1583	1.01687	0.00197504
1942	1584	1.01687	0.00197504
1942	1585	1.01687	0.00197504
1942	1586	1.01687	0.00197504
1942	1587	1.01687	0.00197504
1942	1588	1.01687	0.00197504
1942	1589	1.01687	0.00197504
1942	1590	1.01687	0.00197504
1942	1591	1.01687	0.00197504
1942	1592	1.01687	0.00197504
1942	1593	1.01687	0.00197504
1942	1594	1.01687	0.00197504
1942	1595	1.01687	0.00197504
1942	1596	1.01687	0.00197504
1942	1597	1.01687	0.00197504
1942	1598	1.01687	0.00197504
1942	1599	1.01687	0.00197504
1942	1600	1.01687	0.00197504
1942	1601	1.01687	0.00197504
1942	1602	1.01687	0.00197504
1942	1603	1.01687	0.00197504
1942	1604	1.01687	0.00197504
1942	1605	1.01687	0.00197504
1942	1606	1.01687	0.00197504
1942	1607	1.01687	0.00197504
1942	1608	1.01687	0.00197504
1942	1609	1.01687	0.00197504
1942	1610	1.01687	0.00197504
1942	1611	1.01687	0.00197504
1942	1612	1.01687	0.00197504
1942	1613	1.01687	0.00197504
1942	1614	1.01687	0.00197504
1942	1615	1.01687	0.00197504
1942	1616	1.01687	0.00197504
1942	1617	1.01687	0.00197504
1942	1618	1.01687	0.00197504
1942	1619	1.01687	0.00197504
1942	1620	1.01687	0.00197504
1942	1621	1.01687	0.00197504
1942	1622	1.01687	0.00197504
1942	1623	1.01687	0.00197504
1942	1624	1.01687	0.00197504
1942	1625	1.01687	0.00197504
1942	1626	1.01687	0.00197504
1942	1627	1.01687	0.00197504
1942	1628	1.01687	0.00197504
1942	1629	1.01687	0.00197504
1942	1630	1.01687	0.00197504
1942	1631	1.01687	0.00197504
1942	1632	1.01687	0.00197504
1942	1633	1.01687	0.00197504
1942	1634	1.01687	0.00197504
1942	1635	1.01687	0.00197504
1942	1636	1.01687	0.00197504
1942	1637	1.01687	0.00197504
1942	1638	1.01687	0.00197504
1942	1639	1.01687	0.00197504
1942	1640	1.01687	0.00197504
1942	1641	1.01687	0.00197504
1942	1642	1.01687	0.00197504
1942	1643	1.01687	0.00197504
1942	1644	1.01687	0.00197504
1942	1645	1.01687	0.00197504
1942	1646	1.01687	0.00197504
1942	1647	1.01687	0.00197504
1942	1648	1.01687	0.00197504
1942	1649	1.01687	0.00197504
1942	1650	1.01687	0.00197504
1942	1651	1.01687	0.00197504
1942	1652	1.01687	0.00197504
1942	1653	1.01687	0.00197504
1942	1654	1.01687	0.00197504
1942	1655	1.01687	0.00197504
1942	1656	1.01687	0.00197504
1942	1657	1.01687	0.00197504
1942	1658	1.01687	0.00197504
1942	1659	1.01687	0.00197504
1942	1660	1.01687	0.00197504
1942	1661	1.01687	0.00197504
1942	1662	1.01687	0.00197504
1942	1663	1.01687	0.00197504
1942	1664	1.01687	0.00197504
1942	1665	1.01687	0.00197504
1942	1666	1.01687	0.00197504
1942	1667	1.01687	0.00197504
1942	1668	1.01687	0.00197504
1942	1669	1.01687	0.00197504
1942	1670	1.01687	0.00197504
1942	1671	1.01687	0.00197504
1942	1672	1.01687	0.00197504
1942	1673	1.01687	0.00197504
1942	1674	1.01687	0.00197504
1942	1675	1.01687	0.00197504
1942	1676	1.01687	0.00197504
1942	1677	1.01687	0.00197504
1942	1678	1.01687	0.00197504
1942	1679	1.01687	0.00197504
1942	1680	1.01687	0.00197504
1942	1681	1.01687	0.00197504
1942	1682	1.01687	0.00197504
1942	1683	1.01687	0.00197504
1942	1684	1.01687	0.00197504
1942	1685	1.01687	0.00197504
1942	1686	1.01687	0.00197504
1942	1687	1.01687	0.00197504
1942	1688	1.01687	0.00197504
1942	1689	1.01687	0.00197504
1942	1690	1.01687	0.00197504
1942	1691	1.01687	0.00197504
1942	1692	1.01687	0.00197504
1942	1693	1.01687	0.00197504
1942	1694	1.01687	0.00197504
1942	1695	1.01687	0.00197504
1942	1696	1.01687	0.00197504
1942	1697	1.01687	0.00197504
1942	1698	1.01687	0.00197504
1942	1699	1.01687	0.00197504
1942	1700	1.01687	0.00197504
1942	1701	1.01687	0.00197504
1942	1702	1.01687	0.00197504
1942	1703	1.01687	0.00197504
1942	1704	1.01687	0.00197504
1942	1705	1.01687	0.00197504
1942	1706	1.01687	0.00197504
1942	1707	1.01687	0.00197504
1942	1708	1.01687	0.00197504
1942	1709	1.01687	0.00197504
1942	1710	1.01687	0.00197504
1942	1711	1.01687	0.00197504
1942	1712	1.01687	0.00197504
1942	1713	1.01687	0.00197504
1942	1714	1.01687	0.00197504
1942	1715	1.01687	0.00197504
1942	1716	1.01687	0.00197504
1942	1717	1.01687	0.00197504
1942	1718	1.01687	0.00197504
1942	1719	1.01687	0.00197504
1942	1720	1.01687	0.00197504
1942	1721	1.01687	0.00197504
1942	1722	1.01687	0.00197504
1942	1723	1.01687	0.00197504
1942	1724	1.01687	0.00197504
1942	1725	1.01687	0.00197504
1942	1726	1.01687	0.00197504
1942	1727	1.01687	0.00197504
1942	1728	1.01687	0.00197504
1942	1729	1.01687	0.00197504
1942	1730	1.01687	0.00197504
1942	1731	1.01687	0.00197504
1942	1732	1.01687	0.00197504
1942	1733	1.01687	0.00197504
1942	1734	1.01687	0.00197504
1942	1735	1.01687	0.00197504
1942	1736	1.01687	0.00197504
1942	1737	1.01687	0.00197504
1942	1738	1.01687	0.00197504
1942	1739	1.01687	0.00197504
1942	1740	1.01687	0.00197504
1942	1741	1.01687	0.00197504
1942	1742	1.01687	0.00197504
1942	1743	1.01687	0.00197504
1942	1744	1.01687	0.00197504
1942	1745	1.01687	0.00197504
1942	1746	1.01687	0.00197504
1942	1747	1.01687	0.00197504
1942	1748	1.01687	0.00197504
1942	1749	1.01687	0.00197504
1942	1750	1.01687	0.00197504
1942	1751	1.01687	0.00197504
1942	1752	1.01687	0.00197504
1942	1753	1.01687	0.00197504
1942	1754	1.01687	0.00197504
1942	1755	1.01687	0.00197504
1942	1756	1.01687	0.00197504
1942	1757	1.01687	0.00197504
1942	1758	1.01687	0.00197504
1942	1759	1.01687	0.00197504
1942	1760	1.01687	0.00197504
1942	1761	1.01687	0.00197504
1942	1762	1.01687	0.00197504
1942	1763	1.01687	0.00197504
1942	1764	1.01687	0.00197504
1942	1765	1.01687	0.00197504
1942	1766	1.01687	0.00197504
1942	1767	1.01687	0.00197504
1942	1768	1.01687	0.00197504
1942	1769	1.01687	0.00197504
1942	1770	1.01687	0.00197504
1942	1771	1.01687	0.00197504
1942	1772	1.01687	0.00197504
1942	1773	1.01687	0.00197504
1942	1774	1.01687	0.00197504
1942	1775	1.01687	0.00197504
1942	1776	1.01687	0.00197504
1942	1777	1.01687	0.00197504
1942	1778	1.01687	0.00197504
1942	1779	1.01687	0.00197504
1942	1780	1.01687	0.00197504
1942	1781	1.01687	0.00197504
1942	1782	1.01687	0.00197504
1942	1783	1.01687	0.00197504
1942	1784	1.01687	0.00197504
1942	1785	1.01687	0.00197504
1942	1786	1.01687	0.00197504
1942	1787	1.01687	0.00197504
1942	1788	1.01687	0.00197504
1942	1789	1.01687	0.00197504
1942	1790	1.01687	0.00197504
1942	1791	1.01687	0.00197504
1942	1792	1.01687	0.00197504
1942	1793	1.01687	0.00197504
1942	1794	1.01687	0.00197504
1942	1795	1.01687	0.00197504
1942	1796	1.01687	0.00197504
1942	1797	1.01687	0.00197504
1942	1798	1.01687	0.00197504
1942	1799	1.01687	0.00197504
1942	1800	1.01687	0.00197504
1942	1801	1.01687	0.00197504
1942	1802	1.01687	0.00197504
1942	1803	1.01687	0.00197504
1942	1804	1.01687	0.00197504
1942	1805	1.01687	0.00197504
1942	1806	1.01687	0.00197504
1942	1807	1.01687	0.00197504
1942	1808	1.01687	0.00197504
1942	1809	1.01687	0.00197504
1942	1810	1.01687	0.00197504
1942	1811	1.01687	0.00197504
1942	1812	1.01687	0.00197504
1942	1813	1.01687	0.00197504
1942	1814	1.01687	0.00197504
1942	1815	1.01687	0.00197504
1942	1816	1.01687	0.00197504
1942	1817	1.01687	0.00197504
1942	1818	1.01687	0.00197504
1942	1819	1.01687	0.00197504
1942	1820	1.01687	0.00197504
1942	1821	1.01687	0.00197504
1942	1822	1.01687	0.00197504
1942	1823	1.01687	0.00197504
1942	1824	1.01687	0.00197504
1942	1825	1.01687	0.00197504
1942	1826	1.01687	0.00197504
1942	1827	1.01687	0.00197504
1942	1828	1.01687	0.00197504
1942	1829	1.01687	0.00197504
1942	1830	1.01687	0.00197504
1942	1831	1.01687	0.00197504
1942	1832	1.01687	0.00197504
1942	1833	1.01687	0.00197504
1942	1834	1.01687	0.00197504
1942	1835	1.01687	0.00197504
1942	1836	1.01687	0.00197504
1942	1837	1.01687	0.00197504
1942	1838	1.01687	0.00197504
1942	1839	1.01687	0.00197504
1942	1840	1.01687	0.00197504
1942	1841	1.01687	0.00197504
1942	1842	1.01687	0.00197504
1942	1843	1.01687	0.00197504
1942	1844	1.01687	0.00197504
1942	1845	1.01687	0.00197504
1942	1846	1.01687	0.00197504
1942	1847	1.01687	0.00197504
1942	1848	1.01687	0.00197504
1942	1849	1.01687	0.00197504
1942	1850	1.01687	0.00197504
1942	1851	1.01687	0.00197504
1942	1852	1.01687	0.00197504
1942	1853	1.01687	0.00197504
1942	1854	1.01687	0.00197504
1942	1855	1.01687	0.00197504
1942	1856	1.01687	0.00197504
1942	1857	1.01687	0.00197504
1942	1858	1.01687	0.00197504
1942	1859	1.01687	0.00197504
1942	1860	1.01687	0.00197504
1942	1861	1.01687	0.00197504
1942	1862	1.01687	0.00197504
1942	1863	1.01687	0.00197504
1942	1864	1.01687	0.00197504
1942	1865	1.01687	0.00197504
1942	1866	1.01687	0.00197504
1942	1867	1.01687	0.00197504
1942	1868	1.01687	0.00197504
1942	1869	1.01687	0.00197504
1942	1870	1.01687	0.00197504
1942	1871	1.01687	0.00197504
1942	1872	1.01687	0.00197504
1942	1873	1.01687	0.00197504
1942	1874	1.01687	0.00197504
1942	1875	1.01687	0.00197504
1942	1876	1.01687	0.00197504
1942	1877	1.01687	0.00197504
1942	1878	1.01687	0.00197504
1942	1879	1.01687	0.00197504
1942	1880	1.01687	0.00197504
1942	1881	1.01687	0.00197504
1942	1882	1.01687	0.00197504
1942	1883	1.01687	0.00197504
1942	1884	1.01687	0.00197504
1942	1885	1.01687	0.00197504
1942	1886	1.01687	0.00197504
1942	1887	1.01687	0.00197504
1942	1888	1.01687	0.00197504
1942	1889	1.01687	0.00197504
1942	1890	1.01687	0.00197504
1942	1891	1.01687	0.00197504
1942	1892	1.01687	0.00197504
1942	1893	1.01687	0.00197504
1942	1894	1.01687	0.00197504
1942	1895	1.01687	0.00197504
1942	1896	1.01687	0.00197504
1942	1897	1.01687	0.00197504
1942	1898	1.01687	0.00197504
1942	1899	1.01687	0.00197504
1942	1900	1.01687	0.00197504
1942	1901	1.01687	0.00197504
1942	1902	1.01687	0.00197504
1942	1903	1.01687	0.00197504
1942	1904	1.01687	0.00197504
1942	1905	1.01687	0.00197504
1942	1906	1.01687	0.00197504
1942	1907	1.01687	0.00197504
1942	1908	1.01687	0.00197504
1942	1909	1.01687	0.00197504
1942	1910	1.01687	0.00197504
1942	1911	1.01687	0.00197504
1942	1912	1.01687	0.00197504
1942	1913	1.01687	0.00197504
1942	1914	1.01687	0.00197504
1942	1915	1.01687	0.00197504
1942	1916	1.01687	0.00197504
1942	1917	1.01687	0.00197504
1942	1918	1.01687	0.00197504
1942	1919	1.01687	0.00197504
1942	1920	1.01687	0.00197504
1942	1921	1.01687	0.00197504
1942	1922	1.01687	0.00197504
1942	1923	1.01687	0.00197504
1942	1924	1.01687	0.00197504
1942	1925	1.01687	0.00197504
1942	1926	1.01687	0.00197504
1942	1927	1.01687	0.00197504
1942	1928	1.01687	0.00197504
1942	1929	1.01687	0.00197504
1942	1930	1.01687	0.00197504
1942	1931	1.01687	0.00197504
1942	1932	1.01687	0.00197504
1942	1933	1.01687	0.00197504
1942	1934	1.01687	0.00197504
1942	1935	1.01687	0.00197504
1942	1936	1.01687	0.00197504
1942	1937	1.01687	0.00197504
1942	1938	1.01687	0.00197504
1942	1939	1.01687	0.00197504
1942	1940	1.01687	0.00197504
1942	1941	1.01687	0.00197504
1942	1942	1.01687	0.00197504
1942	1943	1.01687	0.00197504
1942	1944	1.01687	0.00197504
1942	1945	1.01687	0.00197504
1942	1946	1.01687	0.00197504
1942	1947	1.01687	0.00197504
1942	1948	1.01687	0.00197504
1942	1949	1.01687	0.00197504
1942	1950	1.01687	0.00197504
1942	1951	1.01687	0.00197504
1942	1952	1.01687	0.00197504
1942	1953	1.01687	0.00197504
1942	1954	1.01687	0.00197504
1942	1955	1.01687	0.00197504
1942	1956	1.01687	0.00197504
1942	1957	1.01687	0.00197504
1942	1958	1.01687	0.00197504
1942	1959	1.01687	0.00197504
1942	1960	1.01687	0.00197504
1942	1961	1.01687	0.00197504
1942	1962	1.01687	0.00197504
1942	1963	1.01687	0.00197504
1942	1964	1.01687	0.00197504
1942	1965	1.01687	0.00197504
1942	1966	1.01687	0.00197504
1942	1967	1.01687	0.00197504
1942	1968	1.01687	0.00197504
1942	1969	1.01687	0.00197504
1942	1970	1.01687	0.00197504
1942	1971	1.01687	0.00197504
1942	1972	1.01687	0.00197504
1942	1973	1.01687	0.00197504
1942	1974	1.01687	0.00197504
1942	1975	1.01687	0.00197504
1942	1976	1.01687	0.00197504
1942	1977	1.01687	0.00197504
1942	1978	1.01687	0.00197504
1942	1979	1.01687	0.00197504
1942	1980	1.01687	0.00197504
1942	1981	1.01687	0.00197504
1942	1982	1.01687	0.00197504
1942	1983	1.01687	0.00197504
1942	1984	1.01687	0.00197504
1942	1985	1.01687	0.00197504
1942	1986	1.01687	0.00197504
1942	1987	1.01687	0.00197504
1942	1988	1.01687	0.00197504
1942	1989	1.01687	0.00197504
1942	1990	1.01687	0.00197504
1942	1991	1.01687	0.00197504
1942	1992	1.01687	0.00197504
1942	1993	1.01687	0.00197504
1942	1994	1.01687	0.00197504
1942	1995	1.01687	0.00197504
1942	1996	1.01687	0.00197504
1942	1997	1.01687	0.00197504
1942	1998	1.01687	0.00197504
1942	1999	1.01687	0.00197504
1942	2000	1.01687	0.00197504
1942	2001	1.01687	0.00197504
1942	2002	1.01687	0.00197504
1942	2003	1.01687	0.00197504
1942	2004	1.01687	0.00197504
1942	2005	1.01687	0.00197504
1942	2006	1.01687	0.00197504
1942	2007	1.01687	0.00197504
1942	2008	1.01687	0.00197504
1942	2009	1.01687	0.00197504
1942	2010	1.01687	0.00197504
1942	2011	1.01687	0.00197504
1942	2012	1.01687	0.00197504
1942	2013	1.01687	0.00197504
1942	2014	1.01687	0.00197504
1942	2015	1.01687	0.00197504
1942	2016	1.01687	0.00197504
1942	2017	1.01687	0.00197504
1942	2018	1.01687	0.00197504
1942	2019	1.01687	0.00197504
1942	2020	1.01687	0.00197504
1942	2021	1.01687	0.00197504
1942	2022	1.01687	0.00197504
1942	2023	1.01687	0.00197504
1942	2024	1.01687	0.00197504
1942	2025	1.01687	0.00197504
1942	2026	1.01687	0.00197504
1942	2027	1.01687	0.00197504
1942	2028	1.01687	0.00197504
1942	2029	1.01687	0.00197504
1942	2030	1.01687	0.00197504
1942	2031	1.01687	0.00197504
1942	2032	1.01687	0.00197504
1942	2033	1.01687	0.00197504
1942	2034	1.01687	0.00197504
1942	2035	1.01687	0.00197504
1942	2036	1.01687	0.00197504
1942	2037	1.01687	0.00197504
1942	2038	1.01687	0.00197504
1942	2039	1.01687	0.00197504
1942	2040	1.01687	0.00197504
1942	2041	1.01687	0.00197504
1942	2042	1.01687	0.00197504
1942	2043	1.01687	0.00197504
1942	2044	1.01687	0.00197504
1942	2045	1.01687	0.00197504
1942	2046	1.01687	0.00197504
1942	2047	1.01687	0.00197504
1942	2048	1.01687	0.00197504
1942	2049	1.01687	0.00197504
1942	2050	1.01687	0.00197504
1942	2051	1.01687	0.00197504
1942	2052	1.01687	0.00197504
1942	2053	1.01687	0.00197504
1942	2054	1.01687	0.00197504
1942	2055	1.01687	0.00197504
1942	2056	1.01687	0.00197504
1942	2057	1.01687	0.00197504
1942	2058	1.01687	0.00197504
1942	2059	1.01687	0.00197504
1942	2060	1.01687	0.00197504
1942	2061	1.01687	0.00197504
1942	2062	1.01687	0.00197504
1942	2063	1.01687	0.00197504
1942	2064	1.01687	0.00197504
1942	2065	1.01687	0.00197504
1942	2066	1.01687	0.00197504
1942	2067	1.01687	0.00197504
1942	2068	1.01687	0.00197504
1942	2069	1.01687	0.00197504
1942	2070	1.01687	0.00197504
1942	2071	1.01687	0.00197504
1942	2072	1.01687	0.00197504
1942	2073	1.01687	0.00197504
1942	2074	1.01687	0.00197504
1942	2075	1.01687	0.00197504
1942	2076	1.01687	0.00197504
1942	2077	1.01687	0.00197504
1942	2078	1.01687	0.00197504
1942	2079	1.01687	0.00197504
1942	2080	1.01687	0.00197504
1942	2081	1.01687	0.00197504
1942	2082	1.01687	0.00197504
1942	2083	1.01687	0.00197504
1942	2084	1.01687	0.00197504
1942	2085	1.01687	0.00197504
1942	2086	1.01687	0.00197504
1942	2087	1.01687	0.00197504
1942	2088	1.01687	0.00197504
1942	2089	1.01687	0.00197504
1942	2090	1.01687	0.00197504
1942	2091	1.01687	0.00197504
1942	2092	1.01687	0.00197504
1942	2093	1.01687	0.00197504
1942	2094	1.01687	0.00197504
1942	2095	1.01687	0.00197504
1942	2096	1.01687	0.00197504
1942	2097	1.01687	0.00197504
1942	2098	1.01687	0.00197504
1942	2099	1.01687	0.00197504
1942	2100	1.01687	0.00197504
1942	2101	1.01687	0.00197504
1942	2102	1.01687	0.00197504
1942	2103	1.01687	0.00197504
1942	2104	1.01687	0.00197504
1942	2105	1.01687	0.00197504
1942	2106	1.01687	0.00197504
1942	2107	1.01687	0.00197504
1942	2108	1.01687	0.00197504
1942	2109	1.01687	0.00197504
1942	2110	1.01687	0.00197504
1942	2111	1.01687	0.00197504
1942	2112	1.01687	0.00197504
1942	2113	1.01687	0.00197504
1942	2114	1.01687	0.00197504
1942	2115	1.01687	0.00197504
1942	2116	1.01687	0.00197504
1942	2117	1.01687	0.00197504
1942	2118	1.01687	0.00197504
1942	2119	1.01687	0.00197504
1942	2120	1.01687	0.00197504
1942	2121	1.01687	0.00197504
1942	2122	1.01687	0.00197504
1942	2123	1.01687	0.00197504
1942	2124	1.01687	0.00197504
1942	2125	1.01687	0.00197504
1942	2126	1.01687	0.00197504
1942	2127	1.01687	0.00197504
1942	2128	1.01687	0.00197504
1942	2129	1.01687	0.00197504
1942	2130	1.01687	0.00197504
1942	2131	1.01687	0.00197504
1942	2132	1.01687	0.00197504
1942	2133	1.01687	0.00197504
1942	2134	1.01687	0.00197504
1942	2135	1.01687	0.00197504
1942	2136	1.01687	0.00197504
1942	2137	1.01687	0.00197504
1942	2138	1.01687	0.00197504
1942	2139	1.01687	0.00197504
1942	2140	1.01687	0.00197504
1942	2141	1.01687	0.00197504
1942	2142	1.01687	0.00197504
1942	2143	1.01687	0.00197504
1942	2144	1.01687	0.00197504
1942	2145	1.01687	0.00197504
1942	2146	1.01687	0.00197504
1942	2147	1.01687	0.00197504
1942	2148	1.01687	0.00197504
1942	2149	1.01687	0.00197504
1942	2150	1.01687	0.00197504
1942	2151	1.01687	0.00197504
1942	2152	1.01687	0.00197504
1942	2153	1.01687	0.00197504
1942	2154	1.01687	0.00197504
1942	2155	1.01687	0.00197504
1942	2156	1.01687	0.00197504
1942	2157	1.01687	0.00197504
1942	2158	1.01687	0.00197504
1942	2159	1.01687	0.00197504
1942	2160	1.01687	0.00197504
1942	2161	1.01687	0.00197504
1942	2162	1.01687	0.00197504
1942	2163	1.01687	0.00197504
1942	2164	1.01687	0.00197504
1942	2165	1.01687	0.00197504
1942	2166	1.01687	0.00197504
1942	2167	1.01687	0.00197504
1942	2168	1.01687	0.00197504
1942	2169	1.01687	0.00197504
1942	2170	1.01687	0.00197504
1942	2171	1.01687	0.00197504
1942	2172	1.01687	0.00197504
1942	2173	1.01687	0.00197504
1942	2174	1.01687	0.00197504
1942	2175	1.01687	0.00197504
1942	2176	1.01687	0.00197504
1942	2177	1.01687	0.00197504
1942	2178	1.01687	0.00197504
1942	2179	1.01687	0.00197504
1942	2180	1.01687	0.00197504
1942	2181	1.01687	0.00197504
1942	2182	1.01687	0.00197504
1942	2183	1.01687	0.00197504
1942	2184	1.01687	0.00197504
1942	2185	1.01687	0.00197504
1942	2186	1.01687	0.00197504
1942	2187	1.01687	0.00197504
1942	2188	1.01687	0.00197504
1942	2189	1.01492	0.00195889
1942	2190	1.01492	0.00195889
1942	2191	1.01492	0.00195889
1942	2192	1.01492	0.00195889
1942	2193	1.01492	0.00195889
1942	2194	1.01492	0.00195889
1942	2195	1.01492	0.00195889
1942	2196	1.01492	0.00195889
1942	2197	1.01492	0.00195889
1942	2198	1.01492	0.00195889
1942	2199	1.01492	0.00195889
1942	2200	1.01492	0.00195889
1942	2201	1.01492	0.00195889
1942	2202	1.01492	0.00195889
1942	2203	1.01492	0.00195889
1942	2204	1.01492	0.00195889
1942	2205	1.01492	0.00195889
1942	2206	1.01492	0.00195889
1942	2207	1.01492	0.00195889
1942	2208	1.01492	0.00195889
1942	2209	1.01492	0.00195889
1942	2210	1.01492	0.00195889
1942	2211	1.01492	0.00195889
1942	2212	1.01492	0.00195889
1942	2213	1.01492	0.00195889
1942	2214	1.01492	0.00195889
1942	2215	1.01492	0.00195889
1942	2216	1.01492	0.00195889
1942	2217	1.01492	0.00195889
1942	2218	1.01492	0.00195889
1942	2219	1.01492	0.00195889
1942	2220	1.01492	0.00195889
1942	2221	1.01492	0.00195889
1942	2222	1.01492	0.00195889
1942	2223	1.01492	0.00195889
1942	2224	1.01492	0.00195889
1942	2225	1.01492	0.00195889
1942	2226	1.01492	0.00195889
1942	2227	1.01492	0.00195889
1942	2228	1.01492	0.00195889
1942	2229	1.01492	0.00195889
1942	2230	1.01492	0.00195889
1942	2231	1.01492	0.00195889
1942	2232	1.01492	0.00195889
1942	2233	1.01492	0.00195889
1942	2234	1.01492	0.00195889
1942	2235	1.01492	0.00195889
1942	2236	1.01492	0.00195889
1942	2237	1.01492	0.00195889
1942	2238	1.01492	0.00195889
1942	2239	1.01492	0.00195889
1942	2240	1.01492	0.00195889
1942	2241	1.01492	0.00195889
1942	2242	1.01492	0.00195889
1942	2243	1.01492	0.00195889
1942	2244	1.01492	0.00195889
1942	2245	1.01492	0.00195889
1942	2246	1.01492	0.00195889
1942	2247	1.01492	0.00195889
1942	2248	1.01492	0.00195889
1942	2249	1.01492	0.00195889
1942	2250	1.01492	0.00195889
1942	2251	1.01492	0.00195889
1942	2252	1.01492	0.00195889
1942	2253	1.01492	0.00195889
1942	2254	1.01492	0.00195889
1942	2255	1.01492	0.00195889
1942	2256	1.01492	0.00195889
1942	2257	1.01492	0.00195889
1942	2258	1.01492	0.00195889
1942	2259	1.01492	0.00195889
1942	2260	1.01492	0.00195889
1942	2261	1.01492	0.00195889
1942	2262	1.01492	0.00195889
1942	2263	1.01492	0.00195889
1942	2264	1.01492	0.00195889
1942	2265	1.01492	0.00195889
1942	2266	1.01492	0.00195889
1942	2267	1.01492	0.00195889
1942	2268	1.01492	0.00195889
1942	2269	1.01492	0.00195889
1942	2270	1.01492	0.00195889
1942	2271	1.01492	0.00195889
1942	2272	1.01492	0.00195889
1942	2273	1.01492	0.00195889
1942	2274	1.01492	0.00195889
1942	2275	1.01492	0.00195889
1942	2276	1.01492	0.00195889
1942	2277	1.01492	0.00195889
1942	2278	1.01492	0.00195889
1942	2279	1.01492	0.00195889
1942	2280	1.01492	0.00195889
1942	2281	1.01492	0.00195889
1942	2282	1.01492	0.00195889
1942	2283	1.01492	0.00195889
1942	2284	1.01492	0.00195889
1942	2285	1.01492	0.00195889
1942	2286	1.01492	0.00195889
1942	2287	1.01492	0.00195889
1942	2288	1.01492	0.00195889
1942	2289	1.01492	0.00195889
1942	2290	1.01492	0.00195889
1942	2291	1.01492	0.00195889
1942	2292	1.01492	0.00195889
1942	2293	1.01492	0.00195889
1942	2294	1.01492	0.00195889
1942	2295	1.01492	0.00195889
1942	2296	1.01492	0.00195889
1942	2297	1.01492	0.00195889
1942	2298	1.01492	0.00195889
1942	2299	1.01492	0.00195889
1942	2300	1.01492	0.00195889
1942	2301	1.01492	0.00195889
1942	2302	1.01492	0.00195889
1942	2303	1.01492	0.00195889
1942	2304	1.01492	0.00195889
1942	2305	1.01492	0.00195889
1942	2306	1.01492	0.00195889
1942	2307	1.01492	0.00195889
1942	2308	1.01492	0.00195889
1942	2309	1.01492	0.00195889
1942	2310	1.01492	0.00195889
1942	2311	1.01492	0.00195889
1942	2312	1.01492	0.00195889
1942	2313	1.01492	0.00195889
1942	2314	1.01492	0.00195889
1942	2315	1.01492	0.00195889
1942	2316	1.01492	0.00195889
1942	2317	1.01492	0.00195889
1942	2318	1.01492	0.00195889
1942	2319	1.01492	0.00195889
1942	2320	1.01492	0.00195889
1942	2321	1.01492	0.00195889
1942	2322	1.01492	0.00195889
1942	2323	1.01492	0.00195889
1942	2324	1.01492	0.00195889
1942	2325	1.01492	0.00195889
1942	2326	1.01492	0.00195889
1942	2327	1.01492	0.00195889
1942	2328	1.01492	0.00195889
1942	2329	1.01492	0.00195889
1942	2330	1.01492	0.00195889
1942	2331	1.01492	0.00195889
1942	2332	1.01492	0.00195889
1942	2333	1.01492	0.00195889
1942	2334	1.01492	0.00195889
1942	2335	1.01492	0.00195889
1942	2336	1.01492	0.00195889
1942	2337	1.01492	0.00195889
1942	2338	1.01492	0.00195889
1942	2339	1.01492	0.00195889
1942	2340	1.01492	0.00195889
1942	2341	1.01492	0.00195889
1942	2342	1.01492	0.00195889
1942	2343	1.01492	0.00195889
1942	2344	1.01492	0.00195889
1942	2345	1.01492	0.00195889
1942	2346	1.01492	0.00195889
1942	2347	1.01492	0.00195889
1942	2348	1.01492	0.00195889
1942	2349	1.01492	0.00195889
1942	2350	1.01492	0.00195889
1942	2351	1.01492	0.00195889
1942	2352	1.01492	0.00195889
1942	2353	1.01492	0.00195889
1942	2354	1.01492	0.00195889
1942	2355	1.01492	0.00195889
1942	2356	1.01492	0.00195889
1942	2357	1.01492	0.00195889
1942	2358	1.01492	0.00195889
1942	2359	1.01492	0.00195889
1942	2360	1.01492	0.00195889
1942	2361	1.01492	0.00195889
1942	2362	1.01492	0.00195889
1942	2363	1.01492	0.00195889
1942	2364	1.01492	0.00195889
1942	2365	1.01492	0.00195889
1942	2366	1.01492	0.00195889
1942	2367	1.01492	0.00195889
1942	2368	1.01492	0.00195889
1942	2369	1.01492	0.00195889
1942	2370	1.01492	0.00195889
1942	2371	1.01492	0.00195889
1942	2372	1.01492	0.00195889
1942	2373	1.01492	0.00195889
1942	2374	1.01492	0.00195889
1942	2375	1.01492	0.00195889
1942	2376	1.01492	0.00195889
1942	2377	1.01492	0.00195889
1942	2378	1.01492	0.00195889
1942	2379	1.01492	0.00195889
1942	2380	1.01492	0.00195889
1942	2381	1.01492	0.00195889
1942	2382	1.01492	0.00195889
1942	2383	1.01492	0.00195889
1942	2384	1.01492	0.00195889
1942	2385	1.01492	0.00195889
1942	2386	1.01492	0.00195889
1942	2387	1.01492	0.00195889
1942	2388	1.01492	0.00195889
1942	2389	1.01492	0.00195889
1942	2390	1.01492	0.00195889
1942	2391	1.01492	0.00195889
1942	2392	1.01492	0.00195889
1942	2393	1.01492	0.00195889
1942	2394	1.01492	0.00195889
1942	2395	1.01492	0.00195889
1942	2396	1.01492	0.00195889
1942	2397	1.01492	0.00195889
1942	2398	1.01492	0.00195889
1942	2399	1.01492	0.00195889
1942	2400	1.01492	0.00195889
1942	2401	1.01492	0.00195889
1942	2402	1.01492	0.00195889
1942	2403	1.01492	0.00195889
1942	2404	1.01492	0.00195889
1942	2405	1.01492	0.00195889
1942	2406	1.01492	0.00195889
1942	2407	1.01492	0.00195889
1942	2408	1.01492	0.00195889
1942	2409	1.01492	0.00195889
1942	2410	1.01492	0.00195889
1942	2411	1.01492	0.00195889
1942	2412	1.01492	0.00195889
1942	2413	1.01492	0.00195889
1942	2414	1.01492	0.00195889
1942	2415	1.01492	0.00195889
1942	2416	1.01492	0.00195889
1942	2417	1.01492	0.00195889
1942	2418	1.01492	0.00195889
1942	2419	1.01492	0.00195889
1942	2420	1.01492	0.00195889
1942	2421	1.01492	0.00195889
1942	2422	1.01492	0.00195889
1942	2423	1.01492	0.00195889
1942	2424	1.01492	0.00195889
1942	2425	1.01492	0.00195889
1942	2426	1.01492	0.00195889
1942	2427	1.01492	0.00195889
1942	2428	1.01492	0.00195889
1942	2429	1.01492	0.00195889
1942	2430	1.01492	0.00195889
1942	2431	1.01492	0.00195889
1942	2432	1.01492	0.00195889
1942	2433	1.01492	0.00195889
1942	2434	1.01492	0.00195889
1942	2435	1.01492	0.00195889
1942	2436	1.01492	0.00195889
1942	2437	1.01492	0.00195889
1942	2438	1.01492	0.00195889
1942	2439	1.01492	0.00195889
1942	2440	1.01492	0.00195889
1942	2441	1.01492	0.00195889
1942	2442	1.01492	0.00195889
1942	2443	1.01492	0.00195889
1942	2444	1.01492	0.00195889
1942	2445	1.01492	0.00195889
1942	2446	1.01492	0.00195889
1942	2447	1.01492	0.00195889
1942	2448	1.01492	0.00195889
1942	2449	1.01492	0.00195889
1942	2450	1.01492	0.00195889
1942	2451	1.01492	0.00195889
1942	2452	1.01492	0.00195889
1942	2453	1.01492	0.00195889
1942	2454	1.01492	0.00195889
1942	2455	1.01492	0.00195889
1942	2456	1.01492	0.00195889
1942	2457	1.01492	0.00195889
1942	2458	1.01492	0.00195889
1942	2459	1.01492	0.00195889
1942	2460	1.01492	0.00195889
1942	2461	1.01492	0.00195889
1942	2462	1.01492	0.00195889
1942	2463	1.01492	0.00195889
1942	2464	1.01492	0.00195889
1942	2465	1.01492	0.00195889
1942	2466	1.01492	0.00195889
1942	2467	1.01492	0.00195889
1942	2468	1.01492	0.00195889
1942	2469	1.01492	0.00195889
1942	2470	1.01492	0.00195889
1942	2471	1.01492	0.00195889
1942	2472	1.01492	0.00195889
1942	2473	1.01492	0.00195889
1942	2474	1.01492	0.00195889
1942	2475	1.01492	0.00195889
1942	2476	1.01492	0.00195889
1942	2477	1.01492	0.00195889
1942	2478	1.01492	0.00195889
1942	2479	1.01492	0.00195889
1942	2480	1.01492	0.00195889
1942	2481	1.01492	0.00195889
1942	2482	1.01492	0.00195889
1942	2483	1.01492	0.00195889
1942	2484	1.01492	0.00195889
1942	2485	1.01492	0.00195889
1942	2486	1.01492	0.00195889
1942	2487	1.01492	0.00195889
1942	2488	1.01492	0.00195889
1942	2489	1.01492	0.00195889
1942	2490	1.01492	0.00195889
1942	2491	1.01492	0.00195889
1942	2492	1.01492	0.00195889
1942	2493	1.01492	0.00195889
1942	2494	1.01492	0.00195889
1942	2495	1.01492	0.00195889
1942	2496	1.01492	0.00195889
1942	2497	1.01492	0.00195889
1942	2498	1.01492	0.00195889
1942	2499	1.01492	0.00195889
1942	2500	1.01492	0.00195889
1942	2501	1.01492	0.00195889
1942	2502	1.01492	0.00195889
1942	2503	1.01492	0.00195889
1942	2504	1.01492	0.00195889
1942	2505	1.01492	0.00195889
1942	2506	1.01492	0.00195889
1942	2507	1.01492	0.00195889
1942	2508	1.01492	0.00195889
1942	2509	1.01492	0.00195889
1942	2510	1.01492	0.00195889
1942	2511	1.01492	0.00195889
1942	2512	1.01492	0.00195889
1942	2513	1.01492	0.00195889
1942	2514	1.01492	0.00195889
1942	2515	1.01492	0.00195889
1942	2516	1.01492	0.00195889
1942	2517	1.01492	0.00195889
1942	2518	1.01492	0.00195889
1942	2519	1.01492	0.00195889
1942	2520	1.01492	0.00195889
1942	2521	1.01492	0.00195889
1942	2522	1.01492	0.00195889
1942	2523	1.01492	0.00195889
1942	2524	1.01492	0.00195889
1942	2525	1.01492	0.00195889
1942	2526	1.01492	0.00195889
1942	2527	1.01492	0.00195889
1942	2528	1.01492	0.00195889
1942	2529	1.01492	0.00195889
1942	2530	1.01492	0.00195889
1942	2531	1.01492	0.00195889
1942	2532	1.01492	0.00195889
1942	2533	1.01492	0.00195889
1942	2534	1.01492	0.00195889
1942	2535	1.01492	0.00195889
1942	2536	1.01492	0.00195889
1942	2537	1.01492	0.00195889
1942	2538	1.01492	0.00195889
1942	2539	1.01492	0.00195889
1942	2540	1.01492	0.00195889
1942	2541	1.01492	0.00195889
1942	2542	1.01492	0.00195889
1942	2543	1.01492	0.00195889
1942	2544	1.01492	0.00195889
1942	2545	1.01492	0.00195889
1942	2546	1.01492	0.00195889
1942	2547	1.01492	0.00195889
1942	2548	1.01492	0.00195889
1942	2549	1.01492	0.00195889
1942	2550	1.01492	0.00195889
1942	2551	1.01492	0.00195889
1942	2552	1.01492	0.00195889
1942	2553	1.01492	0.00195889
1942	2554	1.01492	0.00195889
1942	2555	1.01492	0.00195889
1942	2556	1.01492	0.00195889
1942	2557	1.01492	0.00195889
1942	2558	1.01492	0.00195889
1942	2559	1.01492	0.00195889
1942	2560	1.01492	0.00195889
1942	2561	1.01492	0.00195889
1942	2562	1.01492	0.00195889
1942	2563	1.01492	0.00195889
1942	2564	1.01492	0.00195889
1942	2565	1.01492	0.00195889
1942	2566	1.01492	0.00195889
1942	2567	1.01492	0.00195889
1942	2568	1.01492	0.00195889
1942	2569	1.01492	0.00195889
1942	2570	1.01492	0.00195889
1942	2571	1.01492	0.00195889
1942	2572	1.01492	0.00195889
1942	2573	1.01492	0.00195889
1942	2574	1.01492	0.00195889
1942	2575	1.01492	0.00195889
1942	2576	1.01492	0.00195889
1942	2577	1.01492	0.00195889
1942	2578	1.01492	0.00195889
1942	2579	1.01492	0.00195889
1942	2580	1.01492	0.00195889
1942	2581	1.01492	0.00195889
1942	2582	1.01492	0.00195889
1942	2583	1.01492	0.00195889
1942	2584	1.01492	0.00195889
1942	2585	1.01492	0.00195889
1942	2586	1.01492	0.00195889
1942	2587	1.01492	0.00195889
1942	2588	1.01492	0.00195889
1942	2589	1.01492	0.00195889
1942	2590	1.01492	0.00195889
1942	2591	1.01492	0.00195889
1942	2592	1.01492	0.00195889
1942	2593	1.01492	0.00195889
1942	2594	1.01492	0.00195889
1942	2595	1.01492	0.00195889
1942	2596	1.01492	0.00195889
1942	2597	1.01492	0.00195889
1942	2598	1.01492	0.00195889
1942	2599	1.01492	0.00195889
1942	2600	1.01492	0.00195889
1942	2601	1.01492	0.00195889
1942	2602	1.01492	0.00195889
1942	2603	1.01492	0.00195889
1942	2604	1.01492	0.00195889
1942	2605	1.01492	0.00195889
1942	2606	1.01492	0.00195889
1942	2607	1.01492	0.00195889
1942	2608	1.01492	0.00195889
1942	2609	1.01492	0.00195889
1942	2610	1.01492	0.00195889
1942	2611	1.01492	0.00195889
1942	2612	1.01492	0.00195889
1942	2613	1.01492	0.00195889
1942	2614	1.01492	0.00195889
1942	2615	1.01492	0.00195889
1942	2616	1.01492	0.00195889
1942	2617	1.01492	0.00195889
1942	2618	1.01492	0.00195889
1942	2619	1.01492	0.00195889
1942	2620	1.01492	0.00195889
1942	2621	1.01492	0.00195889
1942	2622	1.01492	0.00195889
1942	2623	1.01492	0.00195889
1942	2624	1.01492	0.00195889
1942	2625	1.01492	0.00195889
1942	2626	1.01492	0.00195889
1942	2627	1.01492	0.00195889
1942	2628	1.01492	0.00195889
1942	2629	1.01492	0.00195889
1942	2630	1.01492	0.00195889
1942	2631	1.01492	0.00195889
1942	2632	1.01492	0.00195889
1942	2633	1.01492	0.00195889
1942	2634	1.01492	0.00195889
1942	2635	1.01492	0.00195889
1942	2636	1.01492	0.00195889
1942	2637	1.01492	0.00195889
1942	2638	1.01492	0.00195889
1942	2639	1.01492	0.00195889
1942	2640	1.01492	0.00195889
1942	2641	1.01492	0.00195889
1942	2642	1.01492	0.00195889
1942	2643	1.01492	0.00195889
1942	2644	1.01492	0.00195889
1942	2645	1.01492	0.00195889
1942	2646	1.01492	0.00195889
1942	2647	1.01492	0.00195889
1942	2648	1.01492	0.00195889
1942	2649	1.01492	0.00195889
1942	2650	1.01492	0.00195889
1942	2651	1.01492	0.00195889
1942	2652	1.01492	0.00195889
1942	2653	1.01492	0.00195889
1942	2654	1.01492	0.00195889
1942	2655	1.01492	0.00195889
1942	2656	1.01492	0.00195889
1942	2657	1.01492	0.00195889
1942	2658	1.01492	0.00195889
1942	2659	1.01492	0.00195889
1942	2660	1.01492	0.00195889
1942	2661	1.01492	0.00195889
1942	2662	1.01492	0.00195889
1942	2663	1.01492	0.00195889
1942	2664	1.01492	0.00195889
1942	2665	1.01492	0.00195889
1942	2666	1.01492	0.00195889
1942	2667	1.01492	0.00195889
1942	2668	1.01492	0.00195889
1942	2669	1.01492	0.00195889
