1676	0	1.00318	0.00193346
1676	1	1.00318	0.00193346
1676	2	1.00318	0.00193346
1676	3	1.00318	0.00193346
1676	4	1.00318	0.00193346
1676	5	1.00318	0.00193346
1676	6	1.00318	0.00193346
1676	7	1.00318	0.00193346
1676	8	1.00318	0.00193346
1676	9	1.00318	0.00193346
1676	10	1.00318	0.00193346
1676	11	1.00318	0.00193346
1676	12	1.00318	0.00193346
1676	13	1.00318	0.00193346
1676	14	1.00318	0.00193346
1676	15	1.00318	0.00193346
1676	16	1.00318	0.00193346
1676	17	1.00318	0.00193346
1676	18	1.00318	0.00193346
1676	19	1.00318	0.00193346
1676	20	1.00318	0.00193346
1676	21	1.00318	0.00193346
1676	22	1.00318	0.00193346
1676	23	1.00318	0.00193346
1676	24	1.00318	0.00193346
1676	25	1.00318	0.00193346
1676	26	1.00318	0.00193346
1676	27	1.00318	0.00193346
1676	28	1.00318	0.00193346
1676	29	1.00318	0.00193346
1676	30	1.00318	0.00193346
1676	31	1.00318	0.00193346
1676	32	1.00318	0.00193346
1676	33	1.00318	0.00193346
1676	34	1.00318	0.00193346
1676	35	1.00318	0.00193346
1676	36	1.00318	0.00193346
1676	37	1.00318	0.00193346
1676	38	1.00318	0.00193346
1676	39	1.00318	0.00193346
1676	40	1.00318	0.00193346
1676	41	1.00318	0.00193346
1676	42	1.00318	0.00193346
1676	43	1.00318	0.00193346
1676	44	1.00318	0.00193346
1676	45	1.00318	0.00193346
1676	46	1.00318	0.00193346
1676	47	1.00318	0.00193346
1676	48	1.00318	0.00193346
1676	49	1.00318	0.00193346
1676	50	1.00318	0.00193346
1676	51	1.00318	0.00193346
1676	52	1.00318	0.00193346
1676	53	1.00318	0.00193346
1676	54	1.00318	0.00193346
1676	55	1.00318	0.00193346
1676	56	1.00318	0.00193346
1676	57	1.00318	0.00193346
1676	58	1.00318	0.00193346
1676	59	1.00318	0.00193346
1676	60	1.00318	0.00193346
1676	61	1.00318	0.00193346
1676	62	1.00318	0.00193346
1676	63	1.00318	0.00193346
1676	64	1.00318	0.00193346
1676	65	1.00318	0.00193346
1676	66	1.00318	0.00193346
1676	67	1.00318	0.00193346
1676	68	1.00318	0.00193346
1676	69	1.00318	0.00193346
1676	70	1.00318	0.00193346
1676	71	1.00318	0.00193346
1676	72	1.00318	0.00193346
1676	73	1.00318	0.00193346
1676	74	1.00318	0.00193346
1676	75	1.00318	0.00193346
1676	76	1.00318	0.00193346
1676	77	1.00318	0.00193346
1676	78	1.00318	0.00193346
1676	79	1.00318	0.00193346
1676	80	1.00318	0.00193346
1676	81	1.00318	0.00193346
1676	82	1.00318	0.00193346
1676	83	1.00318	0.00193346
1676	84	1.00318	0.00193346
1676	85	1.00318	0.00193346
1676	86	1.00318	0.00193346
1676	87	1.00318	0.00193346
1676	88	1.00318	0.00193346
1676	89	1.00318	0.00193346
1676	90	1.00318	0.00193346
1676	91	1.00318	0.00193346
1676	92	1.00318	0.00193346
1676	93	1.00318	0.00193346
1676	94	1.00318	0.00193346
1676	95	1.00318	0.00193346
1676	96	1.00318	0.00193346
1676	97	1.00318	0.00193346
1676	98	1.00318	0.00193346
1676	99	1.00318	0.00193346
1676	100	1.00318	0.00193346
1676	101	1.00318	0.00193346
1676	102	1.00318	0.00193346
1676	103	1.00318	0.00193346
1676	104	1.00318	0.00193346
1676	105	1.00318	0.00193346
1676	106	1.00318	0.00193346
1676	107	1.00318	0.00193346
1676	108	1.00318	0.00193346
1676	109	1.00318	0.00193346
1676	110	1.00318	0.00193346
1676	111	1.00318	0.00193346
1676	112	1.00318	0.00193346
1676	113	1.00318	0.00193346
1676	114	1.00318	0.00193346
1676	115	1.00318	0.00193346
1676	116	1.00318	0.00193346
1676	117	1.00318	0.00193346
1676	118	1.00318	0.00193346
1676	119	1.00318	0.00193346
1676	120	1.00318	0.00193346
1676	121	1.00318	0.00193346
1676	122	1.00318	0.00193346
1676	123	1.00318	0.00193346
1676	124	1.00318	0.00193346
1676	125	1.00318	0.00193346
1676	126	1.00318	0.00193346
1676	127	1.00318	0.00193346
1676	128	1.00318	0.00193346
1676	129	1.00318	0.00193346
1676	130	1.00318	0.00193346
1676	131	1.00318	0.00193346
1676	132	1.00318	0.00193346
1676	133	1.00318	0.00193346
1676	134	1.00318	0.00193346
1676	135	1.00318	0.00193346
1676	136	1.00318	0.00193346
1676	137	1.00318	0.00193346
1676	138	1.00318	0.00193346
1676	139	1.00318	0.00193346
1676	140	1.00318	0.00193346
1676	141	1.00318	0.00193346
1676	142	1.00318	0.00193346
1676	143	1.00318	0.00193346
1676	144	1.00318	0.00193346
1676	145	1.00318	0.00193346
1676	146	1.00318	0.00193346
1676	147	1.00318	0.00193346
1676	148	1.00318	0.00193346
1676	149	1.00318	0.00193346
1676	150	1.00318	0.00193346
1676	151	1.00318	0.00193346
1676	152	1.00318	0.00193346
1676	153	1.00318	0.00193346
1676	154	1.00318	0.00193346
1676	155	1.00318	0.00193346
1676	156	1.00318	0.00193346
1676	157	1.00318	0.00193346
1676	158	1.00318	0.00193346
1676	159	1.00318	0.00193346
1676	160	1.00318	0.00193346
1676	161	1.00318	0.00193346
1676	162	1.00318	0.00193346
1676	163	1.00318	0.00193346
1676	164	1.00318	0.00193346
1676	165	1.00318	0.00193346
1676	166	1.00318	0.00193346
1676	167	1.00318	0.00193346
1676	168	1.00318	0.00193346
1676	169	1.00318	0.00193346
1676	170	1.00318	0.00193346
1676	171	1.00318	0.00193346
1676	172	1.00318	0.00193346
1676	173	1.00318	0.00193346
1676	174	1.00318	0.00193346
1676	175	1.00318	0.00193346
1676	176	1.00318	0.00193346
1676	177	1.00318	0.00193346
1676	178	1.00318	0.00193346
1676	179	1.00318	0.00193346
1676	180	1.00318	0.00193346
1676	181	1.00318	0.00193346
1676	182	1.00318	0.00193346
1676	183	1.00318	0.00193346
1676	184	1.00318	0.00193346
1676	185	1.00318	0.00193346
1676	186	1.00318	0.00193346
1676	187	1.00318	0.00193346
1676	188	1.00318	0.00193346
1676	189	1.00318	0.00193346
1676	190	1.00318	0.00193346
1676	191	1.00318	0.00193346
1676	192	1.00318	0.00193346
1676	193	1.00318	0.00193346
1676	194	1.00318	0.00193346
1676	195	1.00318	0.00193346
1676	196	1.00318	0.00193346
1676	197	1.00318	0.00193346
1676	198	1.00318	0.00193346
1676	199	1.00318	0.00193346
1676	200	1.00318	0.00193346
1676	201	1.00318	0.00193346
1676	202	1.00318	0.00193346
1676	203	1.00318	0.00193346
1676	204	1.00318	0.00193346
1676	205	1.00318	0.00193346
1676	206	1.00318	0.00193346
1676	207	1.00318	0.00193346
1676	208	1.00318	0.00193346
1676	209	1.00318	0.00193346
1676	210	1.00318	0.00193346
1676	211	1.00318	0.00193346
1676	212	1.00318	0.00193346
1676	213	1.00318	0.00193346
1676	214	1.00318	0.00193346
1676	215	1.00318	0.00193346
1676	216	1.00318	0.00193346
1676	217	1.00318	0.00193346
1676	218	1.00318	0.00193346
1676	219	1.00318	0.00193346
1676	220	1.00318	0.00193346
1676	221	1.00318	0.00193346
1676	222	1.00318	0.00193346
1676	223	1.00318	0.00193346
1676	224	1.00318	0.00193346
1676	225	1.00318	0.00193346
1676	226	1.00318	0.00193346
1676	227	1.00318	0.00193346
1676	228	1.00318	0.00193346
1676	229	1.00318	0.00193346
1676	230	1.00318	0.00193346
1676	231	1.00318	0.00193346
1676	232	1.00318	0.00193346
1676	233	1.00318	0.00193346
1676	234	1.00318	0.00193346
1676	235	1.00318	0.00193346
1676	236	1.00318	0.00193346
1676	237	1.00318	0.00193346
1676	238	1.00318	0.00193346
1676	239	1.00318	0.00193346
1676	240	1.00318	0.00193346
1676	241	1.00318	0.00193346
1676	242	1.00318	0.00193346
1676	243	1.00318	0.00193346
1676	244	1.00318	0.00193346
1676	245	1.00318	0.00193346
1676	246	1.00318	0.00193346
1676	247	1.00318	0.00193346
1676	248	1.00318	0.00193346
1676	249	1.00318	0.00193346
1676	250	1.00318	0.00193346
1676	251	1.00318	0.00193346
1676	252	1.00318	0.00193346
1676	253	1.00318	0.00193346
1676	254	1.00318	0.00193346
1676	255	1.00318	0.00193346
1676	256	1.00318	0.00193346
1676	257	1.00318	0.00193346
1676	258	1.00318	0.00193346
1676	259	1.00318	0.00193346
1676	260	1.00318	0.00193346
1676	261	1.00318	0.00193346
1676	262	1.00318	0.00193346
1676	263	1.00318	0.00193346
1676	264	1.00318	0.00193346
1676	265	1.00318	0.00193346
1676	266	1.00318	0.00193346
1676	267	1.00318	0.00193346
1676	268	1.00318	0.00193346
1676	269	1.00318	0.00193346
1676	270	1.00318	0.00193346
1676	271	1.00318	0.00193346
1676	272	1.00318	0.00193346
1676	273	1.00318	0.00193346
1676	274	1.00318	0.00193346
1676	275	1.00318	0.00193346
1676	276	1.00318	0.00193346
1676	277	1.00318	0.00193346
1676	278	1.00318	0.00193346
1676	279	1.00318	0.00193346
1676	280	1.00318	0.00193346
1676	281	1.00318	0.00193346
1676	282	1.00318	0.00193346
1676	283	1.00318	0.00193346
1676	284	1.00318	0.00193346
1676	285	1.00318	0.00193346
1676	286	1.00318	0.00193346
1676	287	1.00318	0.00193346
1676	288	1.00318	0.00193346
1676	289	1.00318	0.00193346
1676	290	1.00318	0.00193346
1676	291	1.00318	0.00193346
1676	292	1.00318	0.00193346
1676	293	1.00318	0.00193346
1676	294	1.00318	0.00193346
1676	295	1.00318	0.00193346
1676	296	1.00318	0.00193346
1676	297	1.00318	0.00193346
1676	298	1.00318	0.00193346
1676	299	1.00318	0.00193346
1676	300	1.00318	0.00193346
1676	301	1.00318	0.00193346
