1819	0	1.00674	0.00195108
1819	1	1.00674	0.00195108
1819	2	1.00674	0.00195108
1819	3	1.00674	0.00195108
1819	4	1.00674	0.00195108
1819	5	1.00674	0.00195108
1819	6	1.00674	0.00195108
1819	7	1.00674	0.00195108
1819	8	1.00674	0.00195108
1819	9	1.00674	0.00195108
1819	10	1.00674	0.00195108
1819	11	1.00674	0.00195108
1819	12	1.00674	0.00195108
1819	13	1.00674	0.00195108
1819	14	1.00674	0.00195108
1819	15	1.00674	0.00195108
1819	16	1.00674	0.00195108
1819	17	1.00674	0.00195108
1819	18	1.00674	0.00195108
1819	19	1.00674	0.00195108
1819	20	1.00674	0.00195108
1819	21	1.00674	0.00195108
1819	22	1.00674	0.00195108
1819	23	1.00674	0.00195108
1819	24	1.00674	0.00195108
1819	25	1.00674	0.00195108
1819	26	1.00674	0.00195108
1819	27	1.00674	0.00195108
1819	28	1.00674	0.00195108
1819	29	1.00674	0.00195108
1819	30	1.00674	0.00195108
1819	31	1.00674	0.00195108
1819	32	1.00674	0.00195108
1819	33	1.00674	0.00195108
1819	34	1.00674	0.00195108
1819	35	1.00674	0.00195108
1819	36	1.00674	0.00195108
1819	37	1.00674	0.00195108
1819	38	1.00674	0.00195108
1819	39	1.00674	0.00195108
1819	40	1.00674	0.00195108
1819	41	1.00674	0.00195108
1819	42	1.00674	0.00195108
1819	43	1.00674	0.00195108
1819	44	1.00674	0.00195108
1819	45	1.00674	0.00195108
1819	46	1.00674	0.00195108
1819	47	1.00674	0.00195108
1819	48	1.00674	0.00195108
1819	49	1.00674	0.00195108
1819	50	1.00674	0.00195108
1819	51	1.00674	0.00195108
1819	52	1.00674	0.00195108
1819	53	1.00674	0.00195108
1819	54	1.00674	0.00195108
1819	55	1.00674	0.00195108
1819	56	1.00674	0.00195108
1819	57	1.00674	0.00195108
1819	58	1.00674	0.00195108
1819	59	1.00674	0.00195108
1819	60	1.00674	0.00195108
1819	61	1.00674	0.00195108
1819	62	1.00674	0.00195108
1819	63	1.00674	0.00195108
1819	64	1.00674	0.00195108
1819	65	1.00674	0.00195108
1819	66	1.00674	0.00195108
1819	67	1.00674	0.00195108
1819	68	1.00674	0.00195108
1819	69	1.00674	0.00195108
1819	70	1.00674	0.00195108
1819	71	1.00674	0.00195108
1819	72	1.00674	0.00195108
1819	73	1.00674	0.00195108
1819	74	1.00674	0.00195108
1819	75	1.00674	0.00195108
1819	76	1.00674	0.00195108
1819	77	1.00674	0.00195108
1819	78	1.00674	0.00195108
1819	79	1.00674	0.00195108
1819	80	1.00674	0.00195108
1819	81	1.00674	0.00195108
1819	82	1.00674	0.00195108
1819	83	1.00674	0.00195108
1819	84	1.00674	0.00195108
1819	85	1.00674	0.00195108
1819	86	1.00674	0.00195108
1819	87	1.00674	0.00195108
1819	88	1.00674	0.00195108
1819	89	1.00674	0.00195108
1819	90	1.00674	0.00195108
1819	91	1.00674	0.00195108
1819	92	1.00674	0.00195108
1819	93	1.00674	0.00195108
1819	94	1.00674	0.00195108
1819	95	1.00674	0.00195108
1819	96	1.00674	0.00195108
1819	97	1.00674	0.00195108
1819	98	1.00674	0.00195108
1819	99	1.00674	0.00195108
1819	100	1.00674	0.00195108
1819	101	1.00674	0.00195108
1819	102	1.00674	0.00195108
1819	103	1.00674	0.00195108
1819	104	1.00674	0.00195108
1819	105	1.00674	0.00195108
1819	106	1.00674	0.00195108
1819	107	1.00674	0.00195108
1819	108	1.00674	0.00195108
1819	109	1.00674	0.00195108
1819	110	1.00674	0.00195108
1819	111	1.00674	0.00195108
1819	112	1.00674	0.00195108
1819	113	1.00674	0.00195108
1819	114	1.00674	0.00195108
1819	115	1.00674	0.00195108
1819	116	1.00674	0.00195108
1819	117	1.00674	0.00195108
1819	118	1.00674	0.00195108
1819	119	1.00674	0.00195108
1819	120	1.00674	0.00195108
1819	121	1.00674	0.00195108
1819	122	1.00674	0.00195108
1819	123	1.00674	0.00195108
1819	124	1.00674	0.00195108
1819	125	1.00674	0.00195108
1819	126	1.00674	0.00195108
1819	127	1.00674	0.00195108
1819	128	1.00674	0.00195108
1819	129	1.00674	0.00195108
1819	130	1.00674	0.00195108
1819	131	1.00674	0.00195108
1819	132	1.00674	0.00195108
1819	133	1.00674	0.00195108
1819	134	1.00674	0.00195108
1819	135	1.00674	0.00195108
1819	136	1.00674	0.00195108
1819	137	1.00674	0.00195108
1819	138	1.00674	0.00195108
1819	139	1.00674	0.00195108
1819	140	1.00674	0.00195108
1819	141	1.00674	0.00195108
1819	142	1.00674	0.00195108
1819	143	1.00674	0.00195108
1819	144	1.00674	0.00195108
1819	145	1.00674	0.00195108
1819	146	1.00674	0.00195108
1819	147	1.00674	0.00195108
1819	148	1.00674	0.00195108
1819	149	1.00674	0.00195108
1819	150	1.00674	0.00195108
1819	151	1.00674	0.00195108
1819	152	1.00674	0.00195108
1819	153	1.00674	0.00195108
1819	154	1.00674	0.00195108
1819	155	1.00674	0.00195108
1819	156	1.00674	0.00195108
1819	157	1.00674	0.00195108
1819	158	1.00674	0.00195108
1819	159	1.00674	0.00195108
1819	160	1.00674	0.00195108
1819	161	1.00674	0.00195108
1819	162	1.00674	0.00195108
1819	163	1.00674	0.00195108
1819	164	1.00674	0.00195108
1819	165	1.00674	0.00195108
1819	166	1.00674	0.00195108
1819	167	1.00674	0.00195108
1819	168	1.00674	0.00195108
1819	169	1.00674	0.00195108
1819	170	1.00674	0.00195108
1819	171	1.00674	0.00195108
1819	172	1.00674	0.00195108
1819	173	1.00674	0.00195108
1819	174	1.00674	0.00195108
1819	175	1.00674	0.00195108
1819	176	1.00674	0.00195108
1819	177	1.00674	0.00195108
1819	178	1.00674	0.00195108
1819	179	1.00674	0.00195108
1819	180	1.00674	0.00195108
1819	181	1.00674	0.00195108
1819	182	1.00674	0.00195108
1819	183	1.00674	0.00195108
1819	184	1.00674	0.00195108
1819	185	1.00674	0.00195108
1819	186	1.00674	0.00195108
1819	187	1.00674	0.00195108
1819	188	1.00674	0.00195108
1819	189	1.00674	0.00195108
1819	190	1.00674	0.00195108
1819	191	1.00674	0.00195108
1819	192	1.00674	0.00195108
1819	193	1.00674	0.00195108
1819	194	1.00674	0.00195108
1819	195	1.00674	0.00195108
1819	196	1.00674	0.00195108
1819	197	1.00674	0.00195108
1819	198	1.00674	0.00195108
1819	199	1.00674	0.00195108
1819	200	1.00674	0.00195108
1819	201	1.00674	0.00195108
1819	202	1.00674	0.00195108
1819	203	1.00674	0.00195108
1819	204	1.00674	0.00195108
1819	205	1.00674	0.00195108
1819	206	1.00674	0.00195108
1819	207	1.00674	0.00195108
1819	208	1.00674	0.00195108
1819	209	1.00674	0.00195108
1819	210	1.00674	0.00195108
1819	211	1.00674	0.00195108
1819	212	1.00674	0.00195108
1819	213	1.00674	0.00195108
1819	214	1.00674	0.00195108
1819	215	1.00674	0.00195108
1819	216	1.00674	0.00195108
1819	217	1.00674	0.00195108
1819	218	1.00674	0.00195108
1819	219	1.00674	0.00195108
1819	220	1.00674	0.00195108
1819	221	1.00674	0.00195108
1819	222	1.00674	0.00195108
1819	223	1.00674	0.00195108
1819	224	1.00674	0.00195108
1819	225	1.00674	0.00195108
1819	226	1.00674	0.00195108
1819	227	1.00674	0.00195108
1819	228	1.00674	0.00195108
1819	229	1.00674	0.00195108
1819	230	1.00674	0.00195108
1819	231	1.00674	0.00195108
1819	232	1.00674	0.00195108
1819	233	1.00674	0.00195108
1819	234	1.00674	0.00195108
1819	235	1.00674	0.00195108
1819	236	1.00674	0.00195108
1819	237	1.00674	0.00195108
1819	238	1.00674	0.00195108
1819	239	1.00674	0.00195108
1819	240	1.00674	0.00195108
1819	241	1.00674	0.00195108
1819	242	1.00674	0.00195108
1819	243	1.00674	0.00195108
1819	244	1.00674	0.00195108
1819	245	1.00674	0.00195108
1819	246	1.00674	0.00195108
1819	247	1.00674	0.00195108
1819	248	1.00674	0.00195108
1819	249	1.00674	0.00195108
1819	250	1.00674	0.00195108
1819	251	1.00674	0.00195108
1819	252	1.00674	0.00195108
1819	253	1.00674	0.00195108
1819	254	1.00674	0.00195108
1819	255	1.00674	0.00195108
1819	256	1.00674	0.00195108
1819	257	1.00674	0.00195108
1819	258	1.00674	0.00195108
1819	259	1.00674	0.00195108
1819	260	1.00674	0.00195108
1819	261	1.00674	0.00195108
1819	262	1.00674	0.00195108
1819	263	1.00674	0.00195108
1819	264	1.00674	0.00195108
1819	265	1.00674	0.00195108
1819	266	1.00674	0.00195108
1819	267	1.00674	0.00195108
1819	268	1.00674	0.00195108
1819	269	1.00674	0.00195108
1819	270	1.00674	0.00195108
1819	271	1.00674	0.00195108
1819	272	1.00674	0.00195108
1819	273	1.00674	0.00195108
1819	274	1.00674	0.00195108
1819	275	1.00674	0.00195108
1819	276	1.00674	0.00195108
1819	277	1.00674	0.00195108
1819	278	1.00674	0.00195108
1819	279	1.00674	0.00195108
1819	280	1.00674	0.00195108
1819	281	1.00674	0.00195108
1819	282	1.00674	0.00195108
1819	283	1.00674	0.00195108
1819	284	1.00674	0.00195108
1819	285	1.00674	0.00195108
1819	286	1.00674	0.00195108
1819	287	1.00674	0.00195108
1819	288	1.00674	0.00195108
1819	289	1.00674	0.00195108
1819	290	1.00674	0.00195108
1819	291	1.00674	0.00195108
1819	292	1.00674	0.00195108
1819	293	1.00674	0.00195108
1819	294	1.00674	0.00195108
1819	295	1.00674	0.00195108
1819	296	1.00674	0.00195108
1819	297	1.00674	0.00195108
1819	298	1.00674	0.00195108
1819	299	1.00674	0.00195108
1819	300	1.00674	0.00195108
1819	301	1.00674	0.00195108
1819	302	1.00674	0.00195108
1819	303	1.00674	0.00195108
1819	304	1.00674	0.00195108
1819	305	1.00674	0.00195108
1819	306	1.00674	0.00195108
1819	307	1.00674	0.00195108
1819	308	1.00674	0.00195108
1819	309	1.00674	0.00195108
1819	310	1.00674	0.00195108
1819	311	1.00674	0.00195108
1819	312	1.00674	0.00195108
1819	313	1.00674	0.00195108
1819	314	1.00674	0.00195108
1819	315	1.00674	0.00195108
1819	316	1.00674	0.00195108
1819	317	1.00674	0.00195108
1819	318	1.00674	0.00195108
1819	319	1.00674	0.00195108
1819	320	1.00674	0.00195108
1819	321	1.00674	0.00195108
1819	322	1.00674	0.00195108
1819	323	1.00674	0.00195108
1819	324	1.00674	0.00195108
1819	325	1.00674	0.00195108
1819	326	1.00674	0.00195108
1819	327	1.00674	0.00195108
1819	328	1.00674	0.00195108
1819	329	1.00674	0.00195108
1819	330	1.00674	0.00195108
1819	331	1.00674	0.00195108
1819	332	1.00674	0.00195108
1819	333	1.00674	0.00195108
1819	334	1.00674	0.00195108
1819	335	1.00674	0.00195108
1819	336	1.00674	0.00195108
1819	337	1.00674	0.00195108
1819	338	1.00674	0.00195108
1819	339	1.00674	0.00195108
1819	340	1.00674	0.00195108
1819	341	1.00674	0.00195108
1819	342	1.00674	0.00195108
1819	343	1.00674	0.00195108
1819	344	1.00674	0.00195108
1819	345	1.00674	0.00195108
1819	346	1.00674	0.00195108
1819	347	1.00674	0.00195108
1819	348	1.00674	0.00195108
1819	349	1.00674	0.00195108
1819	350	1.00674	0.00195108
1819	351	1.00674	0.00195108
1819	352	1.00674	0.00195108
1819	353	1.00674	0.00195108
1819	354	1.00674	0.00195108
1819	355	1.00674	0.00195108
1819	356	1.00674	0.00195108
1819	357	1.00674	0.00195108
1819	358	1.00674	0.00195108
1819	359	1.00674	0.00195108
1819	360	1.00674	0.00195108
1819	361	1.00674	0.00195108
1819	362	1.00674	0.00195108
1819	363	1.00674	0.00195108
1819	364	1.00674	0.00195108
1819	365	1.00674	0.00195108
1819	366	1.00674	0.00195108
1819	367	1.00674	0.00195108
1819	368	1.00674	0.00195108
1819	369	1.00674	0.00195108
1819	370	1.00674	0.00195108
1819	371	1.00674	0.00195108
1819	372	1.00674	0.00195108
1819	373	1.00674	0.00195108
1819	374	1.00674	0.00195108
1819	375	1.00674	0.00195108
1819	376	1.00674	0.00195108
1819	377	1.00674	0.00195108
1819	378	1.00674	0.00195108
1819	379	1.00674	0.00195108
1819	380	1.00674	0.00195108
1819	381	1.00674	0.00195108
1819	382	1.00674	0.00195108
1819	383	1.00674	0.00195108
1819	384	1.00674	0.00195108
1819	385	1.00674	0.00195108
1819	386	1.00674	0.00195108
1819	387	1.00674	0.00195108
1819	388	1.00674	0.00195108
1819	389	1.00674	0.00195108
1819	390	1.00674	0.00195108
1819	391	1.00674	0.00195108
1819	392	1.00674	0.00195108
1819	393	1.00674	0.00195108
1819	394	1.00674	0.00195108
1819	395	1.00674	0.00195108
1819	396	1.00674	0.00195108
1819	397	1.00674	0.00195108
1819	398	1.00674	0.00195108
1819	399	1.00674	0.00195108
1819	400	1.00674	0.00195108
1819	401	1.00674	0.00195108
1819	402	1.00674	0.00195108
1819	403	1.00674	0.00195108
1819	404	1.00674	0.00195108
1819	405	1.00674	0.00195108
1819	406	1.00674	0.00195108
1819	407	1.00674	0.00195108
1819	408	1.00674	0.00195108
1819	409	1.00674	0.00195108
1819	410	1.00674	0.00195108
1819	411	1.00674	0.00195108
1819	412	1.00674	0.00195108
1819	413	1.00674	0.00195108
1819	414	1.00674	0.00195108
1819	415	1.00674	0.00195108
1819	416	1.00674	0.00195108
1819	417	1.00674	0.00195108
1819	418	1.00674	0.00195108
1819	419	1.00674	0.00195108
1819	420	1.00674	0.00195108
1819	421	1.00674	0.00195108
1819	422	1.00674	0.00195108
1819	423	1.00674	0.00195108
1819	424	1.00674	0.00195108
1819	425	1.00674	0.00195108
1819	426	1.00674	0.00195108
1819	427	1.00674	0.00195108
1819	428	1.00674	0.00195108
1819	429	1.00674	0.00195108
1819	430	1.00674	0.00195108
1819	431	1.00674	0.00195108
1819	432	1.00674	0.00195108
1819	433	1.00674	0.00195108
1819	434	1.00674	0.00195108
1819	435	1.00674	0.00195108
1819	436	1.00674	0.00195108
1819	437	1.00674	0.00195108
1819	438	1.00674	0.00195108
1819	439	1.00674	0.00195108
1819	440	1.00674	0.00195108
1819	441	1.00674	0.00195108
1819	442	1.00674	0.00195108
1819	443	1.00674	0.00195108
1819	444	1.00674	0.00195108
1819	445	1.00674	0.00195108
1819	446	1.00674	0.00195108
1819	447	1.00674	0.00195108
1819	448	1.00674	0.00195108
1819	449	1.00674	0.00195108
1819	450	1.00674	0.00195108
1819	451	1.00674	0.00195108
1819	452	1.00674	0.00195108
1819	453	1.00674	0.00195108
1819	454	1.00674	0.00195108
1819	455	1.00674	0.00195108
1819	456	1.00674	0.00195108
1819	457	1.00674	0.00195108
1819	458	1.00674	0.00195108
1819	459	1.00674	0.00195108
1819	460	1.00674	0.00195108
1819	461	1.00674	0.00195108
1819	462	1.00674	0.00195108
1819	463	1.00674	0.00195108
1819	464	1.00674	0.00195108
1819	465	1.00674	0.00195108
1819	466	1.00674	0.00195108
1819	467	1.00674	0.00195108
1819	468	1.00674	0.00195108
1819	469	1.00674	0.00195108
1819	470	1.00674	0.00195108
1819	471	1.00674	0.00195108
1819	472	1.00674	0.00195108
1819	473	1.00674	0.00195108
1819	474	1.00674	0.00195108
1819	475	1.00674	0.00195108
1819	476	1.00674	0.00195108
1819	477	1.00674	0.00195108
1819	478	1.00674	0.00195108
1819	479	1.00674	0.00195108
1819	480	1.00674	0.00195108
1819	481	1.00674	0.00195108
1819	482	1.00674	0.00195108
1819	483	1.00674	0.00195108
1819	484	1.00674	0.00195108
1819	485	1.00674	0.00195108
1819	486	1.00674	0.00195108
1819	487	1.00674	0.00195108
1819	488	1.00674	0.00195108
1819	489	1.00674	0.00195108
1819	490	1.00674	0.00195108
1819	491	1.00674	0.00195108
1819	492	1.00674	0.00195108
1819	493	1.00674	0.00195108
1819	494	1.00674	0.00195108
1819	495	1.00674	0.00195108
1819	496	1.00674	0.00195108
1819	497	1.00674	0.00195108
1819	498	1.00674	0.00195108
1819	499	1.00674	0.00195108
1819	500	1.00674	0.00195108
1819	501	1.00674	0.00195108
1819	502	1.00674	0.00195108
1819	503	1.00674	0.00195108
1819	504	1.00674	0.00195108
1819	505	1.00674	0.00195108
1819	506	1.00674	0.00195108
1819	507	1.00674	0.00195108
1819	508	1.00674	0.00195108
1819	509	1.00674	0.00195108
1819	510	1.00674	0.00195108
1819	511	1.00674	0.00195108
1819	512	1.00674	0.00195108
1819	513	1.00674	0.00195108
1819	514	1.00674	0.00195108
1819	515	1.00674	0.00195108
1819	516	1.00674	0.00195108
1819	517	1.00674	0.00195108
1819	518	1.00674	0.00195108
1819	519	1.00674	0.00195108
1819	520	1.00674	0.00195108
1819	521	1.00674	0.00195108
1819	522	1.00674	0.00195108
1819	523	1.00674	0.00195108
1819	524	1.00674	0.00195108
1819	525	1.00674	0.00195108
1819	526	1.00674	0.00195108
1819	527	1.00674	0.00195108
1819	528	1.00674	0.00195108
1819	529	1.00674	0.00195108
1819	530	1.00674	0.00195108
1819	531	1.00674	0.00195108
1819	532	1.00674	0.00195108
1819	533	1.00674	0.00195108
1819	534	1.00674	0.00195108
1819	535	1.00674	0.00195108
1819	536	1.00674	0.00195108
1819	537	1.00674	0.00195108
1819	538	1.00674	0.00195108
1819	539	1.00674	0.00195108
1819	540	1.00674	0.00195108
1819	541	1.00674	0.00195108
1819	542	1.00674	0.00195108
1819	543	1.00674	0.00195108
1819	544	1.00674	0.00195108
1819	545	1.00674	0.00195108
1819	546	1.00674	0.00195108
1819	547	1.00674	0.00195108
1819	548	1.00674	0.00195108
1819	549	1.00674	0.00195108
1819	550	1.00674	0.00195108
1819	551	1.00674	0.00195108
1819	552	1.00674	0.00195108
1819	553	1.00674	0.00195108
1819	554	1.00674	0.00195108
1819	555	1.00674	0.00195108
1819	556	1.00674	0.00195108
1819	557	1.00674	0.00195108
1819	558	1.00674	0.00195108
1819	559	1.00674	0.00195108
1819	560	1.00674	0.00195108
1819	561	1.00674	0.00195108
1819	562	1.00674	0.00195108
1819	563	1.00674	0.00195108
1819	564	1.00674	0.00195108
1819	565	1.00674	0.00195108
1819	566	1.00674	0.00195108
1819	567	1.00674	0.00195108
1819	568	1.00674	0.00195108
1819	569	1.00674	0.00195108
1819	570	1.00674	0.00195108
1819	571	1.00674	0.00195108
1819	572	1.00674	0.00195108
1819	573	1.00674	0.00195108
1819	574	1.00674	0.00195108
1819	575	1.00674	0.00195108
1819	576	1.00674	0.00195108
1819	577	1.00674	0.00195108
1819	578	1.00674	0.00195108
1819	579	1.00674	0.00195108
1819	580	1.00674	0.00195108
1819	581	1.00674	0.00195108
1819	582	1.00674	0.00195108
1819	583	1.00674	0.00195108
1819	584	1.00674	0.00195108
1819	585	1.00674	0.00195108
1819	586	1.00674	0.00195108
1819	587	1.00674	0.00195108
1819	588	1.00674	0.00195108
1819	589	1.00674	0.00195108
1819	590	1.00674	0.00195108
1819	591	1.00674	0.00195108
1819	592	1.00674	0.00195108
1819	593	1.00674	0.00195108
1819	594	1.00674	0.00195108
1819	595	1.00674	0.00195108
1819	596	1.00674	0.00195108
1819	597	1.00674	0.00195108
1819	598	1.00674	0.00195108
1819	599	1.00674	0.00195108
1819	600	1.00674	0.00195108
1819	601	1.00674	0.00195108
1819	602	1.00674	0.00195108
1819	603	1.00674	0.00195108
1819	604	1.00674	0.00195108
1819	605	1.00674	0.00195108
1819	606	1.00674	0.00195108
1819	607	1.00674	0.00195108
1819	608	1.00674	0.00195108
1819	609	1.00674	0.00195108
1819	610	1.00674	0.00195108
1819	611	1.00674	0.00195108
1819	612	1.00674	0.00195108
1819	613	1.00674	0.00195108
1819	614	1.00674	0.00195108
1819	615	1.00674	0.00195108
1819	616	1.00674	0.00195108
1819	617	1.00674	0.00195108
1819	618	1.00674	0.00195108
1819	619	1.00674	0.00195108
1819	620	1.00674	0.00195108
1819	621	1.00674	0.00195108
1819	622	1.00674	0.00195108
1819	623	1.00674	0.00195108
1819	624	1.00674	0.00195108
1819	625	1.00674	0.00195108
1819	626	1.00674	0.00195108
1819	627	1.00674	0.00195108
1819	628	1.00674	0.00195108
1819	629	1.00674	0.00195108
1819	630	1.00674	0.00195108
1819	631	1.00674	0.00195108
1819	632	1.00674	0.00195108
1819	633	1.00674	0.00195108
1819	634	1.00674	0.00195108
1819	635	1.00674	0.00195108
1819	636	1.00674	0.00195108
1819	637	1.00674	0.00195108
1819	638	1.00674	0.00195108
1819	639	1.00674	0.00195108
1819	640	1.00674	0.00195108
1819	641	1.00674	0.00195108
1819	642	1.00674	0.00195108
1819	643	1.00674	0.00195108
1819	644	1.00674	0.00195108
1819	645	1.00674	0.00195108
1819	646	1.00674	0.00195108
1819	647	1.00674	0.00195108
1819	648	1.00674	0.00195108
1819	649	1.00674	0.00195108
1819	650	1.00674	0.00195108
1819	651	1.00674	0.00195108
1819	652	1.00674	0.00195108
1819	653	1.00674	0.00195108
1819	654	1.00674	0.00195108
1819	655	1.00674	0.00195108
1819	656	1.00674	0.00195108
1819	657	1.00674	0.00195108
1819	658	1.00674	0.00195108
1819	659	1.00674	0.00195108
1819	660	1.00674	0.00195108
1819	661	1.00674	0.00195108
1819	662	1.00674	0.00195108
1819	663	1.00674	0.00195108
1819	664	1.00674	0.00195108
1819	665	1.00674	0.00195108
1819	666	1.00674	0.00195108
1819	667	1.00674	0.00195108
1819	668	1.00674	0.00195108
1819	669	1.00674	0.00195108
1819	670	1.00674	0.00195108
1819	671	1.00674	0.00195108
1819	672	1.00674	0.00195108
1819	673	1.00674	0.00195108
1819	674	1.00674	0.00195108
1819	675	1.00674	0.00195108
1819	676	1.00674	0.00195108
1819	677	1.00674	0.00195108
1819	678	1.00674	0.00195108
1819	679	1.00674	0.00195108
1819	680	1.00674	0.00195108
1819	681	1.00674	0.00195108
1819	682	1.00674	0.00195108
1819	683	1.00674	0.00195108
1819	684	1.00674	0.00195108
1819	685	1.00674	0.00195108
1819	686	1.00674	0.00195108
1819	687	1.00674	0.00195108
1819	688	1.00674	0.00195108
1819	689	1.00674	0.00195108
1819	690	1.00674	0.00195108
1819	691	1.00674	0.00195108
1819	692	1.00674	0.00195108
1819	693	1.00674	0.00195108
1819	694	1.00674	0.00195108
1819	695	1.00674	0.00195108
1819	696	1.00674	0.00195108
1819	697	1.00674	0.00195108
1819	698	1.00674	0.00195108
1819	699	1.00674	0.00195108
1819	700	1.00674	0.00195108
1819	701	1.00674	0.00195108
1819	702	1.00674	0.00195108
1819	703	1.00674	0.00195108
1819	704	1.00674	0.00195108
1819	705	1.00674	0.00195108
1819	706	1.00674	0.00195108
1819	707	1.00674	0.00195108
1819	708	1.00674	0.00195108
1819	709	1.00674	0.00195108
1819	710	1.00674	0.00195108
1819	711	1.00674	0.00195108
1819	712	1.00674	0.00195108
1819	713	1.00674	0.00195108
1819	714	1.00674	0.00195108
1819	715	1.00674	0.00195108
1819	716	1.00674	0.00195108
1819	717	1.00674	0.00195108
1819	718	1.00674	0.00195108
1819	719	1.00674	0.00195108
1819	720	1.00674	0.00195108
1819	721	1.00674	0.00195108
1819	722	1.00674	0.00195108
1819	723	1.00674	0.00195108
1819	724	1.00674	0.00195108
1819	725	1.00674	0.00195108
1819	726	1.00674	0.00195108
1819	727	1.00674	0.00195108
1819	728	1.00674	0.00195108
1819	729	1.00674	0.00195108
1819	730	1.00674	0.00195108
1819	731	1.00674	0.00195108
1819	732	1.00674	0.00195108
1819	733	1.00674	0.00195108
1819	734	1.00674	0.00195108
1819	735	1.00674	0.00195108
1819	736	1.00674	0.00195108
1819	737	1.00674	0.00195108
1819	738	1.00674	0.00195108
1819	739	1.00674	0.00195108
1819	740	1.00674	0.00195108
1819	741	1.00674	0.00195108
1819	742	1.00674	0.00195108
1819	743	1.00674	0.00195108
1819	744	1.00674	0.00195108
1819	745	1.00674	0.00195108
1819	746	1.00674	0.00195108
1819	747	1.00674	0.00195108
1819	748	1.00674	0.00195108
1819	749	1.00674	0.00195108
1819	750	1.00674	0.00195108
1819	751	1.00674	0.00195108
1819	752	1.00674	0.00195108
1819	753	1.00674	0.00195108
1819	754	1.00674	0.00195108
1819	755	1.00674	0.00195108
1819	756	1.00674	0.00195108
1819	757	1.00674	0.00195108
1819	758	1.00674	0.00195108
1819	759	1.00674	0.00195108
1819	760	1.00674	0.00195108
1819	761	1.00674	0.00195108
1819	762	1.00674	0.00195108
1819	763	1.00674	0.00195108
1819	764	1.00674	0.00195108
1819	765	1.00674	0.00195108
1819	766	1.00674	0.00195108
1819	767	1.00674	0.00195108
1819	768	1.00674	0.00195108
1819	769	1.00674	0.00195108
1819	770	1.00674	0.00195108
1819	771	1.00674	0.00195108
1819	772	1.00674	0.00195108
1819	773	1.00674	0.00195108
1819	774	1.00674	0.00195108
1819	775	1.00674	0.00195108
1819	776	1.00674	0.00195108
1819	777	1.00674	0.00195108
1819	778	1.00674	0.00195108
1819	779	1.00674	0.00195108
1819	780	1.00674	0.00195108
1819	781	1.00674	0.00195108
1819	782	1.00674	0.00195108
1819	783	1.00674	0.00195108
1819	784	1.00674	0.00195108
1819	785	1.00674	0.00195108
1819	786	1.00674	0.00195108
1819	787	1.00674	0.00195108
1819	788	1.00674	0.00195108
1819	789	1.00674	0.00195108
1819	790	1.00674	0.00195108
1819	791	1.00674	0.00195108
1819	792	1.00674	0.00195108
1819	793	1.00674	0.00195108
1819	794	1.00674	0.00195108
1819	795	1.00674	0.00195108
1819	796	1.00674	0.00195108
1819	797	1.00674	0.00195108
1819	798	1.00674	0.00195108
1819	799	1.00674	0.00195108
1819	800	1.00674	0.00195108
1819	801	1.00674	0.00195108
1819	802	1.00674	0.00195108
1819	803	1.00674	0.00195108
1819	804	1.00674	0.00195108
1819	805	1.00674	0.00195108
1819	806	1.00674	0.00195108
1819	807	1.00674	0.00195108
1819	808	1.00674	0.00195108
1819	809	1.00674	0.00195108
1819	810	1.00674	0.00195108
1819	811	1.00674	0.00195108
1819	812	1.00674	0.00195108
1819	813	1.00674	0.00195108
1819	814	1.00674	0.00195108
1819	815	1.00674	0.00195108
1819	816	1.00674	0.00195108
1819	817	1.00674	0.00195108
1819	818	1.00674	0.00195108
1819	819	1.00674	0.00195108
1819	820	1.00674	0.00195108
1819	821	1.00674	0.00195108
1819	822	1.00674	0.00195108
1819	823	1.00674	0.00195108
1819	824	1.00674	0.00195108
1819	825	1.00674	0.00195108
1819	826	1.00674	0.00195108
1819	827	1.00674	0.00195108
1819	828	1.00674	0.00195108
1819	829	1.00674	0.00195108
1819	830	1.00674	0.00195108
1819	831	1.00674	0.00195108
1819	832	1.00674	0.00195108
1819	833	1.00674	0.00195108
1819	834	1.00674	0.00195108
1819	835	1.00674	0.00195108
1819	836	1.00674	0.00195108
1819	837	1.00674	0.00195108
1819	838	1.00674	0.00195108
1819	839	1.00674	0.00195108
1819	840	1.00674	0.00195108
1819	841	1.00674	0.00195108
1819	842	1.00674	0.00195108
1819	843	1.00674	0.00195108
1819	844	1.00674	0.00195108
1819	845	1.00674	0.00195108
1819	846	1.00674	0.00195108
1819	847	1.00674	0.00195108
1819	848	1.00674	0.00195108
1819	849	1.00674	0.00195108
1819	850	1.00674	0.00195108
1819	851	1.00674	0.00195108
1819	852	1.00674	0.00195108
1819	853	1.00674	0.00195108
1819	854	1.00674	0.00195108
1819	855	1.00674	0.00195108
1819	856	1.00674	0.00195108
1819	857	1.00674	0.00195108
1819	858	1.00674	0.00195108
1819	859	1.00674	0.00195108
1819	860	1.00674	0.00195108
1819	861	1.00674	0.00195108
1819	862	1.00674	0.00195108
1819	863	1.00674	0.00195108
1819	864	1.00674	0.00195108
1819	865	1.00674	0.00195108
1819	866	1.00674	0.00195108
1819	867	1.00674	0.00195108
1819	868	1.00674	0.00195108
1819	869	1.00674	0.00195108
1819	870	1.00674	0.00195108
1819	871	1.00674	0.00195108
1819	872	1.00674	0.00195108
1819	873	1.00674	0.00195108
1819	874	1.00674	0.00195108
1819	875	1.00674	0.00195108
1819	876	1.00674	0.00195108
1819	877	1.00674	0.00195108
1819	878	1.00674	0.00195108
1819	879	1.00674	0.00195108
1819	880	1.00674	0.00195108
1819	881	1.00674	0.00195108
1819	882	1.00674	0.00195108
1819	883	1.00674	0.00195108
1819	884	1.00674	0.00195108
1819	885	1.00674	0.00195108
1819	886	1.00674	0.00195108
1819	887	1.00674	0.00195108
1819	888	1.00674	0.00195108
1819	889	1.00674	0.00195108
1819	890	1.00674	0.00195108
1819	891	1.00674	0.00195108
1819	892	1.00674	0.00195108
1819	893	1.00674	0.00195108
1819	894	1.00674	0.00195108
1819	895	1.00674	0.00195108
1819	896	1.00674	0.00195108
1819	897	1.00674	0.00195108
1819	898	1.00674	0.00195108
1819	899	1.00674	0.00195108
1819	900	1.00674	0.00195108
1819	901	1.00674	0.00195108
1819	902	1.00674	0.00195108
1819	903	1.00674	0.00195108
1819	904	1.00674	0.00195108
1819	905	1.00674	0.00195108
1819	906	1.00674	0.00195108
1819	907	1.00674	0.00195108
1819	908	1.00674	0.00195108
1819	909	1.00674	0.00195108
1819	910	1.00674	0.00195108
1819	911	1.00674	0.00195108
1819	912	1.00674	0.00195108
1819	913	1.00674	0.00195108
1819	914	1.00674	0.00195108
1819	915	1.00674	0.00195108
1819	916	1.00674	0.00195108
1819	917	1.00674	0.00195108
1819	918	1.00674	0.00195108
1819	919	1.00674	0.00195108
1819	920	1.00674	0.00195108
1819	921	1.00674	0.00195108
1819	922	1.00674	0.00195108
1819	923	1.00674	0.00195108
1819	924	1.00674	0.00195108
1819	925	1.00674	0.00195108
1819	926	1.00674	0.00195108
1819	927	1.00674	0.00195108
1819	928	1.00674	0.00195108
1819	929	1.00674	0.00195108
1819	930	1.00674	0.00195108
1819	931	1.00674	0.00195108
1819	932	1.00674	0.00195108
1819	933	1.00674	0.00195108
1819	934	1.00674	0.00195108
1819	935	1.00674	0.00195108
1819	936	1.00674	0.00195108
1819	937	1.00674	0.00195108
1819	938	1.00674	0.00195108
1819	939	1.00674	0.00195108
1819	940	1.00674	0.00195108
1819	941	1.00674	0.00195108
1819	942	1.00674	0.00195108
1819	943	1.00674	0.00195108
1819	944	1.00674	0.00195108
1819	945	1.00674	0.00195108
1819	946	1.00674	0.00195108
1819	947	1.00674	0.00195108
1819	948	1.00674	0.00195108
1819	949	1.00674	0.00195108
1819	950	1.00674	0.00195108
1819	951	1.00674	0.00195108
1819	952	1.00674	0.00195108
1819	953	1.00674	0.00195108
1819	954	1.00674	0.00195108
1819	955	1.00674	0.00195108
1819	956	1.00674	0.00195108
1819	957	1.00674	0.00195108
1819	958	1.00674	0.00195108
1819	959	1.00674	0.00195108
1819	960	1.00674	0.00195108
1819	961	1.00674	0.00195108
1819	962	1.00674	0.00195108
1819	963	1.00674	0.00195108
1819	964	1.00674	0.00195108
1819	965	1.00674	0.00195108
1819	966	1.00674	0.00195108
1819	967	1.00674	0.00195108
1819	968	1.00674	0.00195108
1819	969	1.00674	0.00195108
1819	970	1.00674	0.00195108
1819	971	1.00674	0.00195108
1819	972	1.00674	0.00195108
1819	973	1.00674	0.00195108
1819	974	1.00674	0.00195108
1819	975	1.00674	0.00195108
1819	976	1.00674	0.00195108
1819	977	1.00674	0.00195108
1819	978	1.00674	0.00195108
1819	979	1.00674	0.00195108
1819	980	1.00674	0.00195108
1819	981	1.00674	0.00195108
1819	982	1.00674	0.00195108
1819	983	1.00674	0.00195108
1819	984	1.00674	0.00195108
1819	985	1.00674	0.00195108
1819	986	1.00674	0.00195108
1819	987	1.00674	0.00195108
1819	988	1.00674	0.00195108
1819	989	1.00674	0.00195108
1819	990	1.00674	0.00195108
1819	991	1.00674	0.00195108
1819	992	1.00674	0.00195108
1819	993	1.00674	0.00195108
1819	994	1.00674	0.00195108
1819	995	1.00674	0.00195108
1819	996	1.00674	0.00195108
1819	997	1.00674	0.00195108
1819	998	1.00674	0.00195108
1819	999	1.00674	0.00195108
1819	1000	1.00674	0.00195108
1819	1001	1.00674	0.00195108
1819	1002	1.00674	0.00195108
1819	1003	1.00674	0.00195108
1819	1004	1.00674	0.00195108
1819	1005	1.00674	0.00195108
1819	1006	1.00674	0.00195108
1819	1007	1.00674	0.00195108
1819	1008	1.00674	0.00195108
1819	1009	1.00674	0.00195108
1819	1010	1.00674	0.00195108
1819	1011	1.00674	0.00195108
1819	1012	1.00674	0.00195108
1819	1013	1.00674	0.00195108
1819	1014	1.00674	0.00195108
1819	1015	1.00674	0.00195108
1819	1016	1.00674	0.00195108
1819	1017	1.00674	0.00195108
1819	1018	1.00674	0.00195108
1819	1019	1.00674	0.00195108
1819	1020	1.00674	0.00195108
1819	1021	1.00674	0.00195108
1819	1022	1.00674	0.00195108
1819	1023	1.00674	0.00195108
1819	1024	1.00674	0.00195108
1819	1025	1.00674	0.00195108
1819	1026	1.00674	0.00195108
1819	1027	1.00674	0.00195108
1819	1028	1.00674	0.00195108
1819	1029	1.00674	0.00195108
1819	1030	1.00674	0.00195108
1819	1031	1.00674	0.00195108
1819	1032	1.00674	0.00195108
1819	1033	1.00674	0.00195108
1819	1034	1.00674	0.00195108
1819	1035	1.00674	0.00195108
1819	1036	1.00674	0.00195108
1819	1037	1.00674	0.00195108
1819	1038	1.00674	0.00195108
1819	1039	1.00674	0.00195108
1819	1040	1.00674	0.00195108
1819	1041	1.00674	0.00195108
1819	1042	1.00674	0.00195108
1819	1043	1.00674	0.00195108
1819	1044	1.00674	0.00195108
1819	1045	1.00674	0.00195108
1819	1046	1.00674	0.00195108
1819	1047	1.00674	0.00195108
1819	1048	1.00674	0.00195108
1819	1049	1.00674	0.00195108
1819	1050	1.00674	0.00195108
1819	1051	1.00674	0.00195108
1819	1052	1.00674	0.00195108
1819	1053	1.00674	0.00195108
1819	1054	1.00674	0.00195108
1819	1055	1.00674	0.00195108
1819	1056	1.00674	0.00195108
1819	1057	1.00674	0.00195108
1819	1058	1.00674	0.00195108
1819	1059	1.00674	0.00195108
1819	1060	1.00674	0.00195108
1819	1061	1.00674	0.00195108
1819	1062	1.00674	0.00195108
1819	1063	1.00674	0.00195108
1819	1064	1.00674	0.00195108
1819	1065	1.00674	0.00195108
1819	1066	1.00674	0.00195108
1819	1067	1.00674	0.00195108
1819	1068	1.00674	0.00195108
1819	1069	1.00674	0.00195108
1819	1070	1.00674	0.00195108
1819	1071	1.00674	0.00195108
1819	1072	1.00674	0.00195108
1819	1073	1.00674	0.00195108
1819	1074	1.00674	0.00195108
1819	1075	1.00674	0.00195108
1819	1076	1.00674	0.00195108
1819	1077	1.00674	0.00195108
1819	1078	1.00674	0.00195108
1819	1079	1.00674	0.00195108
1819	1080	1.00674	0.00195108
1819	1081	1.00674	0.00195108
1819	1082	1.00674	0.00195108
1819	1083	1.00674	0.00195108
1819	1084	1.00674	0.00195108
1819	1085	1.00674	0.00195108
1819	1086	1.00674	0.00195108
1819	1087	1.00674	0.00195108
1819	1088	1.00674	0.00195108
1819	1089	1.00674	0.00195108
1819	1090	1.00674	0.00195108
1819	1091	1.00674	0.00195108
1819	1092	1.00674	0.00195108
1819	1093	1.00674	0.00195108
1819	1094	1.00674	0.00195108
1819	1095	1.00674	0.00195108
1819	1096	1.00674	0.00195108
1819	1097	1.00674	0.00195108
1819	1098	1.00674	0.00195108
1819	1099	1.00674	0.00195108
1819	1100	1.00674	0.00195108
1819	1101	1.00674	0.00195108
1819	1102	1.00674	0.00195108
1819	1103	1.00674	0.00195108
1819	1104	1.00674	0.00195108
1819	1105	1.00674	0.00195108
1819	1106	1.00674	0.00195108
1819	1107	1.00674	0.00195108
1819	1108	1.00674	0.00195108
1819	1109	1.00674	0.00195108
1819	1110	1.00674	0.00195108
1819	1111	1.00674	0.00195108
1819	1112	1.00674	0.00195108
1819	1113	1.00674	0.00195108
1819	1114	1.00674	0.00195108
1819	1115	1.00674	0.00195108
1819	1116	1.00674	0.00195108
1819	1117	1.00674	0.00195108
1819	1118	1.00674	0.00195108
1819	1119	1.00674	0.00195108
1819	1120	1.00674	0.00195108
1819	1121	1.00674	0.00195108
1819	1122	1.00674	0.00195108
1819	1123	1.00674	0.00195108
1819	1124	1.00674	0.00195108
1819	1125	1.00674	0.00195108
1819	1126	1.00674	0.00195108
1819	1127	1.00674	0.00195108
1819	1128	1.00674	0.00195108
1819	1129	1.00674	0.00195108
1819	1130	1.00674	0.00195108
1819	1131	1.00674	0.00195108
1819	1132	1.00674	0.00195108
1819	1133	1.00674	0.00195108
1819	1134	1.00674	0.00195108
1819	1135	1.00674	0.00195108
1819	1136	1.00674	0.00195108
1819	1137	1.00674	0.00195108
1819	1138	1.00674	0.00195108
1819	1139	1.00674	0.00195108
1819	1140	1.00674	0.00195108
1819	1141	1.00674	0.00195108
1819	1142	1.00674	0.00195108
1819	1143	1.00674	0.00195108
1819	1144	1.00674	0.00195108
1819	1145	1.00674	0.00195108
1819	1146	1.00674	0.00195108
1819	1147	1.00674	0.00195108
1819	1148	1.00674	0.00195108
1819	1149	1.00674	0.00195108
1819	1150	1.00674	0.00195108
1819	1151	1.00674	0.00195108
1819	1152	1.00674	0.00195108
1819	1153	1.00674	0.00195108
1819	1154	1.00674	0.00195108
1819	1155	1.00674	0.00195108
1819	1156	1.00674	0.00195108
1819	1157	1.00674	0.00195108
1819	1158	1.00674	0.00195108
1819	1159	1.00674	0.00195108
1819	1160	1.00674	0.00195108
1819	1161	1.00674	0.00195108
1819	1162	1.00674	0.00195108
1819	1163	1.00674	0.00195108
1819	1164	1.00674	0.00195108
1819	1165	1.00674	0.00195108
1819	1166	1.00674	0.00195108
1819	1167	1.00674	0.00195108
1819	1168	1.00674	0.00195108
1819	1169	1.00674	0.00195108
1819	1170	1.00674	0.00195108
1819	1171	1.00674	0.00195108
1819	1172	1.00674	0.00195108
1819	1173	1.00674	0.00195108
1819	1174	1.00674	0.00195108
1819	1175	1.00674	0.00195108
1819	1176	1.00674	0.00195108
1819	1177	1.00674	0.00195108
1819	1178	1.00674	0.00195108
1819	1179	1.00674	0.00195108
1819	1180	1.00674	0.00195108
1819	1181	1.00674	0.00195108
1819	1182	1.00674	0.00195108
1819	1183	1.00674	0.00195108
1819	1184	1.00674	0.00195108
1819	1185	1.00674	0.00195108
1819	1186	1.00674	0.00195108
1819	1187	1.00674	0.00195108
1819	1188	1.00674	0.00195108
1819	1189	1.00674	0.00195108
1819	1190	1.00674	0.00195108
1819	1191	1.00674	0.00195108
1819	1192	1.00674	0.00195108
1819	1193	1.00674	0.00195108
1819	1194	1.00674	0.00195108
1819	1195	1.00674	0.00195108
1819	1196	1.00674	0.00195108
1819	1197	1.00674	0.00195108
1819	1198	1.00674	0.00195108
1819	1199	1.00674	0.00195108
1819	1200	1.00674	0.00195108
1819	1201	1.00674	0.00195108
1819	1202	1.00674	0.00195108
1819	1203	1.00674	0.00195108
1819	1204	1.00674	0.00195108
1819	1205	1.00674	0.00195108
1819	1206	1.00674	0.00195108
1819	1207	1.00674	0.00195108
1819	1208	1.00674	0.00195108
1819	1209	1.00674	0.00195108
1819	1210	1.00674	0.00195108
1819	1211	1.00674	0.00195108
1819	1212	1.00674	0.00195108
1819	1213	1.00674	0.00195108
1819	1214	1.00674	0.00195108
1819	1215	1.00674	0.00195108
1819	1216	1.00674	0.00195108
1819	1217	1.00674	0.00195108
1819	1218	1.00674	0.00195108
1819	1219	1.00674	0.00195108
1819	1220	1.00674	0.00195108
1819	1221	1.00674	0.00195108
1819	1222	1.00674	0.00195108
1819	1223	1.00674	0.00195108
1819	1224	1.00674	0.00195108
1819	1225	1.00674	0.00195108
1819	1226	1.00674	0.00195108
1819	1227	1.00674	0.00195108
1819	1228	1.00674	0.00195108
1819	1229	1.00674	0.00195108
1819	1230	1.00674	0.00195108
1819	1231	1.00674	0.00195108
1819	1232	1.00674	0.00195108
1819	1233	1.00674	0.00195108
1819	1234	1.00674	0.00195108
1819	1235	1.00674	0.00195108
1819	1236	1.00674	0.00195108
1819	1237	1.00674	0.00195108
1819	1238	1.00674	0.00195108
1819	1239	1.00674	0.00195108
1819	1240	1.00674	0.00195108
1819	1241	1.00674	0.00195108
1819	1242	1.00674	0.00195108
1819	1243	1.00674	0.00195108
1819	1244	1.00674	0.00195108
1819	1245	1.00674	0.00195108
1819	1246	1.00674	0.00195108
1819	1247	1.00674	0.00195108
1819	1248	1.00674	0.00195108
1819	1249	1.00674	0.00195108
1819	1250	1.00674	0.00195108
1819	1251	1.00674	0.00195108
1819	1252	1.00674	0.00195108
1819	1253	1.00674	0.00195108
1819	1254	1.00674	0.00195108
1819	1255	1.00674	0.00195108
1819	1256	1.00674	0.00195108
1819	1257	1.00674	0.00195108
1819	1258	1.00674	0.00195108
1819	1259	1.00674	0.00195108
1819	1260	1.00674	0.00195108
1819	1261	1.00674	0.00195108
1819	1262	1.00674	0.00195108
1819	1263	1.00674	0.00195108
1819	1264	1.00674	0.00195108
1819	1265	1.00674	0.00195108
1819	1266	1.00674	0.00195108
1819	1267	1.00674	0.00195108
1819	1268	1.00674	0.00195108
1819	1269	1.00674	0.00195108
1819	1270	1.00674	0.00195108
1819	1271	1.00674	0.00195108
1819	1272	1.00674	0.00195108
1819	1273	1.00674	0.00195108
1819	1274	1.00674	0.00195108
1819	1275	1.00674	0.00195108
1819	1276	1.00674	0.00195108
1819	1277	1.00674	0.00195108
1819	1278	1.00674	0.00195108
1819	1279	1.00674	0.00195108
1819	1280	1.00674	0.00195108
1819	1281	1.00674	0.00195108
1819	1282	1.00674	0.00195108
1819	1283	1.00674	0.00195108
1819	1284	1.00674	0.00195108
1819	1285	1.00674	0.00195108
1819	1286	1.00674	0.00195108
1819	1287	1.00674	0.00195108
1819	1288	1.00674	0.00195108
1819	1289	1.00674	0.00195108
1819	1290	1.00674	0.00195108
1819	1291	1.00674	0.00195108
1819	1292	1.00674	0.00195108
1819	1293	1.00674	0.00195108
1819	1294	1.00674	0.00195108
1819	1295	1.00674	0.00195108
1819	1296	1.00674	0.00195108
1819	1297	1.00674	0.00195108
1819	1298	1.00674	0.00195108
1819	1299	1.00674	0.00195108
1819	1300	1.00674	0.00195108
1819	1301	1.00674	0.00195108
1819	1302	1.00674	0.00195108
1819	1303	1.00674	0.00195108
1819	1304	1.00674	0.00195108
1819	1305	1.00674	0.00195108
1819	1306	1.00674	0.00195108
1819	1307	1.00674	0.00195108
1819	1308	1.00674	0.00195108
1819	1309	1.00674	0.00195108
1819	1310	1.00674	0.00195108
1819	1311	1.00674	0.00195108
1819	1312	1.00674	0.00195108
1819	1313	1.00674	0.00195108
1819	1314	1.00674	0.00195108
1819	1315	1.00674	0.00195108
1819	1316	1.00674	0.00195108
1819	1317	1.00674	0.00195108
1819	1318	1.00674	0.00195108
1819	1319	1.00674	0.00195108
1819	1320	1.00674	0.00195108
1819	1321	1.00674	0.00195108
1819	1322	1.00674	0.00195108
1819	1323	1.00674	0.00195108
1819	1324	1.00674	0.00195108
1819	1325	1.00674	0.00195108
1819	1326	1.00674	0.00195108
1819	1327	1.00674	0.00195108
1819	1328	1.00674	0.00195108
1819	1329	1.00674	0.00195108
1819	1330	1.00674	0.00195108
1819	1331	1.00674	0.00195108
1819	1332	1.00674	0.00195108
1819	1333	1.00674	0.00195108
1819	1334	1.00674	0.00195108
1819	1335	1.00674	0.00195108
1819	1336	1.00674	0.00195108
1819	1337	1.00674	0.00195108
1819	1338	1.00674	0.00195108
1819	1339	1.00674	0.00195108
1819	1340	1.00674	0.00195108
1819	1341	1.00674	0.00195108
1819	1342	1.00674	0.00195108
1819	1343	1.00674	0.00195108
1819	1344	1.00674	0.00195108
1819	1345	1.00674	0.00195108
1819	1346	1.00674	0.00195108
1819	1347	1.00674	0.00195108
1819	1348	1.00674	0.00195108
1819	1349	1.00674	0.00195108
1819	1350	1.00674	0.00195108
1819	1351	1.00674	0.00195108
1819	1352	1.00674	0.00195108
1819	1353	1.00674	0.00195108
1819	1354	1.00674	0.00195108
1819	1355	1.00674	0.00195108
1819	1356	1.00674	0.00195108
1819	1357	1.00674	0.00195108
1819	1358	1.00674	0.00195108
1819	1359	1.00674	0.00195108
1819	1360	1.00674	0.00195108
1819	1361	1.00674	0.00195108
1819	1362	1.00674	0.00195108
1819	1363	1.00674	0.00195108
1819	1364	1.00674	0.00195108
1819	1365	1.00674	0.00195108
1819	1366	1.00674	0.00195108
1819	1367	1.00674	0.00195108
1819	1368	1.00674	0.00195108
1819	1369	1.00674	0.00195108
1819	1370	1.00674	0.00195108
1819	1371	1.00674	0.00195108
1819	1372	1.00674	0.00195108
1819	1373	1.00674	0.00195108
1819	1374	1.00674	0.00195108
1819	1375	1.00674	0.00195108
1819	1376	1.00674	0.00195108
1819	1377	1.00674	0.00195108
1819	1378	1.00674	0.00195108
1819	1379	1.00674	0.00195108
1819	1380	1.00674	0.00195108
1819	1381	1.00674	0.00195108
1819	1382	1.00674	0.00195108
1819	1383	1.00674	0.00195108
1819	1384	1.00674	0.00195108
1819	1385	1.00674	0.00195108
1819	1386	1.00674	0.00195108
1819	1387	1.00674	0.00195108
1819	1388	1.00674	0.00195108
1819	1389	1.00674	0.00195108
1819	1390	1.00674	0.00195108
1819	1391	1.00674	0.00195108
1819	1392	1.00674	0.00195108
1819	1393	1.00674	0.00195108
1819	1394	1.00674	0.00195108
1819	1395	1.00674	0.00195108
1819	1396	1.00674	0.00195108
1819	1397	1.00674	0.00195108
1819	1398	1.00674	0.00195108
1819	1399	1.00674	0.00195108
1819	1400	1.00674	0.00195108
1819	1401	1.00674	0.00195108
1819	1402	1.00674	0.00195108
1819	1403	1.00674	0.00195108
1819	1404	1.00674	0.00195108
1819	1405	1.00674	0.00195108
1819	1406	1.00674	0.00195108
1819	1407	1.00674	0.00195108
1819	1408	1.00674	0.00195108
1819	1409	1.00674	0.00195108
1819	1410	1.00674	0.00195108
1819	1411	1.00674	0.00195108
1819	1412	1.00674	0.00195108
1819	1413	1.00674	0.00195108
1819	1414	1.00674	0.00195108
1819	1415	1.00674	0.00195108
1819	1416	1.00674	0.00195108
1819	1417	1.00674	0.00195108
1819	1418	1.00674	0.00195108
1819	1419	1.00674	0.00195108
1819	1420	1.00674	0.00195108
1819	1421	1.00674	0.00195108
1819	1422	1.00674	0.00195108
1819	1423	1.00674	0.00195108
1819	1424	1.00674	0.00195108
1819	1425	1.00674	0.00195108
1819	1426	1.00674	0.00195108
1819	1427	1.00674	0.00195108
1819	1428	1.00674	0.00195108
1819	1429	1.00674	0.00195108
1819	1430	1.00674	0.00195108
1819	1431	1.00674	0.00195108
1819	1432	1.00674	0.00195108
1819	1433	1.00674	0.00195108
1819	1434	1.00674	0.00195108
1819	1435	1.00674	0.00195108
1819	1436	1.00674	0.00195108
1819	1437	1.00674	0.00195108
1819	1438	1.00674	0.00195108
1819	1439	1.00674	0.00195108
1819	1440	1.00674	0.00195108
1819	1441	1.00674	0.00195108
1819	1442	1.00674	0.00195108
1819	1443	1.00674	0.00195108
1819	1444	1.00674	0.00195108
1819	1445	1.00674	0.00195108
1819	1446	1.00674	0.00195108
1819	1447	1.00674	0.00195108
1819	1448	1.00674	0.00195108
1819	1449	1.00674	0.00195108
1819	1450	1.00674	0.00195108
1819	1451	1.00674	0.00195108
1819	1452	1.00674	0.00195108
1819	1453	1.00674	0.00195108
1819	1454	1.00674	0.00195108
1819	1455	1.00674	0.00195108
1819	1456	1.00674	0.00195108
1819	1457	1.00674	0.00195108
1819	1458	1.00674	0.00195108
1819	1459	1.00674	0.00195108
1819	1460	1.00674	0.00195108
1819	1461	1.00674	0.00195108
1819	1462	1.00674	0.00195108
1819	1463	1.00674	0.00195108
1819	1464	1.00674	0.00195108
1819	1465	1.00674	0.00195108
1819	1466	1.00674	0.00195108
1819	1467	1.00674	0.00195108
1819	1468	1.00674	0.00195108
1819	1469	1.00674	0.00195108
1819	1470	1.00674	0.00195108
1819	1471	1.00674	0.00195108
1819	1472	1.00674	0.00195108
1819	1473	1.00674	0.00195108
1819	1474	1.00674	0.00195108
1819	1475	1.00674	0.00195108
1819	1476	1.00674	0.00195108
1819	1477	1.00674	0.00195108
1819	1478	1.00674	0.00195108
1819	1479	1.00674	0.00195108
1819	1480	1.00674	0.00195108
1819	1481	1.00674	0.00195108
1819	1482	1.00674	0.00195108
1819	1483	1.00674	0.00195108
1819	1484	1.00674	0.00195108
1819	1485	1.00674	0.00195108
1819	1486	1.00674	0.00195108
1819	1487	1.00674	0.00195108
1819	1488	1.00674	0.00195108
1819	1489	1.00674	0.00195108
1819	1490	1.00674	0.00195108
1819	1491	1.00674	0.00195108
1819	1492	1.00674	0.00195108
1819	1493	1.00674	0.00195108
1819	1494	1.00674	0.00195108
1819	1495	1.00674	0.00195108
1819	1496	1.00674	0.00195108
1819	1497	1.00674	0.00195108
1819	1498	1.00674	0.00195108
1819	1499	1.00674	0.00195108
1819	1500	1.00674	0.00195108
1819	1501	1.00674	0.00195108
1819	1502	1.00674	0.00195108
1819	1503	1.00674	0.00195108
1819	1504	1.00674	0.00195108
1819	1505	1.00674	0.00195108
1819	1506	1.00674	0.00195108
1819	1507	1.00674	0.00195108
1819	1508	1.00674	0.00195108
1819	1509	1.00674	0.00195108
1819	1510	1.00674	0.00195108
1819	1511	1.00674	0.00195108
1819	1512	1.00674	0.00195108
1819	1513	1.00674	0.00195108
1819	1514	1.00674	0.00195108
1819	1515	1.00674	0.00195108
1819	1516	1.00674	0.00195108
1819	1517	1.00674	0.00195108
1819	1518	1.00674	0.00195108
1819	1519	1.00674	0.00195108
1819	1520	1.00674	0.00195108
1819	1521	1.00674	0.00195108
1819	1522	1.00674	0.00195108
1819	1523	1.00674	0.00195108
1819	1524	1.00674	0.00195108
1819	1525	1.00674	0.00195108
1819	1526	1.00674	0.00195108
1819	1527	1.00674	0.00195108
1819	1528	1.00674	0.00195108
1819	1529	1.00674	0.00195108
1819	1530	1.00674	0.00195108
1819	1531	1.00674	0.00195108
1819	1532	1.00674	0.00195108
1819	1533	1.00674	0.00195108
1819	1534	1.00674	0.00195108
1819	1535	1.00674	0.00195108
1819	1536	1.00674	0.00195108
1819	1537	1.00674	0.00195108
1819	1538	1.00674	0.00195108
1819	1539	1.00674	0.00195108
1819	1540	1.00674	0.00195108
1819	1541	1.00674	0.00195108
1819	1542	1.00674	0.00195108
1819	1543	1.00674	0.00195108
1819	1544	1.00674	0.00195108
1819	1545	1.00674	0.00195108
1819	1546	1.00674	0.00195108
1819	1547	1.00674	0.00195108
1819	1548	1.00674	0.00195108
1819	1549	1.00674	0.00195108
1819	1550	1.00674	0.00195108
1819	1551	1.00674	0.00195108
1819	1552	1.00674	0.00195108
1819	1553	1.00674	0.00195108
1819	1554	1.00674	0.00195108
1819	1555	1.00674	0.00195108
1819	1556	1.00674	0.00195108
1819	1557	1.00674	0.00195108
1819	1558	1.00674	0.00195108
1819	1559	1.00674	0.00195108
1819	1560	1.00674	0.00195108
1819	1561	1.00674	0.00195108
1819	1562	1.00674	0.00195108
1819	1563	1.00674	0.00195108
1819	1564	1.00674	0.00195108
1819	1565	1.00674	0.00195108
1819	1566	1.00674	0.00195108
1819	1567	1.00674	0.00195108
1819	1568	1.00674	0.00195108
1819	1569	1.00674	0.00195108
1819	1570	1.00674	0.00195108
1819	1571	1.00674	0.00195108
1819	1572	1.00674	0.00195108
1819	1573	1.00674	0.00195108
1819	1574	1.00674	0.00195108
1819	1575	1.00674	0.00195108
1819	1576	1.00674	0.00195108
1819	1577	1.00674	0.00195108
1819	1578	1.00674	0.00195108
1819	1579	1.00674	0.00195108
1819	1580	1.00674	0.00195108
1819	1581	1.00674	0.00195108
1819	1582	1.00674	0.00195108
1819	1583	1.00674	0.00195108
1819	1584	1.00674	0.00195108
1819	1585	1.00674	0.00195108
1819	1586	1.00674	0.00195108
1819	1587	1.00674	0.00195108
1819	1588	1.00674	0.00195108
1819	1589	1.00674	0.00195108
1819	1590	1.00674	0.00195108
1819	1591	1.00674	0.00195108
1819	1592	1.00674	0.00195108
1819	1593	1.00674	0.00195108
1819	1594	1.00674	0.00195108
1819	1595	1.00674	0.00195108
1819	1596	1.00674	0.00195108
1819	1597	1.00674	0.00195108
1819	1598	1.00674	0.00195108
1819	1599	1.00674	0.00195108
1819	1600	1.00674	0.00195108
1819	1601	1.00674	0.00195108
1819	1602	1.00674	0.00195108
1819	1603	1.00674	0.00195108
1819	1604	1.00674	0.00195108
1819	1605	1.00674	0.00195108
1819	1606	1.00674	0.00195108
1819	1607	1.00674	0.00195108
1819	1608	1.00674	0.00195108
1819	1609	1.00674	0.00195108
1819	1610	1.00674	0.00195108
1819	1611	1.00674	0.00195108
1819	1612	1.00674	0.00195108
1819	1613	1.00674	0.00195108
1819	1614	1.00674	0.00195108
1819	1615	1.00674	0.00195108
1819	1616	1.00674	0.00195108
1819	1617	1.00674	0.00195108
1819	1618	1.00674	0.00195108
1819	1619	1.00674	0.00195108
1819	1620	1.00674	0.00195108
1819	1621	1.00674	0.00195108
1819	1622	1.00674	0.00195108
1819	1623	1.00674	0.00195108
1819	1624	1.00674	0.00195108
1819	1625	1.00674	0.00195108
1819	1626	1.00674	0.00195108
1819	1627	1.00674	0.00195108
1819	1628	1.00674	0.00195108
1819	1629	1.00674	0.00195108
1819	1630	1.00674	0.00195108
1819	1631	1.00674	0.00195108
1819	1632	1.00674	0.00195108
1819	1633	1.00674	0.00195108
1819	1634	1.00674	0.00195108
1819	1635	1.00674	0.00195108
1819	1636	1.00674	0.00195108
1819	1637	1.00674	0.00195108
1819	1638	1.00674	0.00195108
1819	1639	1.00674	0.00195108
1819	1640	1.00674	0.00195108
1819	1641	1.00674	0.00195108
1819	1642	1.00674	0.00195108
1819	1643	1.00674	0.00195108
1819	1644	1.00674	0.00195108
1819	1645	1.00674	0.00195108
1819	1646	1.00674	0.00195108
1819	1647	1.00674	0.00195108
1819	1648	1.00674	0.00195108
1819	1649	1.00674	0.00195108
1819	1650	1.00674	0.00195108
1819	1651	1.00674	0.00195108
1819	1652	1.00674	0.00195108
1819	1653	1.00674	0.00195108
1819	1654	1.00674	0.00195108
1819	1655	1.00674	0.00195108
1819	1656	1.00674	0.00195108
1819	1657	1.00674	0.00195108
1819	1658	1.00674	0.00195108
1819	1659	1.00674	0.00195108
1819	1660	1.00674	0.00195108
1819	1661	1.00674	0.00195108
1819	1662	1.00674	0.00195108
1819	1663	1.00674	0.00195108
1819	1664	1.00674	0.00195108
1819	1665	1.00674	0.00195108
1819	1666	1.00674	0.00195108
1819	1667	1.00674	0.00195108
1819	1668	1.00674	0.00195108
1819	1669	1.00674	0.00195108
1819	1670	1.00674	0.00195108
1819	1671	1.00674	0.00195108
1819	1672	1.00674	0.00195108
1819	1673	1.00674	0.00195108
1819	1674	1.00674	0.00195108
1819	1675	1.00674	0.00195108
1819	1676	1.00674	0.00195108
1819	1677	1.00674	0.00195108
1819	1678	1.00674	0.00195108
1819	1679	1.00674	0.00195108
1819	1680	1.00674	0.00195108
1819	1681	1.00674	0.00195108
1819	1682	1.00674	0.00195108
1819	1683	1.00674	0.00195108
1819	1684	1.00674	0.00195108
1819	1685	1.00674	0.00195108
1819	1686	1.00674	0.00195108
1819	1687	1.00674	0.00195108
1819	1688	1.00674	0.00195108
1819	1689	1.00674	0.00195108
1819	1690	1.00674	0.00195108
1819	1691	1.00674	0.00195108
1819	1692	1.00674	0.00195108
1819	1693	1.00674	0.00195108
1819	1694	1.00674	0.00195108
1819	1695	1.00674	0.00195108
1819	1696	1.00674	0.00195108
1819	1697	1.00674	0.00195108
1819	1698	1.00674	0.00195108
1819	1699	1.00674	0.00195108
1819	1700	1.00674	0.00195108
1819	1701	1.00674	0.00195108
1819	1702	1.00674	0.00195108
1819	1703	1.00674	0.00195108
1819	1704	1.00674	0.00195108
1819	1705	1.00674	0.00195108
1819	1706	1.00674	0.00195108
1819	1707	1.00674	0.00195108
1819	1708	1.00674	0.00195108
1819	1709	1.00674	0.00195108
1819	1710	1.00674	0.00195108
1819	1711	1.00674	0.00195108
1819	1712	1.00674	0.00195108
1819	1713	1.00674	0.00195108
1819	1714	1.00674	0.00195108
1819	1715	1.00674	0.00195108
1819	1716	1.00674	0.00195108
1819	1717	1.00674	0.00195108
1819	1718	1.00674	0.00195108
1819	1719	1.00674	0.00195108
1819	1720	1.00674	0.00195108
1819	1721	1.00674	0.00195108
1819	1722	1.00674	0.00195108
1819	1723	1.00674	0.00195108
1819	1724	1.00674	0.00195108
1819	1725	1.00674	0.00195108
1819	1726	1.00674	0.00195108
1819	1727	1.00674	0.00195108
1819	1728	1.00674	0.00195108
1819	1729	1.00674	0.00195108
1819	1730	1.00674	0.00195108
1819	1731	1.00674	0.00195108
1819	1732	1.00674	0.00195108
1819	1733	1.00674	0.00195108
1819	1734	1.00674	0.00195108
1819	1735	1.00674	0.00195108
1819	1736	1.00674	0.00195108
1819	1737	1.00674	0.00195108
1819	1738	1.00674	0.00195108
1819	1739	1.00674	0.00195108
1819	1740	1.00674	0.00195108
1819	1741	1.00674	0.00195108
1819	1742	1.00674	0.00195108
1819	1743	1.00674	0.00195108
1819	1744	1.00674	0.00195108
1819	1745	1.00674	0.00195108
1819	1746	1.00674	0.00195108
1819	1747	1.00674	0.00195108
1819	1748	1.00674	0.00195108
1819	1749	1.00674	0.00195108
1819	1750	1.00674	0.00195108
1819	1751	1.00674	0.00195108
1819	1752	1.00674	0.00195108
1819	1753	1.00674	0.00195108
1819	1754	1.00674	0.00195108
1819	1755	1.00674	0.00195108
1819	1756	1.00674	0.00195108
1819	1757	1.00674	0.00195108
1819	1758	1.00674	0.00195108
1819	1759	1.00674	0.00195108
1819	1760	1.00674	0.00195108
1819	1761	1.00674	0.00195108
1819	1762	1.00674	0.00195108
1819	1763	1.00674	0.00195108
1819	1764	1.00674	0.00195108
1819	1765	1.00674	0.00195108
1819	1766	1.00674	0.00195108
1819	1767	1.00674	0.00195108
1819	1768	1.00674	0.00195108
1819	1769	1.00674	0.00195108
1819	1770	1.00674	0.00195108
1819	1771	1.00674	0.00195108
1819	1772	1.00674	0.00195108
1819	1773	1.00674	0.00195108
1819	1774	1.00674	0.00195108
1819	1775	1.00674	0.00195108
1819	1776	1.00674	0.00195108
1819	1777	1.00674	0.00195108
1819	1778	1.00674	0.00195108
1819	1779	1.00674	0.00195108
1819	1780	1.00674	0.00195108
1819	1781	1.00674	0.00195108
1819	1782	1.00674	0.00195108
1819	1783	1.00674	0.00195108
1819	1784	1.00674	0.00195108
1819	1785	1.00674	0.00195108
1819	1786	1.00674	0.00195108
1819	1787	1.00674	0.00195108
1819	1788	1.00674	0.00195108
1819	1789	1.00674	0.00195108
1819	1790	1.00674	0.00195108
1819	1791	1.00674	0.00195108
1819	1792	1.00674	0.00195108
1819	1793	1.00674	0.00195108
1819	1794	1.00674	0.00195108
1819	1795	1.00674	0.00195108
1819	1796	1.00674	0.00195108
1819	1797	1.00674	0.00195108
1819	1798	1.00674	0.00195108
1819	1799	1.00674	0.00195108
1819	1800	1.00674	0.00195108
1819	1801	1.00674	0.00195108
1819	1802	1.00674	0.00195108
1819	1803	1.00674	0.00195108
1819	1804	1.00674	0.00195108
1819	1805	1.00674	0.00195108
1819	1806	1.00674	0.00195108
1819	1807	1.00674	0.00195108
1819	1808	1.00674	0.00195108
1819	1809	1.00674	0.00195108
1819	1810	1.00674	0.00195108
1819	1811	1.00674	0.00195108
1819	1812	1.00674	0.00195108
1819	1813	1.00674	0.00195108
1819	1814	1.00674	0.00195108
1819	1815	1.00674	0.00195108
1819	1816	1.00674	0.00195108
1819	1817	1.00674	0.00195108
1819	1818	1.00674	0.00195108
1819	1819	1.00674	0.00195108
1819	1820	1.00674	0.00195108
1819	1821	1.00674	0.00195108
1819	1822	1.00674	0.00195108
1819	1823	1.00674	0.00195108
1819	1824	1.00674	0.00195108
1819	1825	1.00674	0.00195108
1819	1826	1.00674	0.00195108
1819	1827	1.00674	0.00195108
1819	1828	1.00674	0.00195108
1819	1829	1.00674	0.00195108
1819	1830	1.00674	0.00195108
1819	1831	1.00674	0.00195108
1819	1832	1.00674	0.00195108
1819	1833	1.00674	0.00195108
1819	1834	1.00674	0.00195108
1819	1835	1.00674	0.00195108
1819	1836	1.00674	0.00195108
1819	1837	1.00674	0.00195108
1819	1838	1.00674	0.00195108
1819	1839	1.00674	0.00195108
1819	1840	1.00674	0.00195108
1819	1841	1.00674	0.00195108
1819	1842	1.00674	0.00195108
1819	1843	1.00674	0.00195108
1819	1844	1.00674	0.00195108
1819	1845	1.00674	0.00195108
1819	1846	1.00674	0.00195108
1819	1847	1.00674	0.00195108
1819	1848	1.00674	0.00195108
1819	1849	1.00674	0.00195108
1819	1850	1.00674	0.00195108
1819	1851	1.00674	0.00195108
1819	1852	1.00674	0.00195108
1819	1853	1.00674	0.00195108
1819	1854	1.00674	0.00195108
1819	1855	1.00674	0.00195108
1819	1856	1.00674	0.00195108
1819	1857	1.00674	0.00195108
1819	1858	1.00674	0.00195108
1819	1859	1.00674	0.00195108
1819	1860	1.00674	0.00195108
1819	1861	1.00674	0.00195108
1819	1862	1.00674	0.00195108
1819	1863	1.00674	0.00195108
1819	1864	1.00674	0.00195108
1819	1865	1.00674	0.00195108
1819	1866	1.00674	0.00195108
1819	1867	1.00674	0.00195108
1819	1868	1.00674	0.00195108
1819	1869	1.00674	0.00195108
1819	1870	1.00674	0.00195108
1819	1871	1.00674	0.00195108
1819	1872	1.00674	0.00195108
1819	1873	1.00674	0.00195108
1819	1874	1.00674	0.00195108
1819	1875	1.00674	0.00195108
1819	1876	1.00674	0.00195108
1819	1877	1.00674	0.00195108
1819	1878	1.00674	0.00195108
1819	1879	1.00674	0.00195108
1819	1880	1.00674	0.00195108
1819	1881	1.00674	0.00195108
1819	1882	1.00674	0.00195108
1819	1883	1.00674	0.00195108
1819	1884	1.00674	0.00195108
1819	1885	1.00674	0.00195108
1819	1886	1.00674	0.00195108
1819	1887	1.00674	0.00195108
1819	1888	1.00674	0.00195108
1819	1889	1.00674	0.00195108
1819	1890	1.00674	0.00195108
1819	1891	1.00674	0.00195108
1819	1892	1.00674	0.00195108
1819	1893	1.00674	0.00195108
1819	1894	1.00674	0.00195108
1819	1895	1.00674	0.00195108
1819	1896	1.00674	0.00195108
1819	1897	1.00674	0.00195108
1819	1898	1.00674	0.00195108
1819	1899	1.00674	0.00195108
1819	1900	1.00674	0.00195108
1819	1901	1.00674	0.00195108
1819	1902	1.00674	0.00195108
1819	1903	1.00674	0.00195108
1819	1904	1.00674	0.00195108
1819	1905	1.00674	0.00195108
1819	1906	1.00674	0.00195108
1819	1907	1.00674	0.00195108
1819	1908	1.00674	0.00195108
1819	1909	1.00674	0.00195108
1819	1910	1.00674	0.00195108
1819	1911	1.00674	0.00195108
1819	1912	1.00674	0.00195108
1819	1913	1.00674	0.00195108
1819	1914	1.00674	0.00195108
1819	1915	1.00674	0.00195108
1819	1916	1.00674	0.00195108
1819	1917	1.00674	0.00195108
1819	1918	1.00674	0.00195108
1819	1919	1.00674	0.00195108
1819	1920	1.00674	0.00195108
1819	1921	1.00674	0.00195108
1819	1922	1.00674	0.00195108
1819	1923	1.00674	0.00195108
1819	1924	1.00674	0.00195108
1819	1925	1.00674	0.00195108
1819	1926	1.00674	0.00195108
1819	1927	1.00674	0.00195108
1819	1928	1.00674	0.00195108
1819	1929	1.00674	0.00195108
1819	1930	1.00674	0.00195108
1819	1931	1.00674	0.00195108
1819	1932	1.00674	0.00195108
1819	1933	1.00674	0.00195108
1819	1934	1.00674	0.00195108
1819	1935	1.00674	0.00195108
1819	1936	1.00674	0.00195108
1819	1937	1.00674	0.00195108
1819	1938	1.00674	0.00195108
1819	1939	1.00674	0.00195108
1819	1940	1.00674	0.00195108
1819	1941	1.00674	0.00195108
1819	1942	1.00674	0.00195108
1819	1943	1.00674	0.00195108
1819	1944	1.00674	0.00195108
1819	1945	1.00674	0.00195108
1819	1946	1.00674	0.00195108
1819	1947	1.00674	0.00195108
1819	1948	1.00674	0.00195108
1819	1949	1.00674	0.00195108
1819	1950	1.00674	0.00195108
1819	1951	1.00674	0.00195108
1819	1952	1.00674	0.00195108
1819	1953	1.00674	0.00195108
1819	1954	1.00674	0.00195108
1819	1955	1.00674	0.00195108
1819	1956	1.00674	0.00195108
1819	1957	1.00674	0.00195108
1819	1958	1.00674	0.00195108
1819	1959	1.00674	0.00195108
1819	1960	1.00674	0.00195108
1819	1961	1.00674	0.00195108
1819	1962	1.00674	0.00195108
1819	1963	1.00674	0.00195108
1819	1964	1.00674	0.00195108
1819	1965	1.00674	0.00195108
1819	1966	1.00674	0.00195108
1819	1967	1.00674	0.00195108
1819	1968	1.00674	0.00195108
1819	1969	1.00674	0.00195108
1819	1970	1.00674	0.00195108
1819	1971	1.00674	0.00195108
1819	1972	1.00674	0.00195108
1819	1973	1.00674	0.00195108
1819	1974	1.00674	0.00195108
1819	1975	1.00674	0.00195108
1819	1976	1.00674	0.00195108
1819	1977	1.00674	0.00195108
1819	1978	1.00674	0.00195108
1819	1979	1.00674	0.00195108
1819	1980	1.00674	0.00195108
1819	1981	1.00674	0.00195108
1819	1982	1.00674	0.00195108
1819	1983	1.00674	0.00195108
1819	1984	1.00674	0.00195108
1819	1985	1.00674	0.00195108
1819	1986	1.00674	0.00195108
1819	1987	1.00674	0.00195108
1819	1988	1.00674	0.00195108
1819	1989	1.00674	0.00195108
1819	1990	1.00674	0.00195108
1819	1991	1.00674	0.00195108
1819	1992	1.00674	0.00195108
1819	1993	1.00674	0.00195108
1819	1994	1.00674	0.00195108
1819	1995	1.00674	0.00195108
1819	1996	1.00674	0.00195108
1819	1997	1.00674	0.00195108
1819	1998	1.00674	0.00195108
1819	1999	1.00674	0.00195108
1819	2000	1.00674	0.00195108
1819	2001	1.00674	0.00195108
1819	2002	1.00674	0.00195108
1819	2003	1.00674	0.00195108
1819	2004	1.00674	0.00195108
1819	2005	1.00674	0.00195108
1819	2006	1.00674	0.00195108
1819	2007	1.00674	0.00195108
1819	2008	1.00674	0.00195108
1819	2009	1.00674	0.00195108
1819	2010	1.00674	0.00195108
1819	2011	1.00674	0.00195108
1819	2012	1.00674	0.00195108
1819	2013	1.00674	0.00195108
1819	2014	1.00674	0.00195108
1819	2015	1.00674	0.00195108
1819	2016	1.00674	0.00195108
1819	2017	1.00674	0.00195108
1819	2018	1.00674	0.00195108
1819	2019	1.00674	0.00195108
1819	2020	1.00674	0.00195108
1819	2021	1.00674	0.00195108
1819	2022	1.00674	0.00195108
1819	2023	1.00674	0.00195108
1819	2024	1.00674	0.00195108
1819	2025	1.00674	0.00195108
1819	2026	1.00674	0.00195108
1819	2027	1.00674	0.00195108
1819	2028	1.00674	0.00195108
1819	2029	1.00674	0.00195108
1819	2030	1.00674	0.00195108
1819	2031	1.00674	0.00195108
1819	2032	1.00674	0.00195108
1819	2033	1.00674	0.00195108
1819	2034	1.00674	0.00195108
1819	2035	1.00674	0.00195108
1819	2036	1.00674	0.00195108
1819	2037	1.00674	0.00195108
1819	2038	1.00674	0.00195108
1819	2039	1.00674	0.00195108
1819	2040	1.00674	0.00195108
1819	2041	1.00674	0.00195108
1819	2042	1.00674	0.00195108
1819	2043	1.00674	0.00195108
1819	2044	1.00674	0.00195108
1819	2045	1.00674	0.00195108
1819	2046	1.00674	0.00195108
1819	2047	1.00674	0.00195108
1819	2048	1.00674	0.00195108
1819	2049	1.00674	0.00195108
1819	2050	1.00674	0.00195108
1819	2051	1.00674	0.00195108
1819	2052	1.00674	0.00195108
1819	2053	1.00674	0.00195108
1819	2054	1.00674	0.00195108
1819	2055	1.00674	0.00195108
1819	2056	1.00674	0.00195108
1819	2057	1.00674	0.00195108
1819	2058	1.00674	0.00195108
1819	2059	1.00674	0.00195108
1819	2060	1.00674	0.00195108
1819	2061	1.00674	0.00195108
1819	2062	1.00674	0.00195108
1819	2063	1.00674	0.00195108
1819	2064	1.00674	0.00195108
1819	2065	1.00674	0.00195108
1819	2066	1.00674	0.00195108
1819	2067	1.00674	0.00195108
1819	2068	1.00674	0.00195108
1819	2069	1.00674	0.00195108
1819	2070	1.00674	0.00195108
1819	2071	1.00674	0.00195108
1819	2072	1.00674	0.00195108
1819	2073	1.00674	0.00195108
1819	2074	1.00674	0.00195108
1819	2075	1.00674	0.00195108
1819	2076	1.00674	0.00195108
1819	2077	1.00674	0.00195108
1819	2078	1.00674	0.00195108
1819	2079	1.00674	0.00195108
1819	2080	1.00674	0.00195108
1819	2081	1.00674	0.00195108
1819	2082	1.00674	0.00195108
1819	2083	1.00674	0.00195108
1819	2084	1.00674	0.00195108
1819	2085	1.00674	0.00195108
1819	2086	1.00674	0.00195108
1819	2087	1.00674	0.00195108
1819	2088	1.00674	0.00195108
1819	2089	1.00674	0.00195108
1819	2090	1.00674	0.00195108
1819	2091	1.00674	0.00195108
1819	2092	1.00674	0.00195108
1819	2093	1.00674	0.00195108
1819	2094	1.00674	0.00195108
1819	2095	1.00674	0.00195108
1819	2096	1.00674	0.00195108
1819	2097	1.00674	0.00195108
1819	2098	1.00674	0.00195108
1819	2099	1.00674	0.00195108
1819	2100	1.00674	0.00195108
1819	2101	1.00674	0.00195108
1819	2102	1.00674	0.00195108
1819	2103	1.00674	0.00195108
1819	2104	1.00674	0.00195108
1819	2105	1.00674	0.00195108
1819	2106	1.00674	0.00195108
1819	2107	1.00674	0.00195108
1819	2108	1.00674	0.00195108
1819	2109	1.00674	0.00195108
1819	2110	1.00674	0.00195108
1819	2111	1.00674	0.00195108
1819	2112	1.00674	0.00195108
1819	2113	1.00674	0.00195108
1819	2114	1.00674	0.00195108
1819	2115	1.00674	0.00195108
1819	2116	1.00674	0.00195108
1819	2117	1.00674	0.00195108
1819	2118	1.00674	0.00195108
1819	2119	1.00674	0.00195108
1819	2120	1.00674	0.00195108
1819	2121	1.00674	0.00195108
1819	2122	1.00674	0.00195108
1819	2123	1.00674	0.00195108
1819	2124	1.00674	0.00195108
1819	2125	1.00674	0.00195108
1819	2126	1.00674	0.00195108
1819	2127	1.00674	0.00195108
1819	2128	1.00674	0.00195108
1819	2129	1.00674	0.00195108
1819	2130	1.00674	0.00195108
1819	2131	1.00674	0.00195108
1819	2132	1.00674	0.00195108
1819	2133	1.00674	0.00195108
1819	2134	1.00674	0.00195108
1819	2135	1.00674	0.00195108
1819	2136	1.00674	0.00195108
1819	2137	1.00674	0.00195108
1819	2138	1.00674	0.00195108
1819	2139	1.00674	0.00195108
1819	2140	1.00674	0.00195108
1819	2141	1.00674	0.00195108
1819	2142	1.00674	0.00195108
1819	2143	1.00674	0.00195108
1819	2144	1.00674	0.00195108
1819	2145	1.00674	0.00195108
1819	2146	1.00674	0.00195108
1819	2147	1.00674	0.00195108
1819	2148	1.00674	0.00195108
1819	2149	1.00674	0.00195108
1819	2150	1.00674	0.00195108
1819	2151	1.00674	0.00195108
1819	2152	1.00674	0.00195108
1819	2153	1.00674	0.00195108
1819	2154	1.00674	0.00195108
1819	2155	1.00674	0.00195108
1819	2156	1.00674	0.00195108
1819	2157	1.00674	0.00195108
1819	2158	1.00674	0.00195108
1819	2159	1.00674	0.00195108
1819	2160	1.00674	0.00195108
1819	2161	1.00674	0.00195108
1819	2162	1.00674	0.00195108
1819	2163	1.00674	0.00195108
1819	2164	1.00674	0.00195108
1819	2165	1.00674	0.00195108
1819	2166	1.00674	0.00195108
1819	2167	1.00674	0.00195108
1819	2168	1.00674	0.00195108
1819	2169	1.00674	0.00195108
1819	2170	1.00674	0.00195108
1819	2171	1.00674	0.00195108
1819	2172	1.00674	0.00195108
1819	2173	1.00674	0.00195108
1819	2174	1.00674	0.00195108
1819	2175	1.00674	0.00195108
1819	2176	1.00674	0.00195108
1819	2177	1.00674	0.00195108
1819	2178	1.00674	0.00195108
1819	2179	1.00674	0.00195108
1819	2180	1.00674	0.00195108
1819	2181	1.00674	0.00195108
1819	2182	1.00674	0.00195108
1819	2183	1.00674	0.00195108
1819	2184	1.00674	0.00195108
1819	2185	1.00674	0.00195108
1819	2186	1.00674	0.00195108
1819	2187	1.00674	0.00195108
1819	2188	1.00674	0.00195108
1819	2189	1.00674	0.00195108
1819	2190	1.00674	0.00195108
1819	2191	1.00674	0.00195108
1819	2192	1.00674	0.00195108
1819	2193	1.00674	0.00195108
1819	2194	1.00674	0.00195108
1819	2195	1.00674	0.00195108
1819	2196	1.00674	0.00195108
1819	2197	1.00674	0.00195108
1819	2198	1.00674	0.00195108
1819	2199	1.00674	0.00195108
1819	2200	1.00674	0.00195108
1819	2201	1.00674	0.00195108
1819	2202	1.00674	0.00195108
1819	2203	1.00674	0.00195108
1819	2204	1.00674	0.00195108
1819	2205	1.00674	0.00195108
1819	2206	1.00674	0.00195108
1819	2207	1.00674	0.00195108
1819	2208	1.00674	0.00195108
1819	2209	1.00674	0.00195108
1819	2210	1.00674	0.00195108
1819	2211	1.00674	0.00195108
1819	2212	1.00674	0.00195108
1819	2213	1.00674	0.00195108
1819	2214	1.00674	0.00195108
1819	2215	1.00674	0.00195108
1819	2216	1.00674	0.00195108
1819	2217	1.00674	0.00195108
1819	2218	1.00674	0.00195108
1819	2219	1.00674	0.00195108
1819	2220	1.00674	0.00195108
1819	2221	1.00674	0.00195108
1819	2222	1.00674	0.00195108
1819	2223	1.00674	0.00195108
1819	2224	1.00674	0.00195108
1819	2225	1.00674	0.00195108
1819	2226	1.00674	0.00195108
1819	2227	1.00674	0.00195108
1819	2228	1.00674	0.00195108
1819	2229	1.00674	0.00195108
1819	2230	1.00674	0.00195108
1819	2231	1.00674	0.00195108
1819	2232	1.00674	0.00195108
1819	2233	1.00674	0.00195108
1819	2234	1.00674	0.00195108
1819	2235	1.00674	0.00195108
1819	2236	1.00674	0.00195108
1819	2237	1.00674	0.00195108
1819	2238	1.00674	0.00195108
1819	2239	1.00674	0.00195108
1819	2240	1.00674	0.00195108
1819	2241	1.00674	0.00195108
1819	2242	1.00674	0.00195108
1819	2243	1.00674	0.00195108
1819	2244	1.00674	0.00195108
1819	2245	1.00674	0.00195108
1819	2246	1.00674	0.00195108
1819	2247	1.00674	0.00195108
1819	2248	1.00674	0.00195108
1819	2249	1.00674	0.00195108
1819	2250	1.00674	0.00195108
1819	2251	1.00674	0.00195108
1819	2252	1.00674	0.00195108
1819	2253	1.00674	0.00195108
1819	2254	1.00674	0.00195108
1819	2255	1.00674	0.00195108
1819	2256	1.00674	0.00195108
1819	2257	1.00674	0.00195108
1819	2258	1.00674	0.00195108
1819	2259	1.00674	0.00195108
1819	2260	1.00674	0.00195108
1819	2261	1.00674	0.00195108
1819	2262	1.00674	0.00195108
1819	2263	1.00674	0.00195108
1819	2264	1.00674	0.00195108
1819	2265	1.00674	0.00195108
1819	2266	1.00674	0.00195108
1819	2267	1.00674	0.00195108
1819	2268	1.00674	0.00195108
1819	2269	1.00674	0.00195108
1819	2270	1.00674	0.00195108
1819	2271	1.00674	0.00195108
1819	2272	1.00674	0.00195108
1819	2273	1.00674	0.00195108
1819	2274	1.00674	0.00195108
1819	2275	1.00674	0.00195108
1819	2276	1.00674	0.00195108
1819	2277	1.00674	0.00195108
1819	2278	1.00674	0.00195108
1819	2279	1.00674	0.00195108
1819	2280	1.00674	0.00195108
1819	2281	1.00674	0.00195108
1819	2282	1.00674	0.00195108
1819	2283	1.00674	0.00195108
1819	2284	1.00674	0.00195108
1819	2285	1.00674	0.00195108
1819	2286	1.00674	0.00195108
1819	2287	1.00674	0.00195108
1819	2288	1.00674	0.00195108
1819	2289	1.00674	0.00195108
1819	2290	1.00674	0.00195108
1819	2291	1.00674	0.00195108
1819	2292	1.00674	0.00195108
1819	2293	1.00674	0.00195108
1819	2294	1.00674	0.00195108
1819	2295	1.00674	0.00195108
1819	2296	1.00674	0.00195108
1819	2297	1.00674	0.00195108
1819	2298	1.00674	0.00195108
1819	2299	1.00674	0.00195108
1819	2300	1.00674	0.00195108
1819	2301	1.00674	0.00195108
1819	2302	1.00674	0.00195108
1819	2303	1.00674	0.00195108
1819	2304	1.00674	0.00195108
1819	2305	1.00674	0.00195108
1819	2306	1.00674	0.00195108
1819	2307	1.00674	0.00195108
1819	2308	1.00674	0.00195108
1819	2309	1.00674	0.00195108
1819	2310	1.00674	0.00195108
1819	2311	1.00674	0.00195108
1819	2312	1.00674	0.00195108
1819	2313	1.00674	0.00195108
1819	2314	1.00674	0.00195108
1819	2315	1.00674	0.00195108
1819	2316	1.00674	0.00195108
1819	2317	1.00674	0.00195108
1819	2318	1.00674	0.00195108
1819	2319	1.00674	0.00195108
1819	2320	1.00674	0.00195108
1819	2321	1.00674	0.00195108
1819	2322	1.00674	0.00195108
1819	2323	1.00674	0.00195108
1819	2324	1.00674	0.00195108
1819	2325	1.00674	0.00195108
1819	2326	1.00674	0.00195108
1819	2327	1.00674	0.00195108
1819	2328	1.00674	0.00195108
1819	2329	1.00674	0.00195108
1819	2330	1.00674	0.00195108
1819	2331	1.00674	0.00195108
1819	2332	1.00674	0.00195108
1819	2333	1.00674	0.00195108
1819	2334	1.00674	0.00195108
1819	2335	1.00674	0.00195108
1819	2336	1.00674	0.00195108
1819	2337	1.00674	0.00195108
1819	2338	1.00674	0.00195108
1819	2339	1.00674	0.00195108
1819	2340	1.00674	0.00195108
1819	2341	1.00674	0.00195108
1819	2342	1.00674	0.00195108
1819	2343	1.00674	0.00195108
1819	2344	1.00674	0.00195108
1819	2345	1.00674	0.00195108
1819	2346	1.00674	0.00195108
1819	2347	1.00674	0.00195108
1819	2348	1.00674	0.00195108
1819	2349	1.00674	0.00195108
1819	2350	1.00674	0.00195108
1819	2351	1.00674	0.00195108
1819	2352	1.00674	0.00195108
1819	2353	1.00674	0.00195108
1819	2354	1.00674	0.00195108
1819	2355	1.00674	0.00195108
1819	2356	1.00674	0.00195108
1819	2357	1.00674	0.00195108
1819	2358	1.00674	0.00195108
1819	2359	1.00674	0.00195108
1819	2360	1.00674	0.00195108
1819	2361	1.00674	0.00195108
1819	2362	1.00674	0.00195108
1819	2363	1.00674	0.00195108
1819	2364	1.00674	0.00195108
1819	2365	1.00674	0.00195108
1819	2366	1.00674	0.00195108
1819	2367	1.00674	0.00195108
1819	2368	1.00674	0.00195108
1819	2369	1.00674	0.00195108
1819	2370	1.00674	0.00195108
1819	2371	1.00674	0.00195108
1819	2372	1.00674	0.00195108
1819	2373	1.00674	0.00195108
1819	2374	1.00674	0.00195108
1819	2375	1.00674	0.00195108
1819	2376	1.00674	0.00195108
1819	2377	1.00674	0.00195108
1819	2378	1.00674	0.00195108
1819	2379	1.00674	0.00195108
1819	2380	1.00674	0.00195108
1819	2381	1.00674	0.00195108
1819	2382	1.00674	0.00195108
1819	2383	1.00674	0.00195108
1819	2384	1.00674	0.00195108
1819	2385	1.00674	0.00195108
1819	2386	1.00674	0.00195108
1819	2387	1.00674	0.00195108
1819	2388	1.00674	0.00195108
1819	2389	1.00674	0.00195108
1819	2390	1.00674	0.00195108
1819	2391	1.00674	0.00195108
1819	2392	1.00674	0.00195108
1819	2393	1.00674	0.00195108
1819	2394	1.00674	0.00195108
1819	2395	1.00674	0.00195108
1819	2396	1.00674	0.00195108
1819	2397	1.00674	0.00195108
1819	2398	1.00674	0.00195108
1819	2399	1.00674	0.00195108
1819	2400	1.00674	0.00195108
1819	2401	1.00674	0.00195108
1819	2402	1.00674	0.00195108
1819	2403	1.00674	0.00195108
1819	2404	1.00674	0.00195108
1819	2405	1.00674	0.00195108
1819	2406	1.00674	0.00195108
1819	2407	1.00674	0.00195108
1819	2408	1.00674	0.00195108
1819	2409	1.00674	0.00195108
1819	2410	1.00674	0.00195108
1819	2411	1.00674	0.00195108
1819	2412	1.00674	0.00195108
1819	2413	1.00674	0.00195108
1819	2414	1.00674	0.00195108
1819	2415	1.00674	0.00195108
1819	2416	1.00674	0.00195108
1819	2417	1.00674	0.00195108
1819	2418	1.00674	0.00195108
1819	2419	1.00674	0.00195108
1819	2420	1.00674	0.00195108
1819	2421	1.00674	0.00195108
1819	2422	1.00674	0.00195108
1819	2423	1.00674	0.00195108
1819	2424	1.00674	0.00195108
1819	2425	1.00674	0.00195108
1819	2426	1.00674	0.00195108
1819	2427	1.00674	0.00195108
1819	2428	1.00674	0.00195108
1819	2429	1.00674	0.00195108
1819	2430	1.00674	0.00195108
1819	2431	1.00674	0.00195108
1819	2432	1.00674	0.00195108
1819	2433	1.00674	0.00195108
1819	2434	1.00674	0.00195108
1819	2435	1.00674	0.00195108
1819	2436	1.00674	0.00195108
1819	2437	1.00674	0.00195108
1819	2438	1.00674	0.00195108
1819	2439	1.00674	0.00195108
1819	2440	1.00674	0.00195108
1819	2441	1.00674	0.00195108
1819	2442	1.00674	0.00195108
1819	2443	1.00674	0.00195108
1819	2444	1.00674	0.00195108
1819	2445	1.00674	0.00195108
1819	2446	1.00674	0.00195108
1819	2447	1.00674	0.00195108
1819	2448	1.00674	0.00195108
1819	2449	1.00674	0.00195108
1819	2450	1.00674	0.00195108
1819	2451	1.00674	0.00195108
1819	2452	1.00674	0.00195108
1819	2453	1.00674	0.00195108
1819	2454	1.00674	0.00195108
1819	2455	1.00674	0.00195108
1819	2456	1.00674	0.00195108
1819	2457	1.00674	0.00195108
1819	2458	1.00674	0.00195108
1819	2459	1.00674	0.00195108
1819	2460	1.00674	0.00195108
1819	2461	1.00674	0.00195108
1819	2462	1.00674	0.00195108
1819	2463	1.00674	0.00195108
1819	2464	1.00674	0.00195108
1819	2465	1.00674	0.00195108
1819	2466	1.00674	0.00195108
1819	2467	1.00674	0.00195108
1819	2468	1.00674	0.00195108
1819	2469	1.00674	0.00195108
1819	2470	1.00674	0.00195108
1819	2471	1.00674	0.00195108
1819	2472	1.00674	0.00195108
1819	2473	1.00674	0.00195108
1819	2474	1.00674	0.00195108
1819	2475	1.00674	0.00195108
1819	2476	1.00674	0.00195108
1819	2477	1.00674	0.00195108
1819	2478	1.00674	0.00195108
1819	2479	1.00674	0.00195108
1819	2480	1.00674	0.00195108
1819	2481	1.00674	0.00195108
1819	2482	1.00674	0.00195108
1819	2483	1.00674	0.00195108
1819	2484	1.00674	0.00195108
1819	2485	1.00674	0.00195108
1819	2486	1.00674	0.00195108
1819	2487	1.00674	0.00195108
1819	2488	1.00674	0.00195108
1819	2489	1.00674	0.00195108
1819	2490	1.00674	0.00195108
1819	2491	1.00674	0.00195108
1819	2492	1.00674	0.00195108
1819	2493	1.00674	0.00195108
1819	2494	1.00674	0.00195108
1819	2495	1.00674	0.00195108
1819	2496	1.00674	0.00195108
1819	2497	1.00674	0.00195108
1819	2498	1.00674	0.00195108
1819	2499	1.00674	0.00195108
1819	2500	1.00674	0.00195108
1819	2501	1.00674	0.00195108
1819	2502	1.00674	0.00195108
1819	2503	1.00674	0.00195108
1819	2504	1.00674	0.00195108
1819	2505	1.00674	0.00195108
1819	2506	1.00674	0.00195108
1819	2507	1.00674	0.00195108
1819	2508	1.00674	0.00195108
1819	2509	1.00674	0.00195108
1819	2510	1.00674	0.00195108
1819	2511	1.00674	0.00195108
1819	2512	1.00674	0.00195108
1819	2513	1.00674	0.00195108
1819	2514	1.00674	0.00195108
1819	2515	1.00674	0.00195108
1819	2516	1.00674	0.00195108
1819	2517	1.00674	0.00195108
1819	2518	1.00674	0.00195108
1819	2519	1.00674	0.00195108
1819	2520	1.00674	0.00195108
1819	2521	1.00674	0.00195108
1819	2522	1.00674	0.00195108
1819	2523	1.00674	0.00195108
1819	2524	1.00674	0.00195108
1819	2525	1.00674	0.00195108
1819	2526	1.00674	0.00195108
1819	2527	1.00674	0.00195108
1819	2528	1.00674	0.00195108
1819	2529	1.00674	0.00195108
1819	2530	1.00674	0.00195108
1819	2531	1.00674	0.00195108
1819	2532	1.00674	0.00195108
1819	2533	1.00674	0.00195108
1819	2534	1.00674	0.00195108
1819	2535	1.00674	0.00195108
1819	2536	1.00674	0.00195108
1819	2537	1.00674	0.00195108
1819	2538	1.00674	0.00195108
1819	2539	1.00674	0.00195108
1819	2540	1.00674	0.00195108
1819	2541	1.00674	0.00195108
1819	2542	1.00674	0.00195108
1819	2543	1.00674	0.00195108
1819	2544	1.00674	0.00195108
1819	2545	1.00674	0.00195108
1819	2546	1.00674	0.00195108
1819	2547	1.00674	0.00195108
1819	2548	1.00674	0.00195108
1819	2549	1.00674	0.00195108
1819	2550	1.00674	0.00195108
1819	2551	1.00674	0.00195108
1819	2552	1.00674	0.00195108
1819	2553	1.00674	0.00195108
1819	2554	1.00674	0.00195108
1819	2555	1.00674	0.00195108
1819	2556	1.00674	0.00195108
1819	2557	1.00674	0.00195108
1819	2558	1.00674	0.00195108
1819	2559	1.00674	0.00195108
1819	2560	1.00674	0.00195108
1819	2561	1.00674	0.00195108
1819	2562	1.00674	0.00195108
1819	2563	1.00674	0.00195108
1819	2564	1.00674	0.00195108
1819	2565	1.00674	0.00195108
1819	2566	1.00674	0.00195108
1819	2567	1.00674	0.00195108
1819	2568	1.00674	0.00195108
1819	2569	1.00674	0.00195108
1819	2570	1.00674	0.00195108
1819	2571	1.00674	0.00195108
1819	2572	1.00674	0.00195108
1819	2573	1.00674	0.00195108
1819	2574	1.00674	0.00195108
1819	2575	1.00674	0.00195108
1819	2576	1.00674	0.00195108
1819	2577	1.00674	0.00195108
1819	2578	1.00674	0.00195108
1819	2579	1.00674	0.00195108
1819	2580	1.00674	0.00195108
1819	2581	1.00674	0.00195108
1819	2582	1.00674	0.00195108
1819	2583	1.00674	0.00195108
1819	2584	1.00674	0.00195108
1819	2585	1.00674	0.00195108
1819	2586	1.00674	0.00195108
1819	2587	1.00674	0.00195108
1819	2588	1.00674	0.00195108
1819	2589	1.00674	0.00195108
1819	2590	1.00674	0.00195108
1819	2591	1.00674	0.00195108
1819	2592	1.00674	0.00195108
1819	2593	1.00674	0.00195108
1819	2594	1.00674	0.00195108
1819	2595	1.00674	0.00195108
1819	2596	1.00674	0.00195108
1819	2597	1.00674	0.00195108
1819	2598	1.00674	0.00195108
1819	2599	1.00674	0.00195108
1819	2600	1.00674	0.00195108
1819	2601	1.00674	0.00195108
1819	2602	1.00674	0.00195108
1819	2603	1.00674	0.00195108
1819	2604	1.00674	0.00195108
1819	2605	1.00674	0.00195108
1819	2606	1.00674	0.00195108
1819	2607	1.00674	0.00195108
1819	2608	1.00674	0.00195108
1819	2609	1.00674	0.00195108
1819	2610	1.00674	0.00195108
1819	2611	1.00674	0.00195108
1819	2612	1.00674	0.00195108
1819	2613	1.00674	0.00195108
1819	2614	1.00674	0.00195108
1819	2615	1.00674	0.00195108
1819	2616	1.00674	0.00195108
1819	2617	1.00674	0.00195108
1819	2618	1.00674	0.00195108
1819	2619	1.00674	0.00195108
1819	2620	1.00674	0.00195108
1819	2621	1.00674	0.00195108
1819	2622	1.00674	0.00195108
1819	2623	1.00674	0.00195108
1819	2624	1.00674	0.00195108
1819	2625	1.00674	0.00195108
1819	2626	1.00674	0.00195108
1819	2627	1.00674	0.00195108
1819	2628	1.00674	0.00195108
1819	2629	1.00674	0.00195108
1819	2630	1.00674	0.00195108
1819	2631	1.00674	0.00195108
1819	2632	1.00674	0.00195108
1819	2633	1.00674	0.00195108
1819	2634	1.00674	0.00195108
1819	2635	1.00674	0.00195108
1819	2636	1.00674	0.00195108
1819	2637	1.00674	0.00195108
1819	2638	1.00674	0.00195108
1819	2639	1.00674	0.00195108
1819	2640	1.00674	0.00195108
1819	2641	1.00674	0.00195108
1819	2642	1.00674	0.00195108
1819	2643	1.00674	0.00195108
1819	2644	1.00674	0.00195108
1819	2645	1.00674	0.00195108
1819	2646	1.00674	0.00195108
1819	2647	1.00674	0.00195108
1819	2648	1.00674	0.00195108
1819	2649	1.00674	0.00195108
1819	2650	1.00674	0.00195108
1819	2651	1.00674	0.00195108
1819	2652	1.00674	0.00195108
1819	2653	1.00674	0.00195108
1819	2654	1.00674	0.00195108
1819	2655	1.00674	0.00195108
1819	2656	1.00674	0.00195108
1819	2657	1.00674	0.00195108
1819	2658	1.00674	0.00195108
1819	2659	1.00674	0.00195108
1819	2660	1.00674	0.00195108
1819	2661	1.00674	0.00195108
1819	2662	1.00674	0.00195108
1819	2663	1.00674	0.00195108
1819	2664	1.00674	0.00195108
1819	2665	1.00674	0.00195108
1819	2666	1.00674	0.00195108
1819	2667	1.00674	0.00195108
1819	2668	1.00674	0.00195108
1819	2669	1.00674	0.00195108
1819	2670	1.00674	0.00195108
1819	2671	1.00674	0.00195108
1819	2672	1.00674	0.00195108
1819	2673	1.00674	0.00195108
1819	2674	1.00674	0.00195108
1819	2675	1.00674	0.00195108
1819	2676	1.00674	0.00195108
1819	2677	1.00674	0.00195108
1819	2678	1.00674	0.00195108
1819	2679	1.00674	0.00195108
1819	2680	1.00674	0.00195108
1819	2681	1.00674	0.00195108
1819	2682	1.00674	0.00195108
1819	2683	1.00674	0.00195108
1819	2684	1.00674	0.00195108
1819	2685	1.00674	0.00195108
1819	2686	1.00674	0.00195108
1819	2687	1.00674	0.00195108
1819	2688	1.00674	0.00195108
1819	2689	1.00674	0.00195108
1819	2690	1.00674	0.00195108
1819	2691	1.00674	0.00195108
1819	2692	1.00674	0.00195108
1819	2693	1.00674	0.00195108
1819	2694	1.00674	0.00195108
1819	2695	1.00674	0.00195108
1819	2696	1.00674	0.00195108
1819	2697	1.00674	0.00195108
1819	2698	1.00674	0.00195108
1819	2699	1.00674	0.00195108
1819	2700	1.00674	0.00195108
1819	2701	1.00674	0.00195108
1819	2702	1.00674	0.00195108
1819	2703	1.00674	0.00195108
1819	2704	1.00674	0.00195108
1819	2705	1.00674	0.00195108
1819	2706	1.00674	0.00195108
1819	2707	1.00674	0.00195108
1819	2708	1.00674	0.00195108
1819	2709	1.00674	0.00195108
1819	2710	1.00674	0.00195108
1819	2711	1.00674	0.00195108
1819	2712	1.00674	0.00195108
1819	2713	1.00674	0.00195108
1819	2714	1.00674	0.00195108
1819	2715	1.00674	0.00195108
1819	2716	1.00674	0.00195108
1819	2717	1.00674	0.00195108
1819	2718	1.00674	0.00195108
1819	2719	1.00674	0.00195108
1819	2720	1.00674	0.00195108
1819	2721	1.00674	0.00195108
1819	2722	1.00674	0.00195108
1819	2723	1.00674	0.00195108
1819	2724	1.00674	0.00195108
1819	2725	1.00674	0.00195108
1819	2726	1.00674	0.00195108
1819	2727	1.00674	0.00195108
1819	2728	1.00674	0.00195108
1819	2729	1.00674	0.00195108
1819	2730	1.00674	0.00195108
1819	2731	1.00674	0.00195108
1819	2732	1.00674	0.00195108
1819	2733	1.00674	0.00195108
1819	2734	1.00674	0.00195108
1819	2735	1.00674	0.00195108
1819	2736	1.00674	0.00195108
1819	2737	1.00674	0.00195108
1819	2738	1.00674	0.00195108
1819	2739	1.00674	0.00195108
1819	2740	1.00674	0.00195108
1819	2741	1.00674	0.00195108
1819	2742	1.00674	0.00195108
1819	2743	1.00674	0.00195108
1819	2744	1.00674	0.00195108
1819	2745	1.00674	0.00195108
1819	2746	1.00674	0.00195108
1819	2747	1.00674	0.00195108
1819	2748	1.00674	0.00195108
1819	2749	1.00674	0.00195108
1819	2750	1.00674	0.00195108
1819	2751	1.00674	0.00195108
1819	2752	1.00674	0.00195108
1819	2753	1.00674	0.00195108
1819	2754	1.00674	0.00195108
1819	2755	1.00674	0.00195108
1819	2756	1.00674	0.00195108
1819	2757	1.00674	0.00195108
1819	2758	1.00674	0.00195108
1819	2759	1.00674	0.00195108
1819	2760	1.00674	0.00195108
1819	2761	1.00674	0.00195108
1819	2762	1.00674	0.00195108
1819	2763	1.00674	0.00195108
1819	2764	1.00674	0.00195108
1819	2765	1.00674	0.00195108
1819	2766	1.00674	0.00195108
1819	2767	1.00674	0.00195108
1819	2768	1.00674	0.00195108
1819	2769	1.00674	0.00195108
1819	2770	1.00674	0.00195108
1819	2771	1.00674	0.00195108
1819	2772	1.00674	0.00195108
1819	2773	1.00674	0.00195108
1819	2774	1.00674	0.00195108
1819	2775	1.00674	0.00195108
1819	2776	1.00674	0.00195108
1819	2777	1.00674	0.00195108
1819	2778	1.00674	0.00195108
1819	2779	1.00674	0.00195108
1819	2780	1.00674	0.00195108
1819	2781	1.00674	0.00195108
1819	2782	1.00674	0.00195108
1819	2783	1.00674	0.00195108
1819	2784	1.00674	0.00195108
1819	2785	1.00674	0.00195108
1819	2786	1.00674	0.00195108
1819	2787	1.00674	0.00195108
1819	2788	1.00674	0.00195108
1819	2789	1.00674	0.00195108
1819	2790	1.00674	0.00195108
1819	2791	1.00674	0.00195108
1819	2792	1.00674	0.00195108
1819	2793	1.00674	0.00195108
1819	2794	1.00674	0.00195108
1819	2795	1.00674	0.00195108
1819	2796	1.00674	0.00195108
1819	2797	1.00674	0.00195108
1819	2798	1.00674	0.00195108
1819	2799	1.00674	0.00195108
1819	2800	1.00674	0.00195108
1819	2801	1.00674	0.00195108
1819	2802	1.00674	0.00195108
1819	2803	1.00674	0.00195108
1819	2804	1.00674	0.00195108
1819	2805	1.00674	0.00195108
1819	2806	1.00674	0.00195108
1819	2807	1.00674	0.00195108
1819	2808	1.00674	0.00195108
1819	2809	1.00674	0.00195108
1819	2810	1.00674	0.00195108
1819	2811	1.00674	0.00195108
1819	2812	1.00674	0.00195108
1819	2813	1.00674	0.00195108
1819	2814	1.00674	0.00195108
1819	2815	1.00674	0.00195108
1819	2816	1.00674	0.00195108
1819	2817	1.00674	0.00195108
1819	2818	1.00674	0.00195108
1819	2819	1.00674	0.00195108
1819	2820	1.00674	0.00195108
1819	2821	1.00674	0.00195108
1819	2822	1.00674	0.00195108
1819	2823	1.00674	0.00195108
1819	2824	1.00674	0.00195108
1819	2825	1.00674	0.00195108
1819	2826	1.00674	0.00195108
1819	2827	1.00674	0.00195108
1819	2828	1.00674	0.00195108
1819	2829	1.00674	0.00195108
1819	2830	1.00674	0.00195108
1819	2831	1.00674	0.00195108
1819	2832	1.00674	0.00195108
1819	2833	1.00674	0.00195108
1819	2834	1.00674	0.00195108
1819	2835	1.00674	0.00195108
1819	2836	1.00674	0.00195108
1819	2837	1.00674	0.00195108
1819	2838	1.00674	0.00195108
1819	2839	1.00674	0.00195108
1819	2840	1.00674	0.00195108
1819	2841	1.00674	0.00195108
1819	2842	1.00674	0.00195108
1819	2843	1.00674	0.00195108
1819	2844	1.00674	0.00195108
1819	2845	1.00674	0.00195108
1819	2846	1.00674	0.00195108
1819	2847	1.00674	0.00195108
1819	2848	1.00674	0.00195108
1819	2849	1.00674	0.00195108
1819	2850	1.00674	0.00195108
1819	2851	1.00674	0.00195108
1819	2852	1.00674	0.00195108
1819	2853	1.00674	0.00195108
1819	2854	1.00674	0.00195108
1819	2855	1.00674	0.00195108
1819	2856	1.00674	0.00195108
1819	2857	1.00674	0.00195108
1819	2858	1.00674	0.00195108
1819	2859	1.00674	0.00195108
1819	2860	1.00674	0.00195108
1819	2861	1.00674	0.00195108
1819	2862	1.00674	0.00195108
1819	2863	1.00674	0.00195108
1819	2864	1.00674	0.00195108
1819	2865	1.00674	0.00195108
1819	2866	1.00674	0.00195108
1819	2867	1.00674	0.00195108
1819	2868	1.00674	0.00195108
1819	2869	1.00674	0.00195108
1819	2870	1.00674	0.00195108
1819	2871	1.00674	0.00195108
1819	2872	1.00674	0.00195108
1819	2873	1.00674	0.00195108
1819	2874	1.00674	0.00195108
1819	2875	1.00674	0.00195108
1819	2876	1.00674	0.00195108
1819	2877	1.00674	0.00195108
1819	2878	1.00674	0.00195108
1819	2879	1.00674	0.00195108
1819	2880	1.00674	0.00195108
1819	2881	1.00674	0.00195108
1819	2882	1.00674	0.00195108
1819	2883	1.00674	0.00195108
1819	2884	1.00674	0.00195108
1819	2885	1.00674	0.00195108
1819	2886	1.00674	0.00195108
1819	2887	1.00674	0.00195108
1819	2888	1.00674	0.00195108
1819	2889	1.00674	0.00195108
1819	2890	1.00674	0.00195108
1819	2891	1.00674	0.00195108
1819	2892	1.00674	0.00195108
1819	2893	1.00674	0.00195108
1819	2894	1.00674	0.00195108
1819	2895	1.00674	0.00195108
1819	2896	1.00674	0.00195108
1819	2897	1.00674	0.00195108
1819	2898	1.00674	0.00195108
1819	2899	1.00674	0.00195108
1819	2900	1.00674	0.00195108
1819	2901	1.00674	0.00195108
1819	2902	1.00674	0.00195108
1819	2903	1.00674	0.00195108
1819	2904	1.00674	0.00195108
1819	2905	1.00674	0.00195108
1819	2906	1.00674	0.00195108
1819	2907	1.00674	0.00195108
1819	2908	1.00674	0.00195108
1819	2909	1.00674	0.00195108
1819	2910	1.00674	0.00195108
1819	2911	1.00674	0.00195108
1819	2912	1.00674	0.00195108
1819	2913	1.00674	0.00195108
1819	2914	1.00674	0.00195108
1819	2915	1.00674	0.00195108
1819	2916	1.00674	0.00195108
1819	2917	1.00674	0.00195108
1819	2918	1.00674	0.00195108
1819	2919	1.00674	0.00195108
1819	2920	1.00674	0.00195108
1819	2921	1.00674	0.00195108
1819	2922	1.00674	0.00195108
1819	2923	1.00674	0.00195108
1819	2924	1.00674	0.00195108
1819	2925	1.00674	0.00195108
1819	2926	1.00674	0.00195108
1819	2927	1.00674	0.00195108
1819	2928	1.00674	0.00195108
1819	2929	1.00674	0.00195108
1819	2930	1.00674	0.00195108
1819	2931	1.00674	0.00195108
1819	2932	1.00674	0.00195108
1819	2933	1.00674	0.00195108
1819	2934	1.00674	0.00195108
1819	2935	1.00674	0.00195108
1819	2936	1.00674	0.00195108
1819	2937	1.00674	0.00195108
1819	2938	1.00674	0.00195108
1819	2939	1.00674	0.00195108
1819	2940	1.00674	0.00195108
1819	2941	1.00674	0.00195108
1819	2942	1.00674	0.00195108
1819	2943	1.00674	0.00195108
1819	2944	1.00674	0.00195108
1819	2945	1.00674	0.00195108
1819	2946	1.00674	0.00195108
1819	2947	1.00674	0.00195108
1819	2948	1.00674	0.00195108
1819	2949	1.00674	0.00195108
1819	2950	1.00674	0.00195108
1819	2951	1.00674	0.00195108
1819	2952	1.00674	0.00195108
1819	2953	1.00674	0.00195108
1819	2954	1.00674	0.00195108
1819	2955	1.00674	0.00195108
1819	2956	1.00674	0.00195108
1819	2957	1.00674	0.00195108
1819	2958	1.00674	0.00195108
1819	2959	1.00674	0.00195108
1819	2960	1.00674	0.00195108
1819	2961	1.00674	0.00195108
1819	2962	1.00674	0.00195108
1819	2963	1.00674	0.00195108
1819	2964	1.00674	0.00195108
1819	2965	1.00674	0.00195108
1819	2966	1.00674	0.00195108
1819	2967	1.00674	0.00195108
1819	2968	1.00674	0.00195108
1819	2969	1.00674	0.00195108
1819	2970	1.00674	0.00195108
1819	2971	1.00674	0.00195108
1819	2972	1.00674	0.00195108
1819	2973	1.00674	0.00195108
1819	2974	1.00674	0.00195108
1819	2975	1.00674	0.00195108
1819	2976	1.00674	0.00195108
1819	2977	1.00674	0.00195108
1819	2978	1.00674	0.00195108
1819	2979	1.00674	0.00195108
1819	2980	1.00674	0.00195108
1819	2981	1.00674	0.00195108
1819	2982	1.00674	0.00195108
1819	2983	1.00674	0.00195108
1819	2984	1.00674	0.00195108
1819	2985	1.00674	0.00195108
1819	2986	1.00674	0.00195108
1819	2987	1.00674	0.00195108
1819	2988	1.00674	0.00195108
1819	2989	1.00674	0.00195108
1819	2990	1.00674	0.00195108
1819	2991	1.00674	0.00195108
1819	2992	1.00674	0.00195108
1819	2993	1.00674	0.00195108
1819	2994	1.00674	0.00195108
1819	2995	1.00674	0.00195108
1819	2996	1.00674	0.00195108
1819	2997	1.00674	0.00195108
