1948	0	1.01394	0.00193664
1948	1	1.01394	0.00193664
1948	2	1.01394	0.00193664
1948	3	1.01394	0.00193664
1948	4	1.01394	0.00193664
1948	5	1.01394	0.00193664
1948	6	1.01394	0.00193664
1948	7	1.01394	0.00193664
1948	8	1.01394	0.00193664
1948	9	1.01394	0.00193664
1948	10	1.01394	0.00193664
1948	11	1.01394	0.00193664
1948	12	1.01394	0.00193664
1948	13	1.01394	0.00193664
1948	14	1.01394	0.00193664
1948	15	1.01394	0.00193664
1948	16	1.01394	0.00193664
1948	17	1.01394	0.00193664
1948	18	1.01394	0.00193664
1948	19	1.01394	0.00193664
1948	20	1.01394	0.00193664
1948	21	1.01394	0.00193664
1948	22	1.01394	0.00193664
1948	23	1.01394	0.00193664
1948	24	1.01394	0.00193664
1948	25	1.01394	0.00193664
1948	26	1.01394	0.00193664
1948	27	1.01394	0.00193664
1948	28	1.01394	0.00193664
1948	29	1.01394	0.00193664
1948	30	1.01394	0.00193664
1948	31	1.01394	0.00193664
1948	32	1.01394	0.00193664
1948	33	1.01394	0.00193664
1948	34	1.01394	0.00193664
1948	35	1.01394	0.00193664
1948	36	1.01394	0.00193664
1948	37	1.01394	0.00193664
1948	38	1.01394	0.00193664
1948	39	1.01394	0.00193664
1948	40	1.01394	0.00193664
1948	41	1.01394	0.00193664
1948	42	1.01394	0.00193664
1948	43	1.01394	0.00193664
1948	44	1.01394	0.00193664
1948	45	1.01394	0.00193664
1948	46	1.01394	0.00193664
1948	47	1.01394	0.00193664
1948	48	1.01394	0.00193664
1948	49	1.01394	0.00193664
1948	50	1.01394	0.00193664
1948	51	1.01394	0.00193664
1948	52	1.01394	0.00193664
1948	53	1.01394	0.00193664
1948	54	1.01394	0.00193664
1948	55	1.01394	0.00193664
1948	56	1.01394	0.00193664
1948	57	1.01394	0.00193664
1948	58	1.01394	0.00193664
1948	59	1.01394	0.00193664
1948	60	1.01394	0.00193664
1948	61	1.01394	0.00193664
1948	62	1.01394	0.00193664
1948	63	1.01394	0.00193664
1948	64	1.01394	0.00193664
1948	65	1.01394	0.00193664
1948	66	1.01394	0.00193664
1948	67	1.01394	0.00193664
1948	68	1.01394	0.00193664
1948	69	1.01394	0.00193664
1948	70	1.01394	0.00193664
1948	71	1.01394	0.00193664
1948	72	1.01394	0.00193664
1948	73	1.01394	0.00193664
1948	74	1.01394	0.00193664
1948	75	1.01394	0.00193664
1948	76	1.01394	0.00193664
1948	77	1.01394	0.00193664
1948	78	1.01394	0.00193664
1948	79	1.01394	0.00193664
1948	80	1.01394	0.00193664
1948	81	1.01394	0.00193664
1948	82	1.01394	0.00193664
1948	83	1.01394	0.00193664
1948	84	1.01394	0.00193664
1948	85	1.01394	0.00193664
1948	86	1.01394	0.00193664
1948	87	1.01394	0.00193664
1948	88	1.01394	0.00193664
1948	89	1.01394	0.00193664
1948	90	1.01394	0.00193664
1948	91	1.01394	0.00193664
1948	92	1.01394	0.00193664
1948	93	1.01394	0.00193664
1948	94	1.01394	0.00193664
1948	95	1.01394	0.00193664
1948	96	1.01394	0.00193664
1948	97	1.01394	0.00193664
1948	98	1.01394	0.00193664
1948	99	1.01394	0.00193664
1948	100	1.01394	0.00193664
1948	101	1.01394	0.00193664
1948	102	1.01394	0.00193664
1948	103	1.01394	0.00193664
1948	104	1.01394	0.00193664
1948	105	1.01394	0.00193664
1948	106	1.01394	0.00193664
1948	107	1.01394	0.00193664
1948	108	1.01394	0.00193664
1948	109	1.01394	0.00193664
1948	110	1.01394	0.00193664
1948	111	1.01394	0.00193664
1948	112	1.01394	0.00193664
1948	113	1.01394	0.00193664
1948	114	1.01394	0.00193664
1948	115	1.01394	0.00193664
1948	116	1.01394	0.00193664
1948	117	1.01394	0.00193664
1948	118	1.01394	0.00193664
1948	119	1.01394	0.00193664
1948	120	1.01394	0.00193664
1948	121	1.01394	0.00193664
1948	122	1.01394	0.00193664
1948	123	1.01394	0.00193664
1948	124	1.01394	0.00193664
1948	125	1.01394	0.00193664
1948	126	1.01394	0.00193664
1948	127	1.01394	0.00193664
1948	128	1.01394	0.00193664
1948	129	1.01394	0.00193664
1948	130	1.01394	0.00193664
1948	131	1.01394	0.00193664
1948	132	1.01394	0.00193664
1948	133	1.01394	0.00193664
1948	134	1.01394	0.00193664
1948	135	1.01394	0.00193664
1948	136	1.01394	0.00193664
1948	137	1.01394	0.00193664
1948	138	1.01394	0.00193664
1948	139	1.01394	0.00193664
1948	140	1.01394	0.00193664
1948	141	1.01394	0.00193664
1948	142	1.01394	0.00193664
1948	143	1.01394	0.00193664
1948	144	1.01394	0.00193664
1948	145	1.01394	0.00193664
1948	146	1.01394	0.00193664
1948	147	1.01394	0.00193664
1948	148	1.01394	0.00193664
1948	149	1.01394	0.00193664
1948	150	1.01394	0.00193664
1948	151	1.01394	0.00193664
1948	152	1.01394	0.00193664
1948	153	1.01394	0.00193664
1948	154	1.01394	0.00193664
1948	155	1.01394	0.00193664
1948	156	1.01394	0.00193664
1948	157	1.01394	0.00193664
1948	158	1.01394	0.00193664
1948	159	1.01394	0.00193664
1948	160	1.01394	0.00193664
1948	161	1.01394	0.00193664
1948	162	1.01394	0.00193664
1948	163	1.01394	0.00193664
1948	164	1.01394	0.00193664
1948	165	1.01394	0.00193664
1948	166	1.01394	0.00193664
1948	167	1.01394	0.00193664
1948	168	1.01394	0.00193664
1948	169	1.01394	0.00193664
1948	170	1.01394	0.00193664
1948	171	1.01394	0.00193664
1948	172	1.01394	0.00193664
1948	173	1.01394	0.00193664
1948	174	1.01394	0.00193664
1948	175	1.01394	0.00193664
1948	176	1.01394	0.00193664
1948	177	1.01394	0.00193664
1948	178	1.01394	0.00193664
1948	179	1.01394	0.00193664
1948	180	1.01394	0.00193664
1948	181	1.01394	0.00193664
1948	182	1.01394	0.00193664
1948	183	1.01394	0.00193664
1948	184	1.01394	0.00193664
1948	185	1.01394	0.00193664
1948	186	1.01394	0.00193664
1948	187	1.01394	0.00193664
1948	188	1.01394	0.00193664
1948	189	1.01394	0.00193664
1948	190	1.01394	0.00193664
1948	191	1.01394	0.00193664
1948	192	1.01394	0.00193664
1948	193	1.01394	0.00193664
1948	194	1.01394	0.00193664
1948	195	1.01394	0.00193664
1948	196	1.01394	0.00193664
1948	197	1.01394	0.00193664
1948	198	1.01394	0.00193664
1948	199	1.01394	0.00193664
1948	200	1.01394	0.00193664
1948	201	1.01394	0.00193664
1948	202	1.01394	0.00193664
1948	203	1.01394	0.00193664
1948	204	1.01394	0.00193664
1948	205	1.01394	0.00193664
1948	206	1.01394	0.00193664
1948	207	1.01394	0.00193664
1948	208	1.01394	0.00193664
1948	209	1.01394	0.00193664
1948	210	1.01394	0.00193664
1948	211	1.01394	0.00193664
1948	212	1.01394	0.00193664
1948	213	1.01394	0.00193664
1948	214	1.01394	0.00193664
1948	215	1.01394	0.00193664
1948	216	1.01394	0.00193664
1948	217	1.01394	0.00193664
1948	218	1.01394	0.00193664
1948	219	1.01394	0.00193664
1948	220	1.01394	0.00193664
1948	221	1.01394	0.00193664
1948	222	1.01394	0.00193664
1948	223	1.01394	0.00193664
1948	224	1.01394	0.00193664
1948	225	1.01394	0.00193664
1948	226	1.01394	0.00193664
1948	227	1.01394	0.00193664
1948	228	1.01394	0.00193664
1948	229	1.01394	0.00193664
1948	230	1.01394	0.00193664
1948	231	1.01394	0.00193664
1948	232	1.01394	0.00193664
1948	233	1.01394	0.00193664
1948	234	1.01394	0.00193664
1948	235	1.01394	0.00193664
1948	236	1.01394	0.00193664
1948	237	1.01394	0.00193664
1948	238	1.01394	0.00193664
1948	239	1.01394	0.00193664
1948	240	1.01394	0.00193664
1948	241	1.01394	0.00193664
1948	242	1.01394	0.00193664
1948	243	1.01394	0.00193664
1948	244	1.01394	0.00193664
1948	245	1.01394	0.00193664
1948	246	1.01394	0.00193664
1948	247	1.01394	0.00193664
1948	248	1.01394	0.00193664
1948	249	1.01394	0.00193664
1948	250	1.01394	0.00193664
1948	251	1.01394	0.00193664
1948	252	1.01394	0.00193664
1948	253	1.01394	0.00193664
1948	254	1.01394	0.00193664
1948	255	1.01394	0.00193664
1948	256	1.01394	0.00193664
1948	257	1.01394	0.00193664
1948	258	1.01394	0.00193664
1948	259	1.01394	0.00193664
1948	260	1.01394	0.00193664
1948	261	1.01394	0.00193664
1948	262	1.01394	0.00193664
1948	263	1.01394	0.00193664
1948	264	1.01394	0.00193664
1948	265	1.01394	0.00193664
1948	266	1.01394	0.00193664
1948	267	1.01394	0.00193664
1948	268	1.01394	0.00193664
1948	269	1.01394	0.00193664
1948	270	1.01394	0.00193664
1948	271	1.01394	0.00193664
1948	272	1.01394	0.00193664
1948	273	1.01394	0.00193664
1948	274	1.01394	0.00193664
1948	275	1.01394	0.00193664
1948	276	1.01394	0.00193664
1948	277	1.01394	0.00193664
1948	278	1.01394	0.00193664
1948	279	1.01394	0.00193664
1948	280	1.01394	0.00193664
1948	281	1.01394	0.00193664
1948	282	1.01394	0.00193664
1948	283	1.01394	0.00193664
1948	284	1.01394	0.00193664
1948	285	1.01394	0.00193664
1948	286	1.01394	0.00193664
1948	287	1.01394	0.00193664
1948	288	1.01394	0.00193664
1948	289	1.01394	0.00193664
1948	290	1.01394	0.00193664
1948	291	1.01394	0.00193664
1948	292	1.01394	0.00193664
1948	293	1.01394	0.00193664
1948	294	1.01394	0.00193664
1948	295	1.01394	0.00193664
1948	296	1.01394	0.00193664
1948	297	1.01394	0.00193664
1948	298	1.01394	0.00193664
1948	299	1.01394	0.00193664
1948	300	1.01394	0.00193664
1948	301	1.01394	0.00193664
1948	302	1.01394	0.00193664
1948	303	1.01394	0.00193664
1948	304	1.01394	0.00193664
1948	305	1.01394	0.00193664
1948	306	1.01394	0.00193664
1948	307	1.01394	0.00193664
1948	308	1.01394	0.00193664
1948	309	1.01394	0.00193664
1948	310	1.01394	0.00193664
1948	311	1.01394	0.00193664
1948	312	1.01394	0.00193664
1948	313	1.01394	0.00193664
1948	314	1.01394	0.00193664
1948	315	1.01394	0.00193664
1948	316	1.01394	0.00193664
1948	317	1.01394	0.00193664
1948	318	1.01394	0.00193664
1948	319	1.01394	0.00193664
1948	320	1.01394	0.00193664
1948	321	1.01394	0.00193664
1948	322	1.01394	0.00193664
1948	323	1.01394	0.00193664
1948	324	1.01394	0.00193664
1948	325	1.01394	0.00193664
1948	326	1.01394	0.00193664
1948	327	1.01394	0.00193664
1948	328	1.01394	0.00193664
1948	329	1.01394	0.00193664
1948	330	1.01394	0.00193664
1948	331	1.01394	0.00193664
1948	332	1.01394	0.00193664
1948	333	1.01394	0.00193664
1948	334	1.01394	0.00193664
1948	335	1.01394	0.00193664
1948	336	1.01394	0.00193664
1948	337	1.01394	0.00193664
1948	338	1.01394	0.00193664
1948	339	1.01394	0.00193664
1948	340	1.01394	0.00193664
1948	341	1.01394	0.00193664
1948	342	1.01394	0.00193664
1948	343	1.01394	0.00193664
1948	344	1.01394	0.00193664
1948	345	1.01394	0.00193664
1948	346	1.01394	0.00193664
1948	347	1.01394	0.00193664
1948	348	1.01394	0.00193664
1948	349	1.01394	0.00193664
1948	350	1.01394	0.00193664
1948	351	1.01394	0.00193664
1948	352	1.01394	0.00193664
1948	353	1.01394	0.00193664
1948	354	1.01394	0.00193664
1948	355	1.01394	0.00193664
1948	356	1.01394	0.00193664
1948	357	1.01394	0.00193664
1948	358	1.01394	0.00193664
1948	359	1.01394	0.00193664
1948	360	1.01394	0.00193664
1948	361	1.01394	0.00193664
1948	362	1.01394	0.00193664
1948	363	1.01394	0.00193664
1948	364	1.01394	0.00193664
1948	365	1.01394	0.00193664
1948	366	1.01394	0.00193664
1948	367	1.01394	0.00193664
1948	368	1.01394	0.00193664
1948	369	1.01394	0.00193664
1948	370	1.01394	0.00193664
1948	371	1.01394	0.00193664
1948	372	1.01394	0.00193664
1948	373	1.01394	0.00193664
1948	374	1.01394	0.00193664
1948	375	1.01394	0.00193664
1948	376	1.01394	0.00193664
1948	377	1.01394	0.00193664
1948	378	1.01394	0.00193664
1948	379	1.01394	0.00193664
1948	380	1.01394	0.00193664
1948	381	1.01394	0.00193664
1948	382	1.01394	0.00193664
1948	383	1.01394	0.00193664
1948	384	1.01394	0.00193664
1948	385	1.01394	0.00193664
1948	386	1.01394	0.00193664
1948	387	1.01394	0.00193664
1948	388	1.01394	0.00193664
1948	389	1.01394	0.00193664
1948	390	1.01394	0.00193664
1948	391	1.01394	0.00193664
1948	392	1.01394	0.00193664
1948	393	1.01394	0.00193664
1948	394	1.01394	0.00193664
1948	395	1.01394	0.00193664
1948	396	1.01394	0.00193664
1948	397	1.01394	0.00193664
1948	398	1.01394	0.00193664
1948	399	1.01394	0.00193664
1948	400	1.01394	0.00193664
1948	401	1.01394	0.00193664
1948	402	1.01394	0.00193664
1948	403	1.01394	0.00193664
1948	404	1.01394	0.00193664
1948	405	1.01394	0.00193664
1948	406	1.01394	0.00193664
1948	407	1.01394	0.00193664
1948	408	1.01394	0.00193664
1948	409	1.01394	0.00193664
1948	410	1.01394	0.00193664
1948	411	1.01394	0.00193664
1948	412	1.01394	0.00193664
1948	413	1.01394	0.00193664
1948	414	1.01394	0.00193664
1948	415	1.01394	0.00193664
1948	416	1.01394	0.00193664
1948	417	1.01394	0.00193664
1948	418	1.01394	0.00193664
1948	419	1.01394	0.00193664
1948	420	1.01394	0.00193664
1948	421	1.01394	0.00193664
1948	422	1.01394	0.00193664
1948	423	1.01394	0.00193664
1948	424	1.01394	0.00193664
1948	425	1.01394	0.00193664
1948	426	1.01394	0.00193664
1948	427	1.01394	0.00193664
1948	428	1.01394	0.00193664
1948	429	1.01394	0.00193664
1948	430	1.01394	0.00193664
1948	431	1.01394	0.00193664
1948	432	1.01394	0.00193664
1948	433	1.01394	0.00193664
1948	434	1.01394	0.00193664
1948	435	1.01394	0.00193664
1948	436	1.01394	0.00193664
1948	437	1.01394	0.00193664
1948	438	1.01394	0.00193664
1948	439	1.01394	0.00193664
1948	440	1.01394	0.00193664
1948	441	1.01394	0.00193664
1948	442	1.01394	0.00193664
1948	443	1.01394	0.00193664
1948	444	1.01394	0.00193664
1948	445	1.01394	0.00193664
1948	446	1.01394	0.00193664
1948	447	1.01394	0.00193664
1948	448	1.01394	0.00193664
1948	449	1.01394	0.00193664
1948	450	1.01394	0.00193664
1948	451	1.01394	0.00193664
1948	452	1.01394	0.00193664
1948	453	1.01394	0.00193664
1948	454	1.01394	0.00193664
1948	455	1.01394	0.00193664
1948	456	1.01394	0.00193664
1948	457	1.01394	0.00193664
1948	458	1.01394	0.00193664
1948	459	1.01394	0.00193664
1948	460	1.01394	0.00193664
1948	461	1.01394	0.00193664
1948	462	1.01394	0.00193664
1948	463	1.01394	0.00193664
1948	464	1.01394	0.00193664
1948	465	1.01394	0.00193664
1948	466	1.01394	0.00193664
1948	467	1.01394	0.00193664
1948	468	1.01394	0.00193664
1948	469	1.01394	0.00193664
1948	470	1.01394	0.00193664
1948	471	1.01394	0.00193664
1948	472	1.01394	0.00193664
1948	473	1.01394	0.00193664
1948	474	1.01394	0.00193664
1948	475	1.01394	0.00193664
1948	476	1.01394	0.00193664
1948	477	1.01394	0.00193664
1948	478	1.01394	0.00193664
1948	479	1.01394	0.00193664
1948	480	1.01394	0.00193664
1948	481	1.01394	0.00193664
1948	482	1.01394	0.00193664
1948	483	1.01394	0.00193664
1948	484	1.01394	0.00193664
1948	485	1.01394	0.00193664
1948	486	1.01394	0.00193664
1948	487	1.01394	0.00193664
1948	488	1.01394	0.00193664
1948	489	1.01394	0.00193664
1948	490	1.01394	0.00193664
1948	491	1.01394	0.00193664
1948	492	1.01394	0.00193664
1948	493	1.01394	0.00193664
1948	494	1.01394	0.00193664
1948	495	1.01394	0.00193664
1948	496	1.01394	0.00193664
1948	497	1.01394	0.00193664
1948	498	1.01394	0.00193664
1948	499	1.01394	0.00193664
1948	500	1.01394	0.00193664
1948	501	1.01394	0.00193664
1948	502	1.01394	0.00193664
1948	503	1.01394	0.00193664
1948	504	1.01394	0.00193664
1948	505	1.01394	0.00193664
1948	506	1.01394	0.00193664
1948	507	1.01394	0.00193664
1948	508	1.01394	0.00193664
1948	509	1.01394	0.00193664
1948	510	1.01394	0.00193664
1948	511	1.01394	0.00193664
1948	512	1.01394	0.00193664
1948	513	1.01394	0.00193664
1948	514	1.01394	0.00193664
1948	515	1.01394	0.00193664
1948	516	1.01394	0.00193664
1948	517	1.01394	0.00193664
1948	518	1.01394	0.00193664
1948	519	1.01394	0.00193664
1948	520	1.01394	0.00193664
1948	521	1.01394	0.00193664
1948	522	1.01394	0.00193664
1948	523	1.01394	0.00193664
1948	524	1.01394	0.00193664
1948	525	1.01394	0.00193664
1948	526	1.01394	0.00193664
1948	527	1.01394	0.00193664
1948	528	1.01394	0.00193664
1948	529	1.01394	0.00193664
1948	530	1.01394	0.00193664
1948	531	1.01394	0.00193664
1948	532	1.01394	0.00193664
1948	533	1.01394	0.00193664
1948	534	1.01394	0.00193664
1948	535	1.01394	0.00193664
1948	536	1.01394	0.00193664
1948	537	1.01394	0.00193664
1948	538	1.01394	0.00193664
1948	539	1.01394	0.00193664
1948	540	1.01394	0.00193664
1948	541	1.01394	0.00193664
1948	542	1.01394	0.00193664
1948	543	1.01394	0.00193664
1948	544	1.01394	0.00193664
1948	545	1.01394	0.00193664
1948	546	1.01394	0.00193664
1948	547	1.01394	0.00193664
1948	548	1.01394	0.00193664
1948	549	1.01394	0.00193664
1948	550	1.01394	0.00193664
1948	551	1.01394	0.00193664
1948	552	1.01394	0.00193664
1948	553	1.01394	0.00193664
1948	554	1.01394	0.00193664
1948	555	1.01394	0.00193664
1948	556	1.01394	0.00193664
1948	557	1.01394	0.00193664
1948	558	1.01394	0.00193664
1948	559	1.01394	0.00193664
1948	560	1.01394	0.00193664
1948	561	1.01394	0.00193664
1948	562	1.01394	0.00193664
1948	563	1.01394	0.00193664
1948	564	1.01394	0.00193664
1948	565	1.01394	0.00193664
1948	566	1.01394	0.00193664
1948	567	1.01394	0.00193664
1948	568	1.01394	0.00193664
1948	569	1.01394	0.00193664
1948	570	1.01394	0.00193664
1948	571	1.01394	0.00193664
1948	572	1.01394	0.00193664
1948	573	1.01394	0.00193664
1948	574	1.01394	0.00193664
1948	575	1.01394	0.00193664
1948	576	1.01394	0.00193664
1948	577	1.01394	0.00193664
1948	578	1.01394	0.00193664
1948	579	1.01394	0.00193664
1948	580	1.01394	0.00193664
1948	581	1.01394	0.00193664
1948	582	1.01394	0.00193664
1948	583	1.01394	0.00193664
1948	584	1.01394	0.00193664
1948	585	1.01394	0.00193664
1948	586	1.01394	0.00193664
1948	587	1.01394	0.00193664
1948	588	1.01394	0.00193664
1948	589	1.01394	0.00193664
1948	590	1.01394	0.00193664
1948	591	1.01394	0.00193664
1948	592	1.01394	0.00193664
1948	593	1.01394	0.00193664
1948	594	1.01394	0.00193664
1948	595	1.01394	0.00193664
1948	596	1.01394	0.00193664
1948	597	1.01394	0.00193664
1948	598	1.01394	0.00193664
1948	599	1.01394	0.00193664
1948	600	1.01394	0.00193664
1948	601	1.01394	0.00193664
1948	602	1.01394	0.00193664
1948	603	1.01394	0.00193664
1948	604	1.01394	0.00193664
1948	605	1.01394	0.00193664
1948	606	1.01394	0.00193664
1948	607	1.01394	0.00193664
1948	608	1.01394	0.00193664
1948	609	1.01394	0.00193664
1948	610	1.01394	0.00193664
1948	611	1.01394	0.00193664
1948	612	1.01394	0.00193664
1948	613	1.01394	0.00193664
1948	614	1.01394	0.00193664
1948	615	1.01394	0.00193664
1948	616	1.01394	0.00193664
1948	617	1.01394	0.00193664
1948	618	1.01394	0.00193664
1948	619	1.01394	0.00193664
1948	620	1.01394	0.00193664
1948	621	1.01394	0.00193664
1948	622	1.01394	0.00193664
1948	623	1.01394	0.00193664
1948	624	1.01394	0.00193664
1948	625	1.01394	0.00193664
1948	626	1.01394	0.00193664
1948	627	1.01394	0.00193664
1948	628	1.01394	0.00193664
1948	629	1.01394	0.00193664
1948	630	1.01394	0.00193664
1948	631	1.01394	0.00193664
1948	632	1.01394	0.00193664
1948	633	1.01394	0.00193664
1948	634	1.01394	0.00193664
1948	635	1.01394	0.00193664
1948	636	1.01394	0.00193664
1948	637	1.01394	0.00193664
1948	638	1.01394	0.00193664
1948	639	1.01394	0.00193664
1948	640	1.01394	0.00193664
1948	641	1.01394	0.00193664
1948	642	1.01394	0.00193664
1948	643	1.01394	0.00193664
1948	644	1.01394	0.00193664
1948	645	1.01394	0.00193664
1948	646	1.01394	0.00193664
1948	647	1.01394	0.00193664
1948	648	1.01394	0.00193664
1948	649	1.01394	0.00193664
1948	650	1.01394	0.00193664
1948	651	1.01394	0.00193664
1948	652	1.01394	0.00193664
1948	653	1.01394	0.00193664
1948	654	1.01394	0.00193664
1948	655	1.01394	0.00193664
1948	656	1.01394	0.00193664
1948	657	1.01394	0.00193664
1948	658	1.01394	0.00193664
1948	659	1.01394	0.00193664
1948	660	1.01394	0.00193664
1948	661	1.01394	0.00193664
1948	662	1.01394	0.00193664
1948	663	1.01394	0.00193664
1948	664	1.01394	0.00193664
1948	665	1.01394	0.00193664
1948	666	1.01394	0.00193664
1948	667	1.01394	0.00193664
1948	668	1.01394	0.00193664
1948	669	1.01394	0.00193664
1948	670	1.01394	0.00193664
1948	671	1.01394	0.00193664
1948	672	1.01394	0.00193664
1948	673	1.01394	0.00193664
1948	674	1.01394	0.00193664
1948	675	1.01394	0.00193664
1948	676	1.01394	0.00193664
1948	677	1.01394	0.00193664
1948	678	1.01394	0.00193664
1948	679	1.01394	0.00193664
1948	680	1.01394	0.00193664
1948	681	1.01394	0.00193664
1948	682	1.01394	0.00193664
1948	683	1.01394	0.00193664
1948	684	1.01394	0.00193664
1948	685	1.01394	0.00193664
1948	686	1.01394	0.00193664
1948	687	1.01394	0.00193664
1948	688	1.01394	0.00193664
1948	689	1.01394	0.00193664
1948	690	1.01394	0.00193664
1948	691	1.01394	0.00193664
1948	692	1.01394	0.00193664
1948	693	1.01394	0.00193664
1948	694	1.01394	0.00193664
1948	695	1.01394	0.00193664
1948	696	1.01394	0.00193664
1948	697	1.01394	0.00193664
1948	698	1.01394	0.00193664
1948	699	1.01394	0.00193664
1948	700	1.01394	0.00193664
1948	701	1.01394	0.00193664
1948	702	1.01394	0.00193664
1948	703	1.01394	0.00193664
1948	704	1.01394	0.00193664
1948	705	1.01394	0.00193664
1948	706	1.01394	0.00193664
1948	707	1.01394	0.00193664
1948	708	1.01394	0.00193664
1948	709	1.01394	0.00193664
1948	710	1.01394	0.00193664
1948	711	1.01394	0.00193664
1948	712	1.01394	0.00193664
1948	713	1.01394	0.00193664
1948	714	1.01394	0.00193664
1948	715	1.01394	0.00193664
1948	716	1.01394	0.00193664
1948	717	1.01394	0.00193664
1948	718	1.01394	0.00193664
1948	719	1.01394	0.00193664
1948	720	1.01394	0.00193664
1948	721	1.01394	0.00193664
1948	722	1.01394	0.00193664
1948	723	1.01394	0.00193664
1948	724	1.01394	0.00193664
1948	725	1.01394	0.00193664
1948	726	1.01394	0.00193664
1948	727	1.01394	0.00193664
1948	728	1.01394	0.00193664
1948	729	1.01394	0.00193664
1948	730	1.01394	0.00193664
1948	731	1.01394	0.00193664
1948	732	1.01394	0.00193664
1948	733	1.01394	0.00193664
1948	734	1.01394	0.00193664
1948	735	1.01394	0.00193664
1948	736	1.01394	0.00193664
1948	737	1.01394	0.00193664
1948	738	1.01394	0.00193664
1948	739	1.01394	0.00193664
1948	740	1.01394	0.00193664
1948	741	1.01394	0.00193664
1948	742	1.01394	0.00193664
1948	743	1.01394	0.00193664
1948	744	1.01394	0.00193664
1948	745	1.01394	0.00193664
1948	746	1.01394	0.00193664
1948	747	1.01394	0.00193664
1948	748	1.01394	0.00193664
1948	749	1.01394	0.00193664
1948	750	1.01394	0.00193664
1948	751	1.01394	0.00193664
1948	752	1.01394	0.00193664
1948	753	1.01394	0.00193664
1948	754	1.01394	0.00193664
1948	755	1.01394	0.00193664
1948	756	1.01394	0.00193664
1948	757	1.01394	0.00193664
1948	758	1.01394	0.00193664
1948	759	1.01394	0.00193664
1948	760	1.01394	0.00193664
1948	761	1.01394	0.00193664
1948	762	1.01394	0.00193664
1948	763	1.01394	0.00193664
1948	764	1.01394	0.00193664
1948	765	1.01394	0.00193664
1948	766	1.01394	0.00193664
1948	767	1.01394	0.00193664
1948	768	1.01394	0.00193664
1948	769	1.01394	0.00193664
1948	770	1.01394	0.00193664
1948	771	1.01394	0.00193664
1948	772	1.01394	0.00193664
1948	773	1.01394	0.00193664
1948	774	1.01394	0.00193664
1948	775	1.01394	0.00193664
1948	776	1.01394	0.00193664
1948	777	1.01394	0.00193664
1948	778	1.01394	0.00193664
1948	779	1.01394	0.00193664
1948	780	1.01394	0.00193664
1948	781	1.01394	0.00193664
1948	782	1.01394	0.00193664
1948	783	1.01394	0.00193664
1948	784	1.01394	0.00193664
1948	785	1.01394	0.00193664
1948	786	1.01394	0.00193664
1948	787	1.01394	0.00193664
1948	788	1.01394	0.00193664
1948	789	1.01394	0.00193664
1948	790	1.01394	0.00193664
1948	791	1.01394	0.00193664
1948	792	1.01394	0.00193664
1948	793	1.01394	0.00193664
1948	794	1.01394	0.00193664
1948	795	1.01394	0.00193664
1948	796	1.01394	0.00193664
1948	797	1.01394	0.00193664
1948	798	1.01394	0.00193664
1948	799	1.01394	0.00193664
1948	800	1.01394	0.00193664
1948	801	1.01394	0.00193664
1948	802	1.01394	0.00193664
1948	803	1.01394	0.00193664
1948	804	1.01394	0.00193664
1948	805	1.01394	0.00193664
1948	806	1.01394	0.00193664
1948	807	1.01394	0.00193664
1948	808	1.01394	0.00193664
1948	809	1.01394	0.00193664
1948	810	1.01394	0.00193664
1948	811	1.01394	0.00193664
1948	812	1.01394	0.00193664
1948	813	1.01394	0.00193664
1948	814	1.01394	0.00193664
1948	815	1.01394	0.00193664
1948	816	1.01394	0.00193664
1948	817	1.01394	0.00193664
1948	818	1.01394	0.00193664
1948	819	1.01394	0.00193664
1948	820	1.01394	0.00193664
1948	821	1.01394	0.00193664
1948	822	1.01394	0.00193664
1948	823	1.01394	0.00193664
1948	824	1.01394	0.00193664
1948	825	1.01394	0.00193664
1948	826	1.01394	0.00193664
1948	827	1.01394	0.00193664
1948	828	1.01394	0.00193664
1948	829	1.01394	0.00193664
1948	830	1.01394	0.00193664
1948	831	1.01394	0.00193664
1948	832	1.01394	0.00193664
1948	833	1.01394	0.00193664
1948	834	1.01394	0.00193664
1948	835	1.01394	0.00193664
1948	836	1.01394	0.00193664
1948	837	1.01394	0.00193664
1948	838	1.01394	0.00193664
1948	839	1.01394	0.00193664
1948	840	1.01394	0.00193664
1948	841	1.01394	0.00193664
1948	842	1.01394	0.00193664
1948	843	1.01394	0.00193664
1948	844	1.01394	0.00193664
1948	845	1.01394	0.00193664
1948	846	1.01394	0.00193664
1948	847	1.01394	0.00193664
1948	848	1.01394	0.00193664
1948	849	1.01394	0.00193664
1948	850	1.01394	0.00193664
1948	851	1.01394	0.00193664
1948	852	1.01394	0.00193664
1948	853	1.01394	0.00193664
1948	854	1.01394	0.00193664
1948	855	1.01394	0.00193664
1948	856	1.01394	0.00193664
1948	857	1.01394	0.00193664
1948	858	1.01394	0.00193664
1948	859	1.01394	0.00193664
1948	860	1.01394	0.00193664
1948	861	1.01394	0.00193664
1948	862	1.01394	0.00193664
1948	863	1.01394	0.00193664
1948	864	1.01394	0.00193664
1948	865	1.01394	0.00193664
1948	866	1.01394	0.00193664
1948	867	1.01394	0.00193664
1948	868	1.01394	0.00193664
1948	869	1.01394	0.00193664
1948	870	1.01394	0.00193664
1948	871	1.01394	0.00193664
1948	872	1.01394	0.00193664
1948	873	1.01394	0.00193664
1948	874	1.01394	0.00193664
1948	875	1.01394	0.00193664
1948	876	1.01394	0.00193664
1948	877	1.01394	0.00193664
1948	878	1.01394	0.00193664
1948	879	1.01394	0.00193664
1948	880	1.01394	0.00193664
1948	881	1.01394	0.00193664
1948	882	1.01394	0.00193664
1948	883	1.01394	0.00193664
1948	884	1.01394	0.00193664
1948	885	1.01394	0.00193664
1948	886	1.01394	0.00193664
1948	887	1.01394	0.00193664
1948	888	1.01394	0.00193664
1948	889	1.01394	0.00193664
1948	890	1.01394	0.00193664
1948	891	1.01394	0.00193664
1948	892	1.01394	0.00193664
1948	893	1.01394	0.00193664
1948	894	1.01394	0.00193664
1948	895	1.01394	0.00193664
1948	896	1.01394	0.00193664
1948	897	1.01394	0.00193664
1948	898	1.01394	0.00193664
1948	899	1.01394	0.00193664
1948	900	1.01394	0.00193664
1948	901	1.01394	0.00193664
1948	902	1.01394	0.00193664
1948	903	1.01394	0.00193664
1948	904	1.01394	0.00193664
1948	905	1.01394	0.00193664
1948	906	1.01394	0.00193664
1948	907	1.01394	0.00193664
1948	908	1.01394	0.00193664
1948	909	1.01394	0.00193664
1948	910	1.01394	0.00193664
1948	911	1.01394	0.00193664
1948	912	1.01394	0.00193664
1948	913	1.01394	0.00193664
1948	914	1.01394	0.00193664
1948	915	1.01394	0.00193664
1948	916	1.01394	0.00193664
1948	917	1.01394	0.00193664
1948	918	1.01394	0.00193664
1948	919	1.01394	0.00193664
1948	920	1.01394	0.00193664
1948	921	1.01394	0.00193664
1948	922	1.01394	0.00193664
1948	923	1.01394	0.00193664
1948	924	1.01394	0.00193664
1948	925	1.01394	0.00193664
1948	926	1.01394	0.00193664
1948	927	1.01394	0.00193664
1948	928	1.01394	0.00193664
1948	929	1.01394	0.00193664
1948	930	1.01394	0.00193664
1948	931	1.01394	0.00193664
1948	932	1.01394	0.00193664
1948	933	1.01394	0.00193664
1948	934	1.01394	0.00193664
1948	935	1.01394	0.00193664
1948	936	1.01394	0.00193664
1948	937	1.01394	0.00193664
1948	938	1.01394	0.00193664
1948	939	1.01394	0.00193664
1948	940	1.01394	0.00193664
1948	941	1.01394	0.00193664
1948	942	1.01394	0.00193664
1948	943	1.01394	0.00193664
1948	944	1.01394	0.00193664
1948	945	1.01394	0.00193664
1948	946	1.01394	0.00193664
1948	947	1.01394	0.00193664
1948	948	1.01394	0.00193664
1948	949	1.01394	0.00193664
1948	950	1.01394	0.00193664
1948	951	1.01394	0.00193664
1948	952	1.01394	0.00193664
1948	953	1.01394	0.00193664
1948	954	1.01394	0.00193664
1948	955	1.01394	0.00193664
1948	956	1.01394	0.00193664
1948	957	1.01394	0.00193664
1948	958	1.01394	0.00193664
1948	959	1.01394	0.00193664
1948	960	1.01394	0.00193664
1948	961	1.01394	0.00193664
1948	962	1.01394	0.00193664
1948	963	1.01394	0.00193664
1948	964	1.01394	0.00193664
1948	965	1.01394	0.00193664
1948	966	1.01394	0.00193664
1948	967	1.01394	0.00193664
1948	968	1.01394	0.00193664
1948	969	1.01394	0.00193664
1948	970	1.01394	0.00193664
1948	971	1.01394	0.00193664
1948	972	1.01394	0.00193664
1948	973	1.01394	0.00193664
1948	974	1.01394	0.00193664
1948	975	1.01394	0.00193664
1948	976	1.01394	0.00193664
1948	977	1.01394	0.00193664
1948	978	1.01394	0.00193664
1948	979	1.01394	0.00193664
1948	980	1.01394	0.00193664
1948	981	1.01394	0.00193664
1948	982	1.01394	0.00193664
1948	983	1.01394	0.00193664
1948	984	1.01394	0.00193664
1948	985	1.01394	0.00193664
1948	986	1.01394	0.00193664
1948	987	1.01394	0.00193664
1948	988	1.01394	0.00193664
1948	989	1.01394	0.00193664
1948	990	1.01394	0.00193664
1948	991	1.01394	0.00193664
1948	992	1.01394	0.00193664
1948	993	1.01394	0.00193664
1948	994	1.01394	0.00193664
1948	995	1.01394	0.00193664
1948	996	1.01394	0.00193664
1948	997	1.01394	0.00193664
1948	998	1.01394	0.00193664
1948	999	1.01394	0.00193664
1948	1000	1.01394	0.00193664
1948	1001	1.01394	0.00193664
1948	1002	1.01394	0.00193664
1948	1003	1.01394	0.00193664
1948	1004	1.01394	0.00193664
1948	1005	1.01394	0.00193664
1948	1006	1.01394	0.00193664
1948	1007	1.01394	0.00193664
1948	1008	1.01394	0.00193664
1948	1009	1.01394	0.00193664
1948	1010	1.01394	0.00193664
1948	1011	1.01394	0.00193664
1948	1012	1.01394	0.00193664
1948	1013	1.01394	0.00193664
1948	1014	1.01394	0.00193664
1948	1015	1.01394	0.00193664
1948	1016	1.01394	0.00193664
1948	1017	1.01394	0.00193664
1948	1018	1.01394	0.00193664
1948	1019	1.01394	0.00193664
1948	1020	1.01394	0.00193664
1948	1021	1.01394	0.00193664
1948	1022	1.01394	0.00193664
1948	1023	1.01394	0.00193664
1948	1024	1.01394	0.00193664
1948	1025	1.01394	0.00193664
1948	1026	1.01394	0.00193664
1948	1027	1.01394	0.00193664
1948	1028	1.01394	0.00193664
1948	1029	1.01394	0.00193664
1948	1030	1.01394	0.00193664
1948	1031	1.01394	0.00193664
1948	1032	1.01394	0.00193664
1948	1033	1.01394	0.00193664
1948	1034	1.01394	0.00193664
1948	1035	1.01394	0.00193664
1948	1036	1.01394	0.00193664
1948	1037	1.01394	0.00193664
1948	1038	1.01394	0.00193664
1948	1039	1.01394	0.00193664
1948	1040	1.01394	0.00193664
1948	1041	1.01394	0.00193664
1948	1042	1.01394	0.00193664
1948	1043	1.01394	0.00193664
1948	1044	1.01394	0.00193664
1948	1045	1.01394	0.00193664
1948	1046	1.01394	0.00193664
1948	1047	1.01394	0.00193664
1948	1048	1.01394	0.00193664
1948	1049	1.01394	0.00193664
1948	1050	1.01394	0.00193664
1948	1051	1.01394	0.00193664
1948	1052	1.01394	0.00193664
1948	1053	1.01394	0.00193664
1948	1054	1.01394	0.00193664
1948	1055	1.01394	0.00193664
1948	1056	1.01394	0.00193664
1948	1057	1.01394	0.00193664
1948	1058	1.01394	0.00193664
1948	1059	1.01394	0.00193664
1948	1060	1.01394	0.00193664
1948	1061	1.01394	0.00193664
1948	1062	1.01394	0.00193664
1948	1063	1.01394	0.00193664
1948	1064	1.01394	0.00193664
1948	1065	1.01394	0.00193664
1948	1066	1.01394	0.00193664
1948	1067	1.01394	0.00193664
1948	1068	1.01394	0.00193664
1948	1069	1.01394	0.00193664
1948	1070	1.01394	0.00193664
1948	1071	1.01394	0.00193664
1948	1072	1.01394	0.00193664
1948	1073	1.01394	0.00193664
1948	1074	1.01394	0.00193664
1948	1075	1.01394	0.00193664
1948	1076	1.01394	0.00193664
1948	1077	1.01394	0.00193664
1948	1078	1.01394	0.00193664
1948	1079	1.01394	0.00193664
1948	1080	1.01394	0.00193664
1948	1081	1.01394	0.00193664
1948	1082	1.01394	0.00193664
1948	1083	1.01394	0.00193664
1948	1084	1.01394	0.00193664
1948	1085	1.01394	0.00193664
1948	1086	1.01394	0.00193664
1948	1087	1.01394	0.00193664
1948	1088	1.01394	0.00193664
1948	1089	1.01394	0.00193664
1948	1090	1.01394	0.00193664
1948	1091	1.01394	0.00193664
1948	1092	1.01394	0.00193664
1948	1093	1.01394	0.00193664
1948	1094	1.01394	0.00193664
1948	1095	1.01394	0.00193664
1948	1096	1.01394	0.00193664
1948	1097	1.01394	0.00193664
1948	1098	1.01394	0.00193664
1948	1099	1.01394	0.00193664
1948	1100	1.01394	0.00193664
1948	1101	1.01394	0.00193664
1948	1102	1.01394	0.00193664
1948	1103	1.01394	0.00193664
1948	1104	1.01394	0.00193664
1948	1105	1.01394	0.00193664
1948	1106	1.01394	0.00193664
1948	1107	1.01394	0.00193664
1948	1108	1.01394	0.00193664
1948	1109	1.01394	0.00193664
1948	1110	1.01394	0.00193664
1948	1111	1.01394	0.00193664
1948	1112	1.01394	0.00193664
1948	1113	1.01394	0.00193664
1948	1114	1.01394	0.00193664
1948	1115	1.01394	0.00193664
1948	1116	1.01394	0.00193664
1948	1117	1.01394	0.00193664
1948	1118	1.01394	0.00193664
1948	1119	1.01394	0.00193664
1948	1120	1.01394	0.00193664
1948	1121	1.01394	0.00193664
1948	1122	1.01394	0.00193664
1948	1123	1.01394	0.00193664
1948	1124	1.01394	0.00193664
1948	1125	1.01394	0.00193664
1948	1126	1.01394	0.00193664
1948	1127	1.01394	0.00193664
1948	1128	1.01394	0.00193664
1948	1129	1.01394	0.00193664
1948	1130	1.01394	0.00193664
1948	1131	1.01394	0.00193664
1948	1132	1.01394	0.00193664
1948	1133	1.01394	0.00193664
1948	1134	1.01394	0.00193664
1948	1135	1.01394	0.00193664
1948	1136	1.01394	0.00193664
1948	1137	1.01394	0.00193664
1948	1138	1.01394	0.00193664
1948	1139	1.01394	0.00193664
1948	1140	1.01394	0.00193664
1948	1141	1.01394	0.00193664
1948	1142	1.01394	0.00193664
1948	1143	1.01394	0.00193664
1948	1144	1.01394	0.00193664
1948	1145	1.01394	0.00193664
1948	1146	1.01394	0.00193664
1948	1147	1.01394	0.00193664
1948	1148	1.01394	0.00193664
1948	1149	1.01394	0.00193664
1948	1150	1.01394	0.00193664
1948	1151	1.01394	0.00193664
1948	1152	1.01394	0.00193664
1948	1153	1.01394	0.00193664
1948	1154	1.01394	0.00193664
1948	1155	1.01394	0.00193664
1948	1156	1.01394	0.00193664
1948	1157	1.01394	0.00193664
1948	1158	1.01394	0.00193664
1948	1159	1.01394	0.00193664
1948	1160	1.01394	0.00193664
1948	1161	1.01394	0.00193664
1948	1162	1.01394	0.00193664
1948	1163	1.01394	0.00193664
1948	1164	1.01394	0.00193664
1948	1165	1.01394	0.00193664
1948	1166	1.01394	0.00193664
1948	1167	1.01394	0.00193664
1948	1168	1.01394	0.00193664
1948	1169	1.01394	0.00193664
1948	1170	1.01394	0.00193664
1948	1171	1.01394	0.00193664
1948	1172	1.01394	0.00193664
1948	1173	1.01394	0.00193664
1948	1174	1.01394	0.00193664
1948	1175	1.01394	0.00193664
1948	1176	1.01394	0.00193664
1948	1177	1.01394	0.00193664
1948	1178	1.01394	0.00193664
1948	1179	1.01394	0.00193664
1948	1180	1.01394	0.00193664
1948	1181	1.01394	0.00193664
1948	1182	1.01394	0.00193664
1948	1183	1.01394	0.00193664
1948	1184	1.01394	0.00193664
1948	1185	1.01394	0.00193664
1948	1186	1.01394	0.00193664
1948	1187	1.01394	0.00193664
1948	1188	1.01394	0.00193664
1948	1189	1.01394	0.00193664
1948	1190	1.01394	0.00193664
1948	1191	1.01394	0.00193664
1948	1192	1.01394	0.00193664
1948	1193	1.01394	0.00193664
1948	1194	1.01394	0.00193664
1948	1195	1.01394	0.00193664
1948	1196	1.01394	0.00193664
1948	1197	1.01394	0.00193664
1948	1198	1.01394	0.00193664
1948	1199	1.01394	0.00193664
1948	1200	1.01797	0.00195476
1948	1201	1.01797	0.00195476
1948	1202	1.01797	0.00195476
1948	1203	1.01797	0.00195476
1948	1204	1.01797	0.00195476
1948	1205	1.01797	0.00195476
1948	1206	1.01797	0.00195476
1948	1207	1.01797	0.00195476
1948	1208	1.01797	0.00195476
1948	1209	1.01797	0.00195476
1948	1210	1.01797	0.00195476
1948	1211	1.01797	0.00195476
1948	1212	1.01797	0.00195476
1948	1213	1.01797	0.00195476
1948	1214	1.01797	0.00195476
1948	1215	1.01797	0.00195476
1948	1216	1.01797	0.00195476
1948	1217	1.01797	0.00195476
1948	1218	1.01797	0.00195476
1948	1219	1.01797	0.00195476
1948	1220	1.01797	0.00195476
1948	1221	1.01797	0.00195476
1948	1222	1.01797	0.00195476
1948	1223	1.01797	0.00195476
1948	1224	1.01797	0.00195476
1948	1225	1.01797	0.00195476
1948	1226	1.01797	0.00195476
1948	1227	1.01797	0.00195476
1948	1228	1.01797	0.00195476
1948	1229	1.01797	0.00195476
1948	1230	1.01797	0.00195476
1948	1231	1.01797	0.00195476
1948	1232	1.01797	0.00195476
1948	1233	1.01797	0.00195476
1948	1234	1.01797	0.00195476
1948	1235	1.01797	0.00195476
1948	1236	1.01797	0.00195476
1948	1237	1.01797	0.00195476
1948	1238	1.01797	0.00195476
1948	1239	1.01797	0.00195476
1948	1240	1.01797	0.00195476
1948	1241	1.01797	0.00195476
1948	1242	1.01797	0.00195476
1948	1243	1.01797	0.00195476
1948	1244	1.01797	0.00195476
1948	1245	1.01797	0.00195476
1948	1246	1.01797	0.00195476
1948	1247	1.01797	0.00195476
1948	1248	1.01797	0.00195476
1948	1249	1.01797	0.00195476
1948	1250	1.01797	0.00195476
1948	1251	1.01797	0.00195476
1948	1252	1.01797	0.00195476
1948	1253	1.01797	0.00195476
1948	1254	1.01797	0.00195476
1948	1255	1.01797	0.00195476
1948	1256	1.01797	0.00195476
1948	1257	1.01797	0.00195476
1948	1258	1.01797	0.00195476
1948	1259	1.01797	0.00195476
1948	1260	1.01797	0.00195476
1948	1261	1.01797	0.00195476
1948	1262	1.01797	0.00195476
1948	1263	1.01797	0.00195476
1948	1264	1.01797	0.00195476
1948	1265	1.01797	0.00195476
1948	1266	1.01797	0.00195476
1948	1267	1.01797	0.00195476
1948	1268	1.01797	0.00195476
1948	1269	1.01797	0.00195476
1948	1270	1.01797	0.00195476
1948	1271	1.01797	0.00195476
1948	1272	1.01797	0.00195476
1948	1273	1.01797	0.00195476
1948	1274	1.01797	0.00195476
1948	1275	1.01797	0.00195476
1948	1276	1.01797	0.00195476
1948	1277	1.01797	0.00195476
1948	1278	1.01797	0.00195476
1948	1279	1.01797	0.00195476
1948	1280	1.01797	0.00195476
1948	1281	1.01797	0.00195476
1948	1282	1.01797	0.00195476
1948	1283	1.01797	0.00195476
1948	1284	1.01797	0.00195476
1948	1285	1.01797	0.00195476
1948	1286	1.01797	0.00195476
1948	1287	1.01797	0.00195476
1948	1288	1.01797	0.00195476
1948	1289	1.01797	0.00195476
1948	1290	1.01797	0.00195476
1948	1291	1.01797	0.00195476
1948	1292	1.01797	0.00195476
1948	1293	1.01797	0.00195476
1948	1294	1.01797	0.00195476
1948	1295	1.01797	0.00195476
1948	1296	1.01797	0.00195476
1948	1297	1.01797	0.00195476
1948	1298	1.01797	0.00195476
1948	1299	1.01797	0.00195476
1948	1300	1.01797	0.00195476
1948	1301	1.01797	0.00195476
1948	1302	1.01797	0.00195476
1948	1303	1.01797	0.00195476
1948	1304	1.01797	0.00195476
1948	1305	1.01797	0.00195476
1948	1306	1.01797	0.00195476
1948	1307	1.01797	0.00195476
1948	1308	1.01797	0.00195476
1948	1309	1.01797	0.00195476
1948	1310	1.01797	0.00195476
1948	1311	1.01797	0.00195476
1948	1312	1.01797	0.00195476
1948	1313	1.01797	0.00195476
1948	1314	1.01797	0.00195476
1948	1315	1.01797	0.00195476
1948	1316	1.01797	0.00195476
1948	1317	1.01797	0.00195476
1948	1318	1.01797	0.00195476
1948	1319	1.01797	0.00195476
1948	1320	1.01797	0.00195476
1948	1321	1.01797	0.00195476
1948	1322	1.01797	0.00195476
1948	1323	1.01797	0.00195476
1948	1324	1.01797	0.00195476
1948	1325	1.01797	0.00195476
1948	1326	1.01797	0.00195476
1948	1327	1.01797	0.00195476
1948	1328	1.01797	0.00195476
1948	1329	1.01797	0.00195476
1948	1330	1.01797	0.00195476
1948	1331	1.01797	0.00195476
1948	1332	1.01797	0.00195476
1948	1333	1.01797	0.00195476
1948	1334	1.01797	0.00195476
1948	1335	1.01797	0.00195476
1948	1336	1.01797	0.00195476
1948	1337	1.01797	0.00195476
1948	1338	1.01797	0.00195476
1948	1339	1.01797	0.00195476
1948	1340	1.01797	0.00195476
1948	1341	1.01797	0.00195476
1948	1342	1.01797	0.00195476
1948	1343	1.01797	0.00195476
1948	1344	1.01797	0.00195476
1948	1345	1.01797	0.00195476
1948	1346	1.01797	0.00195476
1948	1347	1.01797	0.00195476
1948	1348	1.01797	0.00195476
1948	1349	1.01797	0.00195476
1948	1350	1.01797	0.00195476
1948	1351	1.01797	0.00195476
1948	1352	1.01797	0.00195476
1948	1353	1.01797	0.00195476
1948	1354	1.01797	0.00195476
1948	1355	1.01797	0.00195476
1948	1356	1.01797	0.00195476
1948	1357	1.01797	0.00195476
1948	1358	1.01797	0.00195476
1948	1359	1.01797	0.00195476
1948	1360	1.01797	0.00195476
1948	1361	1.01797	0.00195476
1948	1362	1.01797	0.00195476
1948	1363	1.01797	0.00195476
1948	1364	1.01797	0.00195476
1948	1365	1.01797	0.00195476
1948	1366	1.01797	0.00195476
1948	1367	1.01797	0.00195476
1948	1368	1.01797	0.00195476
1948	1369	1.01797	0.00195476
1948	1370	1.01797	0.00195476
1948	1371	1.01797	0.00195476
1948	1372	1.01797	0.00195476
1948	1373	1.01797	0.00195476
1948	1374	1.01797	0.00195476
1948	1375	1.01797	0.00195476
1948	1376	1.01797	0.00195476
1948	1377	1.01797	0.00195476
1948	1378	1.01797	0.00195476
1948	1379	1.01797	0.00195476
1948	1380	1.01797	0.00195476
1948	1381	1.01797	0.00195476
1948	1382	1.01797	0.00195476
1948	1383	1.01797	0.00195476
1948	1384	1.01797	0.00195476
1948	1385	1.01797	0.00195476
1948	1386	1.01797	0.00195476
1948	1387	1.01797	0.00195476
1948	1388	1.01797	0.00195476
1948	1389	1.01797	0.00195476
1948	1390	1.01797	0.00195476
1948	1391	1.01797	0.00195476
1948	1392	1.01797	0.00195476
1948	1393	1.01797	0.00195476
1948	1394	1.01797	0.00195476
1948	1395	1.01797	0.00195476
1948	1396	1.01797	0.00195476
1948	1397	1.01797	0.00195476
1948	1398	1.01797	0.00195476
1948	1399	1.01797	0.00195476
1948	1400	1.01797	0.00195476
1948	1401	1.01797	0.00195476
1948	1402	1.01797	0.00195476
1948	1403	1.01797	0.00195476
1948	1404	1.01797	0.00195476
1948	1405	1.01797	0.00195476
1948	1406	1.01797	0.00195476
1948	1407	1.01797	0.00195476
1948	1408	1.01797	0.00195476
1948	1409	1.01797	0.00195476
1948	1410	1.01797	0.00195476
1948	1411	1.01797	0.00195476
1948	1412	1.01797	0.00195476
1948	1413	1.01797	0.00195476
1948	1414	1.01797	0.00195476
1948	1415	1.01797	0.00195476
1948	1416	1.01797	0.00195476
1948	1417	1.01797	0.00195476
1948	1418	1.01797	0.00195476
1948	1419	1.01797	0.00195476
1948	1420	1.01797	0.00195476
1948	1421	1.01797	0.00195476
1948	1422	1.01797	0.00195476
1948	1423	1.01797	0.00195476
1948	1424	1.01797	0.00195476
1948	1425	1.01797	0.00195476
1948	1426	1.01797	0.00195476
1948	1427	1.01797	0.00195476
1948	1428	1.01797	0.00195476
1948	1429	1.01797	0.00195476
1948	1430	1.01797	0.00195476
1948	1431	1.01797	0.00195476
1948	1432	1.01797	0.00195476
1948	1433	1.01797	0.00195476
1948	1434	1.01797	0.00195476
1948	1435	1.01797	0.00195476
1948	1436	1.01797	0.00195476
1948	1437	1.01797	0.00195476
1948	1438	1.01797	0.00195476
1948	1439	1.01797	0.00195476
1948	1440	1.01797	0.00195476
1948	1441	1.01797	0.00195476
1948	1442	1.01797	0.00195476
1948	1443	1.01797	0.00195476
1948	1444	1.01797	0.00195476
1948	1445	1.01797	0.00195476
1948	1446	1.01797	0.00195476
1948	1447	1.01797	0.00195476
1948	1448	1.01797	0.00195476
1948	1449	1.01797	0.00195476
1948	1450	1.01797	0.00195476
1948	1451	1.01797	0.00195476
1948	1452	1.01797	0.00195476
1948	1453	1.01797	0.00195476
1948	1454	1.01797	0.00195476
1948	1455	1.01797	0.00195476
1948	1456	1.01797	0.00195476
1948	1457	1.01797	0.00195476
1948	1458	1.01797	0.00195476
1948	1459	1.01797	0.00195476
1948	1460	1.01797	0.00195476
1948	1461	1.01797	0.00195476
1948	1462	1.01797	0.00195476
1948	1463	1.01797	0.00195476
1948	1464	1.01797	0.00195476
1948	1465	1.01797	0.00195476
1948	1466	1.01797	0.00195476
1948	1467	1.01797	0.00195476
1948	1468	1.01797	0.00195476
1948	1469	1.01797	0.00195476
1948	1470	1.01797	0.00195476
1948	1471	1.01797	0.00195476
1948	1472	1.01797	0.00195476
1948	1473	1.01797	0.00195476
1948	1474	1.01797	0.00195476
1948	1475	1.01797	0.00195476
1948	1476	1.01797	0.00195476
1948	1477	1.01797	0.00195476
1948	1478	1.01797	0.00195476
1948	1479	1.01797	0.00195476
1948	1480	1.01797	0.00195476
1948	1481	1.01797	0.00195476
1948	1482	1.01797	0.00195476
1948	1483	1.01797	0.00195476
1948	1484	1.01797	0.00195476
1948	1485	1.01797	0.00195476
1948	1486	1.01797	0.00195476
1948	1487	1.01797	0.00195476
1948	1488	1.01797	0.00195476
1948	1489	1.01797	0.00195476
1948	1490	1.01797	0.00195476
1948	1491	1.01797	0.00195476
1948	1492	1.01797	0.00195476
1948	1493	1.01797	0.00195476
1948	1494	1.01797	0.00195476
1948	1495	1.01797	0.00195476
1948	1496	1.01797	0.00195476
1948	1497	1.01797	0.00195476
1948	1498	1.01797	0.00195476
1948	1499	1.01797	0.00195476
1948	1500	1.01797	0.00195476
1948	1501	1.01797	0.00195476
1948	1502	1.01797	0.00195476
1948	1503	1.01797	0.00195476
1948	1504	1.01797	0.00195476
1948	1505	1.01797	0.00195476
1948	1506	1.01797	0.00195476
1948	1507	1.01797	0.00195476
1948	1508	1.01797	0.00195476
1948	1509	1.01797	0.00195476
1948	1510	1.01797	0.00195476
1948	1511	1.01797	0.00195476
1948	1512	1.01797	0.00195476
1948	1513	1.01797	0.00195476
1948	1514	1.01797	0.00195476
1948	1515	1.01797	0.00195476
1948	1516	1.01797	0.00195476
1948	1517	1.01797	0.00195476
1948	1518	1.01797	0.00195476
1948	1519	1.01797	0.00195476
1948	1520	1.01797	0.00195476
1948	1521	1.01797	0.00195476
1948	1522	1.01797	0.00195476
1948	1523	1.01797	0.00195476
1948	1524	1.01797	0.00195476
1948	1525	1.01797	0.00195476
1948	1526	1.01797	0.00195476
1948	1527	1.01797	0.00195476
1948	1528	1.01797	0.00195476
1948	1529	1.01797	0.00195476
1948	1530	1.01797	0.00195476
1948	1531	1.01797	0.00195476
1948	1532	1.01797	0.00195476
1948	1533	1.01797	0.00195476
1948	1534	1.01797	0.00195476
1948	1535	1.01797	0.00195476
1948	1536	1.01797	0.00195476
1948	1537	1.01797	0.00195476
1948	1538	1.01797	0.00195476
1948	1539	1.01797	0.00195476
1948	1540	1.01797	0.00195476
1948	1541	1.01797	0.00195476
1948	1542	1.01797	0.00195476
1948	1543	1.01797	0.00195476
1948	1544	1.01797	0.00195476
1948	1545	1.01797	0.00195476
1948	1546	1.01797	0.00195476
1948	1547	1.01797	0.00195476
1948	1548	1.01797	0.00195476
1948	1549	1.01797	0.00195476
1948	1550	1.01797	0.00195476
1948	1551	1.01797	0.00195476
1948	1552	1.01797	0.00195476
1948	1553	1.01797	0.00195476
1948	1554	1.01797	0.00195476
1948	1555	1.01797	0.00195476
1948	1556	1.01797	0.00195476
1948	1557	1.01797	0.00195476
1948	1558	1.01797	0.00195476
1948	1559	1.01797	0.00195476
1948	1560	1.01797	0.00195476
1948	1561	1.01797	0.00195476
1948	1562	1.01797	0.00195476
1948	1563	1.01797	0.00195476
1948	1564	1.01797	0.00195476
1948	1565	1.01797	0.00195476
1948	1566	1.01797	0.00195476
1948	1567	1.01797	0.00195476
1948	1568	1.01797	0.00195476
1948	1569	1.01797	0.00195476
1948	1570	1.01797	0.00195476
1948	1571	1.01797	0.00195476
1948	1572	1.01797	0.00195476
1948	1573	1.01797	0.00195476
1948	1574	1.01797	0.00195476
1948	1575	1.01797	0.00195476
1948	1576	1.01797	0.00195476
1948	1577	1.01797	0.00195476
1948	1578	1.01797	0.00195476
1948	1579	1.01797	0.00195476
1948	1580	1.01797	0.00195476
1948	1581	1.01797	0.00195476
1948	1582	1.01797	0.00195476
1948	1583	1.01797	0.00195476
1948	1584	1.01797	0.00195476
1948	1585	1.01797	0.00195476
1948	1586	1.01797	0.00195476
1948	1587	1.01797	0.00195476
1948	1588	1.01797	0.00195476
1948	1589	1.01797	0.00195476
1948	1590	1.01797	0.00195476
1948	1591	1.01797	0.00195476
1948	1592	1.01797	0.00195476
1948	1593	1.01797	0.00195476
1948	1594	1.01797	0.00195476
1948	1595	1.01797	0.00195476
1948	1596	1.01797	0.00195476
1948	1597	1.01797	0.00195476
1948	1598	1.01797	0.00195476
1948	1599	1.01797	0.00195476
1948	1600	1.01797	0.00195476
1948	1601	1.01797	0.00195476
1948	1602	1.01797	0.00195476
1948	1603	1.01797	0.00195476
1948	1604	1.01797	0.00195476
1948	1605	1.01797	0.00195476
1948	1606	1.01797	0.00195476
1948	1607	1.01797	0.00195476
1948	1608	1.01797	0.00195476
1948	1609	1.01797	0.00195476
1948	1610	1.01797	0.00195476
1948	1611	1.01797	0.00195476
1948	1612	1.01797	0.00195476
1948	1613	1.01797	0.00195476
1948	1614	1.01797	0.00195476
1948	1615	1.01797	0.00195476
1948	1616	1.01797	0.00195476
1948	1617	1.01797	0.00195476
1948	1618	1.01797	0.00195476
1948	1619	1.01797	0.00195476
1948	1620	1.01797	0.00195476
1948	1621	1.01797	0.00195476
1948	1622	1.01797	0.00195476
1948	1623	1.01797	0.00195476
1948	1624	1.01797	0.00195476
1948	1625	1.01797	0.00195476
1948	1626	1.01797	0.00195476
1948	1627	1.01797	0.00195476
1948	1628	1.01797	0.00195476
1948	1629	1.01797	0.00195476
1948	1630	1.01797	0.00195476
1948	1631	1.01797	0.00195476
1948	1632	1.01797	0.00195476
1948	1633	1.01797	0.00195476
1948	1634	1.01797	0.00195476
1948	1635	1.01797	0.00195476
1948	1636	1.01797	0.00195476
1948	1637	1.01797	0.00195476
1948	1638	1.01797	0.00195476
1948	1639	1.01797	0.00195476
1948	1640	1.01797	0.00195476
1948	1641	1.01797	0.00195476
1948	1642	1.01797	0.00195476
1948	1643	1.01797	0.00195476
1948	1644	1.01797	0.00195476
1948	1645	1.01797	0.00195476
1948	1646	1.01797	0.00195476
1948	1647	1.01797	0.00195476
1948	1648	1.01797	0.00195476
1948	1649	1.01797	0.00195476
1948	1650	1.01797	0.00195476
1948	1651	1.01797	0.00195476
1948	1652	1.01797	0.00195476
1948	1653	1.01797	0.00195476
1948	1654	1.01797	0.00195476
1948	1655	1.01797	0.00195476
1948	1656	1.01797	0.00195476
1948	1657	1.01797	0.00195476
1948	1658	1.01797	0.00195476
1948	1659	1.01797	0.00195476
1948	1660	1.01797	0.00195476
1948	1661	1.01797	0.00195476
1948	1662	1.01797	0.00195476
1948	1663	1.01797	0.00195476
1948	1664	1.01797	0.00195476
1948	1665	1.01797	0.00195476
1948	1666	1.01797	0.00195476
1948	1667	1.01797	0.00195476
1948	1668	1.01797	0.00195476
1948	1669	1.01797	0.00195476
1948	1670	1.01797	0.00195476
1948	1671	1.01797	0.00195476
1948	1672	1.01797	0.00195476
1948	1673	1.01797	0.00195476
1948	1674	1.01797	0.00195476
1948	1675	1.01797	0.00195476
1948	1676	1.01797	0.00195476
1948	1677	1.01797	0.00195476
1948	1678	1.01797	0.00195476
1948	1679	1.01797	0.00195476
1948	1680	1.01797	0.00195476
1948	1681	1.01797	0.00195476
1948	1682	1.01797	0.00195476
1948	1683	1.01797	0.00195476
1948	1684	1.01797	0.00195476
1948	1685	1.01797	0.00195476
1948	1686	1.01797	0.00195476
1948	1687	1.01797	0.00195476
1948	1688	1.01797	0.00195476
1948	1689	1.01797	0.00195476
1948	1690	1.01797	0.00195476
1948	1691	1.01797	0.00195476
1948	1692	1.01797	0.00195476
1948	1693	1.01797	0.00195476
1948	1694	1.01797	0.00195476
1948	1695	1.01797	0.00195476
1948	1696	1.01797	0.00195476
1948	1697	1.01797	0.00195476
1948	1698	1.01797	0.00195476
1948	1699	1.01797	0.00195476
1948	1700	1.01797	0.00195476
1948	1701	1.01797	0.00195476
1948	1702	1.01797	0.00195476
1948	1703	1.01797	0.00195476
1948	1704	1.01797	0.00195476
1948	1705	1.01797	0.00195476
1948	1706	1.01797	0.00195476
1948	1707	1.01797	0.00195476
1948	1708	1.01797	0.00195476
1948	1709	1.01797	0.00195476
1948	1710	1.01797	0.00195476
1948	1711	1.01797	0.00195476
1948	1712	1.01797	0.00195476
1948	1713	1.01797	0.00195476
1948	1714	1.01797	0.00195476
1948	1715	1.01797	0.00195476
1948	1716	1.01797	0.00195476
1948	1717	1.01797	0.00195476
1948	1718	1.01797	0.00195476
1948	1719	1.01797	0.00195476
1948	1720	1.01797	0.00195476
1948	1721	1.01797	0.00195476
1948	1722	1.01797	0.00195476
1948	1723	1.01797	0.00195476
1948	1724	1.01797	0.00195476
1948	1725	1.01797	0.00195476
1948	1726	1.01797	0.00195476
1948	1727	1.01797	0.00195476
1948	1728	1.01797	0.00195476
1948	1729	1.01797	0.00195476
1948	1730	1.01797	0.00195476
1948	1731	1.01797	0.00195476
1948	1732	1.01797	0.00195476
1948	1733	1.01797	0.00195476
1948	1734	1.01797	0.00195476
1948	1735	1.01797	0.00195476
1948	1736	1.01797	0.00195476
1948	1737	1.01797	0.00195476
1948	1738	1.01797	0.00195476
1948	1739	1.01797	0.00195476
1948	1740	1.01797	0.00195476
1948	1741	1.01797	0.00195476
1948	1742	1.01797	0.00195476
1948	1743	1.01797	0.00195476
1948	1744	1.01797	0.00195476
1948	1745	1.01797	0.00195476
1948	1746	1.01797	0.00195476
1948	1747	1.01797	0.00195476
1948	1748	1.01797	0.00195476
1948	1749	1.01797	0.00195476
1948	1750	1.01797	0.00195476
1948	1751	1.01797	0.00195476
1948	1752	1.01797	0.00195476
1948	1753	1.01797	0.00195476
1948	1754	1.01797	0.00195476
1948	1755	1.01797	0.00195476
1948	1756	1.01797	0.00195476
1948	1757	1.01797	0.00195476
1948	1758	1.01797	0.00195476
1948	1759	1.01797	0.00195476
1948	1760	1.01797	0.00195476
1948	1761	1.01797	0.00195476
1948	1762	1.01797	0.00195476
1948	1763	1.01797	0.00195476
1948	1764	1.01797	0.00195476
1948	1765	1.01797	0.00195476
1948	1766	1.01797	0.00195476
1948	1767	1.01797	0.00195476
1948	1768	1.01797	0.00195476
1948	1769	1.01797	0.00195476
1948	1770	1.01797	0.00195476
1948	1771	1.01797	0.00195476
1948	1772	1.01797	0.00195476
1948	1773	1.01797	0.00195476
1948	1774	1.01797	0.00195476
1948	1775	1.01797	0.00195476
1948	1776	1.01797	0.00195476
1948	1777	1.01797	0.00195476
1948	1778	1.01797	0.00195476
1948	1779	1.01797	0.00195476
1948	1780	1.01797	0.00195476
1948	1781	1.01797	0.00195476
1948	1782	1.01797	0.00195476
1948	1783	1.01797	0.00195476
1948	1784	1.01797	0.00195476
1948	1785	1.01797	0.00195476
1948	1786	1.01797	0.00195476
1948	1787	1.01797	0.00195476
1948	1788	1.01797	0.00195476
1948	1789	1.01797	0.00195476
1948	1790	1.01797	0.00195476
1948	1791	1.01797	0.00195476
1948	1792	1.01797	0.00195476
1948	1793	1.01797	0.00195476
1948	1794	1.01797	0.00195476
1948	1795	1.01797	0.00195476
1948	1796	1.01797	0.00195476
1948	1797	1.01797	0.00195476
1948	1798	1.01797	0.00195476
1948	1799	1.01797	0.00195476
1948	1800	1.01797	0.00195476
1948	1801	1.01797	0.00195476
1948	1802	1.01797	0.00195476
1948	1803	1.01797	0.00195476
1948	1804	1.01797	0.00195476
1948	1805	1.01797	0.00195476
1948	1806	1.01797	0.00195476
1948	1807	1.01797	0.00195476
1948	1808	1.01797	0.00195476
1948	1809	1.01797	0.00195476
1948	1810	1.01797	0.00195476
1948	1811	1.01797	0.00195476
1948	1812	1.01797	0.00195476
1948	1813	1.01797	0.00195476
1948	1814	1.01797	0.00195476
1948	1815	1.01797	0.00195476
1948	1816	1.01797	0.00195476
1948	1817	1.01797	0.00195476
1948	1818	1.01797	0.00195476
1948	1819	1.01797	0.00195476
1948	1820	1.01797	0.00195476
1948	1821	1.01797	0.00195476
1948	1822	1.01797	0.00195476
1948	1823	1.01797	0.00195476
1948	1824	1.01797	0.00195476
1948	1825	1.01797	0.00195476
1948	1826	1.01797	0.00195476
1948	1827	1.01797	0.00195476
1948	1828	1.01797	0.00195476
1948	1829	1.01797	0.00195476
1948	1830	1.01797	0.00195476
1948	1831	1.01797	0.00195476
1948	1832	1.01797	0.00195476
1948	1833	1.01797	0.00195476
1948	1834	1.01797	0.00195476
1948	1835	1.01797	0.00195476
1948	1836	1.01797	0.00195476
1948	1837	1.01797	0.00195476
1948	1838	1.01797	0.00195476
1948	1839	1.01797	0.00195476
1948	1840	1.01797	0.00195476
1948	1841	1.01797	0.00195476
1948	1842	1.01797	0.00195476
1948	1843	1.01797	0.00195476
1948	1844	1.01797	0.00195476
1948	1845	1.01797	0.00195476
1948	1846	1.01797	0.00195476
1948	1847	1.01797	0.00195476
1948	1848	1.01797	0.00195476
1948	1849	1.01797	0.00195476
1948	1850	1.01797	0.00195476
1948	1851	1.01797	0.00195476
1948	1852	1.01797	0.00195476
1948	1853	1.01797	0.00195476
1948	1854	1.01797	0.00195476
1948	1855	1.01797	0.00195476
1948	1856	1.01797	0.00195476
1948	1857	1.01797	0.00195476
1948	1858	1.01797	0.00195476
1948	1859	1.01797	0.00195476
1948	1860	1.01797	0.00195476
1948	1861	1.01797	0.00195476
1948	1862	1.01797	0.00195476
1948	1863	1.01797	0.00195476
1948	1864	1.01797	0.00195476
1948	1865	1.01797	0.00195476
1948	1866	1.01797	0.00195476
1948	1867	1.01797	0.00195476
1948	1868	1.01797	0.00195476
1948	1869	1.01797	0.00195476
1948	1870	1.01797	0.00195476
1948	1871	1.01797	0.00195476
1948	1872	1.01797	0.00195476
1948	1873	1.01797	0.00195476
1948	1874	1.01797	0.00195476
1948	1875	1.01797	0.00195476
1948	1876	1.01797	0.00195476
1948	1877	1.01797	0.00195476
1948	1878	1.01797	0.00195476
1948	1879	1.01797	0.00195476
1948	1880	1.01797	0.00195476
1948	1881	1.01797	0.00195476
1948	1882	1.01797	0.00195476
1948	1883	1.01797	0.00195476
1948	1884	1.01797	0.00195476
1948	1885	1.01797	0.00195476
1948	1886	1.01797	0.00195476
1948	1887	1.01797	0.00195476
1948	1888	1.01797	0.00195476
1948	1889	1.01797	0.00195476
1948	1890	1.01797	0.00195476
1948	1891	1.01797	0.00195476
1948	1892	1.01797	0.00195476
1948	1893	1.01797	0.00195476
1948	1894	1.01797	0.00195476
1948	1895	1.01797	0.00195476
1948	1896	1.01797	0.00195476
1948	1897	1.01797	0.00195476
1948	1898	1.01797	0.00195476
1948	1899	1.01797	0.00195476
1948	1900	1.01797	0.00195476
1948	1901	1.01797	0.00195476
1948	1902	1.01797	0.00195476
1948	1903	1.01797	0.00195476
1948	1904	1.01797	0.00195476
1948	1905	1.01797	0.00195476
1948	1906	1.01797	0.00195476
1948	1907	1.01797	0.00195476
1948	1908	1.01797	0.00195476
1948	1909	1.01797	0.00195476
1948	1910	1.01797	0.00195476
1948	1911	1.01797	0.00195476
1948	1912	1.01797	0.00195476
1948	1913	1.01797	0.00195476
1948	1914	1.01797	0.00195476
1948	1915	1.01797	0.00195476
1948	1916	1.01797	0.00195476
1948	1917	1.01797	0.00195476
1948	1918	1.01797	0.00195476
1948	1919	1.01797	0.00195476
1948	1920	1.01797	0.00195476
1948	1921	1.01797	0.00195476
1948	1922	1.01797	0.00195476
1948	1923	1.01797	0.00195476
1948	1924	1.01797	0.00195476
1948	1925	1.01797	0.00195476
1948	1926	1.01797	0.00195476
1948	1927	1.01797	0.00195476
1948	1928	1.01797	0.00195476
1948	1929	1.01797	0.00195476
1948	1930	1.01797	0.00195476
1948	1931	1.01797	0.00195476
1948	1932	1.01797	0.00195476
1948	1933	1.01797	0.00195476
1948	1934	1.01797	0.00195476
1948	1935	1.01797	0.00195476
1948	1936	1.01797	0.00195476
1948	1937	1.01797	0.00195476
1948	1938	1.01797	0.00195476
1948	1939	1.01797	0.00195476
1948	1940	1.01797	0.00195476
1948	1941	1.01797	0.00195476
1948	1942	1.01797	0.00195476
1948	1943	1.01797	0.00195476
1948	1944	1.01797	0.00195476
1948	1945	1.01797	0.00195476
1948	1946	1.01797	0.00195476
1948	1947	1.01797	0.00195476
1948	1948	1.01797	0.00195476
1948	1949	1.01797	0.00195476
1948	1950	1.01797	0.00195476
1948	1951	1.01797	0.00195476
1948	1952	1.01797	0.00195476
1948	1953	1.01797	0.00195476
1948	1954	1.01797	0.00195476
1948	1955	1.01797	0.00195476
1948	1956	1.01797	0.00195476
1948	1957	1.01797	0.00195476
1948	1958	1.01797	0.00195476
1948	1959	1.01797	0.00195476
1948	1960	1.01797	0.00195476
1948	1961	1.01797	0.00195476
1948	1962	1.01797	0.00195476
1948	1963	1.01797	0.00195476
1948	1964	1.01797	0.00195476
1948	1965	1.01797	0.00195476
1948	1966	1.01797	0.00195476
1948	1967	1.01797	0.00195476
1948	1968	1.01797	0.00195476
1948	1969	1.01797	0.00195476
1948	1970	1.01797	0.00195476
1948	1971	1.01797	0.00195476
1948	1972	1.01797	0.00195476
1948	1973	1.01797	0.00195476
1948	1974	1.01797	0.00195476
1948	1975	1.01797	0.00195476
1948	1976	1.01797	0.00195476
1948	1977	1.01797	0.00195476
1948	1978	1.01797	0.00195476
1948	1979	1.01797	0.00195476
1948	1980	1.01797	0.00195476
1948	1981	1.01797	0.00195476
1948	1982	1.01797	0.00195476
1948	1983	1.01797	0.00195476
1948	1984	1.01797	0.00195476
1948	1985	1.01797	0.00195476
1948	1986	1.01797	0.00195476
1948	1987	1.01797	0.00195476
1948	1988	1.01797	0.00195476
1948	1989	1.01797	0.00195476
1948	1990	1.01797	0.00195476
1948	1991	1.01797	0.00195476
1948	1992	1.01797	0.00195476
1948	1993	1.01797	0.00195476
1948	1994	1.01797	0.00195476
1948	1995	1.01797	0.00195476
1948	1996	1.01797	0.00195476
1948	1997	1.01797	0.00195476
1948	1998	1.01797	0.00195476
1948	1999	1.01797	0.00195476
1948	2000	1.01797	0.00195476
1948	2001	1.01797	0.00195476
1948	2002	1.01797	0.00195476
1948	2003	1.01797	0.00195476
1948	2004	1.01797	0.00195476
1948	2005	1.01797	0.00195476
1948	2006	1.01797	0.00195476
1948	2007	1.01797	0.00195476
1948	2008	1.01797	0.00195476
1948	2009	1.01797	0.00195476
1948	2010	1.01797	0.00195476
1948	2011	1.01797	0.00195476
1948	2012	1.01797	0.00195476
1948	2013	1.01797	0.00195476
1948	2014	1.01797	0.00195476
1948	2015	1.01797	0.00195476
1948	2016	1.01797	0.00195476
1948	2017	1.01797	0.00195476
1948	2018	1.01797	0.00195476
1948	2019	1.01797	0.00195476
1948	2020	1.01797	0.00195476
1948	2021	1.01797	0.00195476
1948	2022	1.01797	0.00195476
1948	2023	1.01797	0.00195476
1948	2024	1.01797	0.00195476
1948	2025	1.01797	0.00195476
1948	2026	1.01797	0.00195476
1948	2027	1.01797	0.00195476
1948	2028	1.01797	0.00195476
1948	2029	1.01797	0.00195476
1948	2030	1.01797	0.00195476
1948	2031	1.01797	0.00195476
1948	2032	1.01797	0.00195476
1948	2033	1.01797	0.00195476
1948	2034	1.01797	0.00195476
1948	2035	1.01797	0.00195476
1948	2036	1.01797	0.00195476
1948	2037	1.01797	0.00195476
1948	2038	1.01797	0.00195476
1948	2039	1.01797	0.00195476
1948	2040	1.01797	0.00195476
1948	2041	1.01797	0.00195476
1948	2042	1.01797	0.00195476
1948	2043	1.01797	0.00195476
1948	2044	1.01797	0.00195476
1948	2045	1.01797	0.00195476
1948	2046	1.01797	0.00195476
1948	2047	1.01797	0.00195476
1948	2048	1.01797	0.00195476
1948	2049	1.01797	0.00195476
1948	2050	1.01797	0.00195476
1948	2051	1.01797	0.00195476
1948	2052	1.01797	0.00195476
1948	2053	1.01797	0.00195476
1948	2054	1.01797	0.00195476
1948	2055	1.01797	0.00195476
1948	2056	1.01797	0.00195476
1948	2057	1.01797	0.00195476
1948	2058	1.01797	0.00195476
1948	2059	1.01797	0.00195476
1948	2060	1.01797	0.00195476
1948	2061	1.01797	0.00195476
1948	2062	1.01797	0.00195476
1948	2063	1.01797	0.00195476
1948	2064	1.01797	0.00195476
1948	2065	1.01797	0.00195476
1948	2066	1.01797	0.00195476
1948	2067	1.01797	0.00195476
1948	2068	1.01797	0.00195476
1948	2069	1.01797	0.00195476
1948	2070	1.01797	0.00195476
1948	2071	1.01797	0.00195476
1948	2072	1.01797	0.00195476
1948	2073	1.01797	0.00195476
1948	2074	1.01797	0.00195476
1948	2075	1.01797	0.00195476
1948	2076	1.01797	0.00195476
1948	2077	1.01797	0.00195476
1948	2078	1.01797	0.00195476
1948	2079	1.01797	0.00195476
1948	2080	1.01797	0.00195476
1948	2081	1.01797	0.00195476
1948	2082	1.01797	0.00195476
1948	2083	1.01797	0.00195476
1948	2084	1.01797	0.00195476
1948	2085	1.01797	0.00195476
1948	2086	1.01797	0.00195476
1948	2087	1.01797	0.00195476
1948	2088	1.01797	0.00195476
1948	2089	1.01797	0.00195476
1948	2090	1.01797	0.00195476
1948	2091	1.01797	0.00195476
1948	2092	1.01797	0.00195476
1948	2093	1.01797	0.00195476
1948	2094	1.01797	0.00195476
1948	2095	1.01797	0.00195476
1948	2096	1.01797	0.00195476
1948	2097	1.01797	0.00195476
1948	2098	1.01797	0.00195476
1948	2099	1.01797	0.00195476
1948	2100	1.01797	0.00195476
1948	2101	1.01797	0.00195476
1948	2102	1.01797	0.00195476
1948	2103	1.01797	0.00195476
1948	2104	1.01797	0.00195476
1948	2105	1.01797	0.00195476
1948	2106	1.01797	0.00195476
1948	2107	1.01797	0.00195476
1948	2108	1.01797	0.00195476
1948	2109	1.01797	0.00195476
1948	2110	1.01797	0.00195476
1948	2111	1.01797	0.00195476
1948	2112	1.01797	0.00195476
1948	2113	1.01797	0.00195476
1948	2114	1.01797	0.00195476
1948	2115	1.01797	0.00195476
1948	2116	1.01797	0.00195476
1948	2117	1.01797	0.00195476
1948	2118	1.01797	0.00195476
1948	2119	1.01797	0.00195476
1948	2120	1.01797	0.00195476
1948	2121	1.01797	0.00195476
1948	2122	1.01797	0.00195476
1948	2123	1.01797	0.00195476
1948	2124	1.01797	0.00195476
1948	2125	1.01797	0.00195476
1948	2126	1.01797	0.00195476
1948	2127	1.01797	0.00195476
1948	2128	1.01797	0.00195476
1948	2129	1.01797	0.00195476
1948	2130	1.01797	0.00195476
1948	2131	1.01797	0.00195476
1948	2132	1.01797	0.00195476
1948	2133	1.01797	0.00195476
1948	2134	1.01797	0.00195476
1948	2135	1.01797	0.00195476
1948	2136	1.01797	0.00195476
1948	2137	1.01797	0.00195476
1948	2138	1.01797	0.00195476
1948	2139	1.01797	0.00195476
1948	2140	1.01797	0.00195476
1948	2141	1.01797	0.00195476
1948	2142	1.01797	0.00195476
1948	2143	1.01797	0.00195476
1948	2144	1.01797	0.00195476
1948	2145	1.01797	0.00195476
1948	2146	1.01797	0.00195476
1948	2147	1.01797	0.00195476
1948	2148	1.01797	0.00195476
1948	2149	1.01797	0.00195476
1948	2150	1.01797	0.00195476
1948	2151	1.01797	0.00195476
1948	2152	1.01797	0.00195476
1948	2153	1.01797	0.00195476
1948	2154	1.01797	0.00195476
1948	2155	1.01797	0.00195476
1948	2156	1.01797	0.00195476
1948	2157	1.01797	0.00195476
1948	2158	1.01797	0.00195476
1948	2159	1.01797	0.00195476
1948	2160	1.01797	0.00195476
1948	2161	1.01797	0.00195476
1948	2162	1.01797	0.00195476
1948	2163	1.01797	0.00195476
1948	2164	1.01797	0.00195476
1948	2165	1.01797	0.00195476
1948	2166	1.01797	0.00195476
1948	2167	1.01797	0.00195476
1948	2168	1.01797	0.00195476
1948	2169	1.01797	0.00195476
1948	2170	1.01797	0.00195476
1948	2171	1.01797	0.00195476
1948	2172	1.01797	0.00195476
1948	2173	1.01797	0.00195476
1948	2174	1.01797	0.00195476
1948	2175	1.01797	0.00195476
1948	2176	1.01797	0.00195476
1948	2177	1.01797	0.00195476
1948	2178	1.01797	0.00195476
1948	2179	1.01797	0.00195476
1948	2180	1.01797	0.00195476
1948	2181	1.01797	0.00195476
1948	2182	1.01797	0.00195476
1948	2183	1.01797	0.00195476
1948	2184	1.01797	0.00195476
1948	2185	1.01797	0.00195476
1948	2186	1.01797	0.00195476
1948	2187	1.01797	0.00195476
1948	2188	1.01797	0.00195476
1948	2189	1.01797	0.00195476
1948	2190	1.01797	0.00195476
1948	2191	1.01797	0.00195476
1948	2192	1.01797	0.00195476
1948	2193	1.01797	0.00195476
1948	2194	1.01797	0.00195476
1948	2195	1.01797	0.00195476
1948	2196	1.01797	0.00195476
1948	2197	1.01797	0.00195476
1948	2198	1.01797	0.00195476
1948	2199	1.01797	0.00195476
1948	2200	1.01797	0.00195476
1948	2201	1.01797	0.00195476
1948	2202	1.01797	0.00195476
1948	2203	1.01797	0.00195476
1948	2204	1.01797	0.00195476
1948	2205	1.01797	0.00195476
1948	2206	1.01797	0.00195476
1948	2207	1.01797	0.00195476
1948	2208	1.01797	0.00195476
1948	2209	1.01797	0.00195476
1948	2210	1.01797	0.00195476
1948	2211	1.01797	0.00195476
1948	2212	1.01797	0.00195476
1948	2213	1.01797	0.00195476
1948	2214	1.01797	0.00195476
1948	2215	1.01797	0.00195476
1948	2216	1.01797	0.00195476
1948	2217	1.01797	0.00195476
1948	2218	1.01797	0.00195476
1948	2219	1.01797	0.00195476
1948	2220	1.01797	0.00195476
1948	2221	1.01797	0.00195476
1948	2222	1.01797	0.00195476
1948	2223	1.01797	0.00195476
1948	2224	1.01797	0.00195476
1948	2225	1.01797	0.00195476
1948	2226	1.01797	0.00195476
1948	2227	1.01797	0.00195476
1948	2228	1.01797	0.00195476
1948	2229	1.01797	0.00195476
1948	2230	1.01797	0.00195476
1948	2231	1.01797	0.00195476
1948	2232	1.01797	0.00195476
1948	2233	1.01797	0.00195476
1948	2234	1.01797	0.00195476
1948	2235	1.01797	0.00195476
1948	2236	1.01797	0.00195476
1948	2237	1.01797	0.00195476
1948	2238	1.01797	0.00195476
1948	2239	1.01797	0.00195476
1948	2240	1.01797	0.00195476
1948	2241	1.01797	0.00195476
1948	2242	1.01797	0.00195476
1948	2243	1.01797	0.00195476
1948	2244	1.01797	0.00195476
1948	2245	1.01797	0.00195476
1948	2246	1.01797	0.00195476
1948	2247	1.01797	0.00195476
1948	2248	1.01797	0.00195476
1948	2249	1.01797	0.00195476
1948	2250	1.01797	0.00195476
1948	2251	1.01797	0.00195476
1948	2252	1.01797	0.00195476
1948	2253	1.01797	0.00195476
1948	2254	1.01797	0.00195476
1948	2255	1.01797	0.00195476
1948	2256	1.01797	0.00195476
1948	2257	1.01797	0.00195476
1948	2258	1.01797	0.00195476
1948	2259	1.01797	0.00195476
1948	2260	1.01797	0.00195476
1948	2261	1.01797	0.00195476
1948	2262	1.01797	0.00195476
1948	2263	1.01797	0.00195476
1948	2264	1.01797	0.00195476
1948	2265	1.01797	0.00195476
1948	2266	1.01797	0.00195476
1948	2267	1.01797	0.00195476
1948	2268	1.01797	0.00195476
1948	2269	1.01797	0.00195476
1948	2270	1.01797	0.00195476
1948	2271	1.01797	0.00195476
1948	2272	1.01797	0.00195476
1948	2273	1.01797	0.00195476
1948	2274	1.01797	0.00195476
1948	2275	1.01797	0.00195476
1948	2276	1.01797	0.00195476
1948	2277	1.01797	0.00195476
1948	2278	1.01797	0.00195476
1948	2279	1.01797	0.00195476
1948	2280	1.01797	0.00195476
1948	2281	1.01797	0.00195476
1948	2282	1.01797	0.00195476
1948	2283	1.01797	0.00195476
1948	2284	1.01797	0.00195476
1948	2285	1.01797	0.00195476
1948	2286	1.01797	0.00195476
1948	2287	1.01797	0.00195476
1948	2288	1.01797	0.00195476
1948	2289	1.01797	0.00195476
1948	2290	1.01797	0.00195476
1948	2291	1.01797	0.00195476
1948	2292	1.01797	0.00195476
1948	2293	1.01797	0.00195476
1948	2294	1.01797	0.00195476
1948	2295	1.01797	0.00195476
1948	2296	1.01797	0.00195476
1948	2297	1.01797	0.00195476
1948	2298	1.01797	0.00195476
1948	2299	1.01797	0.00195476
1948	2300	1.01797	0.00195476
1948	2301	1.01797	0.00195476
1948	2302	1.01797	0.00195476
1948	2303	1.01797	0.00195476
1948	2304	1.01797	0.00195476
1948	2305	1.01797	0.00195476
1948	2306	1.01797	0.00195476
1948	2307	1.01797	0.00195476
1948	2308	1.01797	0.00195476
1948	2309	1.01797	0.00195476
1948	2310	1.01797	0.00195476
1948	2311	1.01797	0.00195476
1948	2312	1.01797	0.00195476
1948	2313	1.01797	0.00195476
1948	2314	1.01797	0.00195476
1948	2315	1.01797	0.00195476
1948	2316	1.01797	0.00195476
1948	2317	1.01797	0.00195476
1948	2318	1.01797	0.00195476
1948	2319	1.01797	0.00195476
1948	2320	1.01797	0.00195476
1948	2321	1.01797	0.00195476
1948	2322	1.01797	0.00195476
1948	2323	1.01797	0.00195476
1948	2324	1.01797	0.00195476
1948	2325	1.01797	0.00195476
1948	2326	1.01797	0.00195476
1948	2327	1.01797	0.00195476
1948	2328	1.01797	0.00195476
1948	2329	1.01797	0.00195476
1948	2330	1.01797	0.00195476
1948	2331	1.01797	0.00195476
1948	2332	1.01797	0.00195476
1948	2333	1.01797	0.00195476
1948	2334	1.01797	0.00195476
1948	2335	1.01797	0.00195476
1948	2336	1.01797	0.00195476
1948	2337	1.01797	0.00195476
1948	2338	1.01797	0.00195476
1948	2339	1.01797	0.00195476
1948	2340	1.01797	0.00195476
1948	2341	1.01797	0.00195476
1948	2342	1.01797	0.00195476
1948	2343	1.01797	0.00195476
1948	2344	1.01797	0.00195476
1948	2345	1.01797	0.00195476
1948	2346	1.01797	0.00195476
1948	2347	1.01797	0.00195476
1948	2348	1.01797	0.00195476
1948	2349	1.01797	0.00195476
1948	2350	1.01797	0.00195476
1948	2351	1.01797	0.00195476
1948	2352	1.01797	0.00195476
1948	2353	1.01797	0.00195476
1948	2354	1.01797	0.00195476
1948	2355	1.01797	0.00195476
1948	2356	1.01797	0.00195476
1948	2357	1.01797	0.00195476
1948	2358	1.01797	0.00195476
1948	2359	1.01797	0.00195476
1948	2360	1.01797	0.00195476
1948	2361	1.01797	0.00195476
1948	2362	1.01797	0.00195476
1948	2363	1.01797	0.00195476
1948	2364	1.01797	0.00195476
1948	2365	1.01797	0.00195476
1948	2366	1.01797	0.00195476
1948	2367	1.01797	0.00195476
1948	2368	1.01797	0.00195476
1948	2369	1.01797	0.00195476
1948	2370	1.01797	0.00195476
1948	2371	1.01797	0.00195476
1948	2372	1.01797	0.00195476
1948	2373	1.01797	0.00195476
1948	2374	1.01797	0.00195476
1948	2375	1.01797	0.00195476
1948	2376	1.01797	0.00195476
1948	2377	1.01797	0.00195476
1948	2378	1.01797	0.00195476
1948	2379	1.01797	0.00195476
1948	2380	1.01797	0.00195476
1948	2381	1.01797	0.00195476
1948	2382	1.01797	0.00195476
1948	2383	1.01797	0.00195476
1948	2384	1.01797	0.00195476
1948	2385	1.01797	0.00195476
1948	2386	1.01797	0.00195476
1948	2387	1.01797	0.00195476
1948	2388	1.01797	0.00195476
1948	2389	1.01797	0.00195476
1948	2390	1.01797	0.00195476
1948	2391	1.01797	0.00195476
1948	2392	1.01797	0.00195476
1948	2393	1.01797	0.00195476
1948	2394	1.01797	0.00195476
1948	2395	1.01797	0.00195476
1948	2396	1.01797	0.00195476
1948	2397	1.01797	0.00195476
1948	2398	1.01797	0.00195476
1948	2399	1.01797	0.00195476
1948	2400	1.01797	0.00195476
1948	2401	1.01797	0.00195476
1948	2402	1.01797	0.00195476
1948	2403	1.01797	0.00195476
1948	2404	1.01797	0.00195476
1948	2405	1.01797	0.00195476
1948	2406	1.01797	0.00195476
1948	2407	1.01797	0.00195476
1948	2408	1.01797	0.00195476
1948	2409	1.01797	0.00195476
1948	2410	1.01797	0.00195476
1948	2411	1.01797	0.00195476
1948	2412	1.01797	0.00195476
1948	2413	1.01797	0.00195476
1948	2414	1.01797	0.00195476
1948	2415	1.01797	0.00195476
1948	2416	1.01797	0.00195476
1948	2417	1.01797	0.00195476
1948	2418	1.01797	0.00195476
1948	2419	1.01797	0.00195476
1948	2420	1.01797	0.00195476
1948	2421	1.01797	0.00195476
1948	2422	1.01797	0.00195476
1948	2423	1.01797	0.00195476
1948	2424	1.01797	0.00195476
1948	2425	1.01797	0.00195476
1948	2426	1.01797	0.00195476
1948	2427	1.01797	0.00195476
1948	2428	1.01797	0.00195476
1948	2429	1.01797	0.00195476
1948	2430	1.01797	0.00195476
1948	2431	1.01797	0.00195476
1948	2432	1.01797	0.00195476
1948	2433	1.01797	0.00195476
1948	2434	1.01797	0.00195476
1948	2435	1.01797	0.00195476
1948	2436	1.01797	0.00195476
1948	2437	1.01797	0.00195476
1948	2438	1.01797	0.00195476
1948	2439	1.01797	0.00195476
1948	2440	1.01797	0.00195476
1948	2441	1.01797	0.00195476
1948	2442	1.01797	0.00195476
1948	2443	1.01797	0.00195476
1948	2444	1.01797	0.00195476
1948	2445	1.01797	0.00195476
1948	2446	1.01797	0.00195476
1948	2447	1.01797	0.00195476
1948	2448	1.01797	0.00195476
1948	2449	1.01797	0.00195476
1948	2450	1.01797	0.00195476
1948	2451	1.01797	0.00195476
1948	2452	1.01797	0.00195476
1948	2453	1.01797	0.00195476
1948	2454	1.01797	0.00195476
1948	2455	1.01797	0.00195476
1948	2456	1.01797	0.00195476
1948	2457	1.01797	0.00195476
1948	2458	1.01797	0.00195476
1948	2459	1.01797	0.00195476
1948	2460	1.01797	0.00195476
1948	2461	1.01797	0.00195476
1948	2462	1.01797	0.00195476
1948	2463	1.01797	0.00195476
1948	2464	1.01797	0.00195476
1948	2465	1.01797	0.00195476
1948	2466	1.01797	0.00195476
1948	2467	1.01797	0.00195476
1948	2468	1.01797	0.00195476
1948	2469	1.01797	0.00195476
1948	2470	1.01797	0.00195476
1948	2471	1.01797	0.00195476
1948	2472	1.01797	0.00195476
1948	2473	1.01797	0.00195476
1948	2474	1.01797	0.00195476
1948	2475	1.01797	0.00195476
1948	2476	1.01797	0.00195476
1948	2477	1.01797	0.00195476
1948	2478	1.01797	0.00195476
1948	2479	1.01797	0.00195476
1948	2480	1.01797	0.00195476
1948	2481	1.01797	0.00195476
1948	2482	1.01797	0.00195476
1948	2483	1.01797	0.00195476
1948	2484	1.01797	0.00195476
1948	2485	1.01797	0.00195476
1948	2486	1.01797	0.00195476
1948	2487	1.01797	0.00195476
1948	2488	1.01797	0.00195476
1948	2489	1.01797	0.00195476
1948	2490	1.01797	0.00195476
1948	2491	1.01797	0.00195476
1948	2492	1.01797	0.00195476
1948	2493	1.01797	0.00195476
1948	2494	1.01797	0.00195476
1948	2495	1.01797	0.00195476
1948	2496	1.01797	0.00195476
1948	2497	1.01797	0.00195476
1948	2498	1.01797	0.00195476
1948	2499	1.01797	0.00195476
1948	2500	1.01797	0.00195476
1948	2501	1.01797	0.00195476
1948	2502	1.01797	0.00195476
1948	2503	1.01797	0.00195476
1948	2504	1.01797	0.00195476
1948	2505	1.01797	0.00195476
1948	2506	1.01797	0.00195476
1948	2507	1.01797	0.00195476
1948	2508	1.01797	0.00195476
1948	2509	1.01797	0.00195476
1948	2510	1.01797	0.00195476
1948	2511	1.01797	0.00195476
1948	2512	1.01797	0.00195476
1948	2513	1.01797	0.00195476
1948	2514	1.01797	0.00195476
1948	2515	1.01797	0.00195476
1948	2516	1.01797	0.00195476
1948	2517	1.01797	0.00195476
1948	2518	1.01797	0.00195476
1948	2519	1.01797	0.00195476
1948	2520	1.01797	0.00195476
1948	2521	1.01797	0.00195476
1948	2522	1.01797	0.00195476
1948	2523	1.01797	0.00195476
1948	2524	1.01797	0.00195476
1948	2525	1.01797	0.00195476
1948	2526	1.01797	0.00195476
1948	2527	1.01797	0.00195476
1948	2528	1.01797	0.00195476
1948	2529	1.01797	0.00195476
1948	2530	1.01797	0.00195476
1948	2531	1.01797	0.00195476
1948	2532	1.01797	0.00195476
1948	2533	1.01797	0.00195476
1948	2534	1.01797	0.00195476
1948	2535	1.01797	0.00195476
1948	2536	1.01797	0.00195476
1948	2537	1.01797	0.00195476
1948	2538	1.01797	0.00195476
1948	2539	1.01797	0.00195476
1948	2540	1.01797	0.00195476
1948	2541	1.01797	0.00195476
1948	2542	1.01797	0.00195476
1948	2543	1.01797	0.00195476
1948	2544	1.01797	0.00195476
1948	2545	1.01797	0.00195476
1948	2546	1.01797	0.00195476
1948	2547	1.01797	0.00195476
1948	2548	1.01797	0.00195476
1948	2549	1.01797	0.00195476
1948	2550	1.01797	0.00195476
1948	2551	1.01797	0.00195476
1948	2552	1.01797	0.00195476
1948	2553	1.01797	0.00195476
1948	2554	1.01797	0.00195476
1948	2555	1.01797	0.00195476
1948	2556	1.01797	0.00195476
1948	2557	1.01797	0.00195476
1948	2558	1.01797	0.00195476
1948	2559	1.01797	0.00195476
1948	2560	1.01797	0.00195476
1948	2561	1.01797	0.00195476
1948	2562	1.01797	0.00195476
1948	2563	1.01797	0.00195476
1948	2564	1.01797	0.00195476
1948	2565	1.01797	0.00195476
1948	2566	1.01797	0.00195476
1948	2567	1.01797	0.00195476
1948	2568	1.01797	0.00195476
1948	2569	1.01797	0.00195476
1948	2570	1.01797	0.00195476
1948	2571	1.01797	0.00195476
1948	2572	1.01797	0.00195476
1948	2573	1.01797	0.00195476
1948	2574	1.01797	0.00195476
1948	2575	1.01797	0.00195476
1948	2576	1.01797	0.00195476
1948	2577	1.01797	0.00195476
1948	2578	1.01797	0.00195476
1948	2579	1.01797	0.00195476
1948	2580	1.01797	0.00195476
1948	2581	1.01797	0.00195476
1948	2582	1.01797	0.00195476
1948	2583	1.01797	0.00195476
1948	2584	1.01797	0.00195476
1948	2585	1.01797	0.00195476
1948	2586	1.01797	0.00195476
1948	2587	1.01797	0.00195476
1948	2588	1.01797	0.00195476
1948	2589	1.01797	0.00195476
1948	2590	1.01797	0.00195476
1948	2591	1.01797	0.00195476
1948	2592	1.01797	0.00195476
1948	2593	1.01797	0.00195476
1948	2594	1.01797	0.00195476
1948	2595	1.01797	0.00195476
1948	2596	1.01797	0.00195476
1948	2597	1.01797	0.00195476
1948	2598	1.01797	0.00195476
1948	2599	1.01797	0.00195476
1948	2600	1.01797	0.00195476
1948	2601	1.01797	0.00195476
1948	2602	1.01797	0.00195476
1948	2603	1.01797	0.00195476
1948	2604	1.01797	0.00195476
1948	2605	1.01797	0.00195476
1948	2606	1.01797	0.00195476
1948	2607	1.01797	0.00195476
1948	2608	1.01797	0.00195476
1948	2609	1.01797	0.00195476
1948	2610	1.01797	0.00195476
1948	2611	1.01797	0.00195476
1948	2612	1.01797	0.00195476
1948	2613	1.01797	0.00195476
1948	2614	1.01797	0.00195476
1948	2615	1.01797	0.00195476
1948	2616	1.01797	0.00195476
1948	2617	1.01797	0.00195476
1948	2618	1.01797	0.00195476
1948	2619	1.01797	0.00195476
1948	2620	1.01797	0.00195476
1948	2621	1.01797	0.00195476
1948	2622	1.01797	0.00195476
1948	2623	1.01797	0.00195476
1948	2624	1.01797	0.00195476
1948	2625	1.01797	0.00195476
1948	2626	1.01797	0.00195476
1948	2627	1.01797	0.00195476
1948	2628	1.01797	0.00195476
1948	2629	1.01797	0.00195476
1948	2630	1.01797	0.00195476
1948	2631	1.01797	0.00195476
1948	2632	1.01797	0.00195476
1948	2633	1.01797	0.00195476
1948	2634	1.01797	0.00195476
1948	2635	1.01797	0.00195476
1948	2636	1.01797	0.00195476
1948	2637	1.01797	0.00195476
1948	2638	1.01797	0.00195476
1948	2639	1.01797	0.00195476
1948	2640	1.01797	0.00195476
1948	2641	1.01797	0.00195476
1948	2642	1.01797	0.00195476
1948	2643	1.01797	0.00195476
1948	2644	1.01797	0.00195476
1948	2645	1.01797	0.00195476
1948	2646	1.01797	0.00195476
1948	2647	1.01797	0.00195476
1948	2648	1.01797	0.00195476
1948	2649	1.01797	0.00195476
1948	2650	1.01797	0.00195476
1948	2651	1.01797	0.00195476
1948	2652	1.01797	0.00195476
1948	2653	1.01797	0.00195476
1948	2654	1.01797	0.00195476
1948	2655	1.01797	0.00195476
1948	2656	1.01797	0.00195476
1948	2657	1.01797	0.00195476
1948	2658	1.01797	0.00195476
1948	2659	1.01797	0.00195476
1948	2660	1.01797	0.00195476
1948	2661	1.01797	0.00195476
1948	2662	1.01797	0.00195476
1948	2663	1.01797	0.00195476
1948	2664	1.01797	0.00195476
1948	2665	1.01797	0.00195476
1948	2666	1.01797	0.00195476
1948	2667	1.01797	0.00195476
1948	2668	1.01797	0.00195476
1948	2669	1.01797	0.00195476
1948	2670	1.01797	0.00195476
1948	2671	1.01797	0.00195476
1948	2672	1.01797	0.00195476
1948	2673	1.01797	0.00195476
1948	2674	1.01797	0.00195476
1948	2675	1.01797	0.00195476
1948	2676	1.01797	0.00195476
1948	2677	1.01797	0.00195476
1948	2678	1.01797	0.00195476
1948	2679	1.01797	0.00195476
1948	2680	1.01797	0.00195476
1948	2681	1.01797	0.00195476
1948	2682	1.01797	0.00195476
1948	2683	1.01797	0.00195476
1948	2684	1.01797	0.00195476
1948	2685	1.01797	0.00195476
1948	2686	1.01797	0.00195476
1948	2687	1.01797	0.00195476
1948	2688	1.01797	0.00195476
1948	2689	1.01797	0.00195476
1948	2690	1.01797	0.00195476
1948	2691	1.01797	0.00195476
1948	2692	1.01797	0.00195476
1948	2693	1.01797	0.00195476
1948	2694	1.01797	0.00195476
1948	2695	1.01797	0.00195476
1948	2696	1.01797	0.00195476
1948	2697	1.01797	0.00195476
1948	2698	1.01797	0.00195476
1948	2699	1.01797	0.00195476
1948	2700	1.01797	0.00195476
1948	2701	1.01797	0.00195476
1948	2702	1.01797	0.00195476
1948	2703	1.01797	0.00195476
1948	2704	1.01797	0.00195476
1948	2705	1.01797	0.00195476
1948	2706	1.01797	0.00195476
1948	2707	1.01797	0.00195476
1948	2708	1.01797	0.00195476
1948	2709	1.01797	0.00195476
1948	2710	1.01797	0.00195476
1948	2711	1.01797	0.00195476
1948	2712	1.01797	0.00195476
1948	2713	1.01797	0.00195476
1948	2714	1.01797	0.00195476
1948	2715	1.01797	0.00195476
1948	2716	1.01797	0.00195476
1948	2717	1.01797	0.00195476
1948	2718	1.01797	0.00195476
1948	2719	1.01797	0.00195476
1948	2720	1.01797	0.00195476
1948	2721	1.01797	0.00195476
1948	2722	1.01797	0.00195476
1948	2723	1.01797	0.00195476
1948	2724	1.01797	0.00195476
1948	2725	1.01797	0.00195476
1948	2726	1.01797	0.00195476
1948	2727	1.01797	0.00195476
1948	2728	1.01797	0.00195476
1948	2729	1.01797	0.00195476
1948	2730	1.01797	0.00195476
1948	2731	1.01797	0.00195476
1948	2732	1.01797	0.00195476
1948	2733	1.01797	0.00195476
1948	2734	1.01797	0.00195476
1948	2735	1.01797	0.00195476
1948	2736	1.01797	0.00195476
1948	2737	1.01797	0.00195476
1948	2738	1.01797	0.00195476
1948	2739	1.01797	0.00195476
1948	2740	1.01797	0.00195476
1948	2741	1.01797	0.00195476
1948	2742	1.01797	0.00195476
1948	2743	1.01797	0.00195476
1948	2744	1.01797	0.00195476
1948	2745	1.01797	0.00195476
1948	2746	1.01797	0.00195476
1948	2747	1.01797	0.00195476
1948	2748	1.01797	0.00195476
1948	2749	1.01797	0.00195476
1948	2750	1.01797	0.00195476
1948	2751	1.01797	0.00195476
1948	2752	1.01797	0.00195476
1948	2753	1.01797	0.00195476
1948	2754	1.01797	0.00195476
1948	2755	1.01797	0.00195476
1948	2756	1.01797	0.00195476
1948	2757	1.01797	0.00195476
1948	2758	1.01797	0.00195476
1948	2759	1.01797	0.00195476
1948	2760	1.01797	0.00195476
1948	2761	1.01797	0.00195476
1948	2762	1.01797	0.00195476
1948	2763	1.01797	0.00195476
1948	2764	1.01797	0.00195476
1948	2765	1.01797	0.00195476
1948	2766	1.01797	0.00195476
1948	2767	1.01797	0.00195476
1948	2768	1.01797	0.00195476
1948	2769	1.01797	0.00195476
1948	2770	1.01797	0.00195476
1948	2771	1.01797	0.00195476
1948	2772	1.01797	0.00195476
1948	2773	1.01797	0.00195476
1948	2774	1.01797	0.00195476
1948	2775	1.01797	0.00195476
1948	2776	1.01797	0.00195476
1948	2777	1.01797	0.00195476
1948	2778	1.01797	0.00195476
1948	2779	1.01797	0.00195476
1948	2780	1.01797	0.00195476
1948	2781	1.01797	0.00195476
1948	2782	1.01797	0.00195476
1948	2783	1.01797	0.00195476
1948	2784	1.01797	0.00195476
1948	2785	1.01797	0.00195476
1948	2786	1.01797	0.00195476
1948	2787	1.01797	0.00195476
1948	2788	1.01797	0.00195476
1948	2789	1.01797	0.00195476
1948	2790	1.01797	0.00195476
1948	2791	1.01797	0.00195476
1948	2792	1.01797	0.00195476
1948	2793	1.01797	0.00195476
1948	2794	1.01797	0.00195476
1948	2795	1.01797	0.00195476
1948	2796	1.01797	0.00195476
1948	2797	1.01797	0.00195476
1948	2798	1.01797	0.00195476
1948	2799	1.01797	0.00195476
1948	2800	1.01797	0.00195476
1948	2801	1.01797	0.00195476
1948	2802	1.01797	0.00195476
1948	2803	1.01797	0.00195476
1948	2804	1.01797	0.00195476
1948	2805	1.01797	0.00195476
1948	2806	1.01797	0.00195476
1948	2807	1.01797	0.00195476
1948	2808	1.01797	0.00195476
1948	2809	1.01797	0.00195476
1948	2810	1.01797	0.00195476
1948	2811	1.01797	0.00195476
1948	2812	1.01797	0.00195476
1948	2813	1.01797	0.00195476
1948	2814	1.01797	0.00195476
1948	2815	1.01797	0.00195476
1948	2816	1.01797	0.00195476
1948	2817	1.01797	0.00195476
1948	2818	1.01797	0.00195476
1948	2819	1.01797	0.00195476
1948	2820	1.01797	0.00195476
1948	2821	1.01797	0.00195476
1948	2822	1.01797	0.00195476
1948	2823	1.01797	0.00195476
1948	2824	1.01797	0.00195476
1948	2825	1.01797	0.00195476
1948	2826	1.01797	0.00195476
1948	2827	1.01797	0.00195476
1948	2828	1.01797	0.00195476
1948	2829	1.01797	0.00195476
1948	2830	1.01797	0.00195476
1948	2831	1.01797	0.00195476
1948	2832	1.01797	0.00195476
1948	2833	1.01797	0.00195476
1948	2834	1.01797	0.00195476
1948	2835	1.01797	0.00195476
1948	2836	1.01797	0.00195476
1948	2837	1.01797	0.00195476
1948	2838	1.01797	0.00195476
1948	2839	1.01797	0.00195476
1948	2840	1.01797	0.00195476
1948	2841	1.01797	0.00195476
1948	2842	1.01797	0.00195476
1948	2843	1.01797	0.00195476
1948	2844	1.01797	0.00195476
1948	2845	1.01797	0.00195476
1948	2846	1.01797	0.00195476
1948	2847	1.01797	0.00195476
1948	2848	1.01797	0.00195476
1948	2849	1.01797	0.00195476
1948	2850	1.01797	0.00195476
1948	2851	1.01797	0.00195476
1948	2852	1.01797	0.00195476
1948	2853	1.01797	0.00195476
1948	2854	1.01797	0.00195476
1948	2855	1.01797	0.00195476
1948	2856	1.01797	0.00195476
1948	2857	1.01797	0.00195476
1948	2858	1.01797	0.00195476
1948	2859	1.01797	0.00195476
1948	2860	1.01797	0.00195476
1948	2861	1.01797	0.00195476
1948	2862	1.01797	0.00195476
1948	2863	1.01797	0.00195476
1948	2864	1.01797	0.00195476
1948	2865	1.01797	0.00195476
1948	2866	1.01797	0.00195476
1948	2867	1.01797	0.00195476
1948	2868	1.01797	0.00195476
1948	2869	1.01797	0.00195476
1948	2870	1.01797	0.00195476
1948	2871	1.01797	0.00195476
1948	2872	1.01797	0.00195476
1948	2873	1.01797	0.00195476
1948	2874	1.01797	0.00195476
1948	2875	1.01797	0.00195476
1948	2876	1.01797	0.00195476
1948	2877	1.01797	0.00195476
1948	2878	1.01797	0.00195476
1948	2879	1.01797	0.00195476
1948	2880	1.01797	0.00195476
1948	2881	1.01797	0.00195476
1948	2882	1.01797	0.00195476
1948	2883	1.01797	0.00195476
1948	2884	1.01797	0.00195476
1948	2885	1.01797	0.00195476
1948	2886	1.01797	0.00195476
1948	2887	1.01797	0.00195476
1948	2888	1.01797	0.00195476
1948	2889	1.01797	0.00195476
1948	2890	1.01797	0.00195476
1948	2891	1.01797	0.00195476
1948	2892	1.01797	0.00195476
1948	2893	1.01797	0.00195476
1948	2894	1.01797	0.00195476
1948	2895	1.01797	0.00195476
1948	2896	1.01797	0.00195476
1948	2897	1.01797	0.00195476
1948	2898	1.01797	0.00195476
1948	2899	1.01797	0.00195476
1948	2900	1.01797	0.00195476
1948	2901	1.01797	0.00195476
1948	2902	1.01797	0.00195476
1948	2903	1.01797	0.00195476
1948	2904	1.01797	0.00195476
1948	2905	1.01797	0.00195476
1948	2906	1.01797	0.00195476
1948	2907	1.01797	0.00195476
1948	2908	1.01797	0.00195476
1948	2909	1.01797	0.00195476
1948	2910	1.01797	0.00195476
1948	2911	1.01797	0.00195476
1948	2912	1.01797	0.00195476
1948	2913	1.01797	0.00195476
1948	2914	1.01797	0.00195476
1948	2915	1.01797	0.00195476
1948	2916	1.01797	0.00195476
1948	2917	1.01797	0.00195476
1948	2918	1.01797	0.00195476
1948	2919	1.01797	0.00195476
1948	2920	1.01797	0.00195476
1948	2921	1.01797	0.00195476
1948	2922	1.01797	0.00195476
1948	2923	1.01797	0.00195476
1948	2924	1.01797	0.00195476
1948	2925	1.01797	0.00195476
1948	2926	1.01797	0.00195476
1948	2927	1.01797	0.00195476
1948	2928	1.01797	0.00195476
1948	2929	1.01797	0.00195476
1948	2930	1.01797	0.00195476
1948	2931	1.01797	0.00195476
1948	2932	1.01797	0.00195476
1948	2933	1.01797	0.00195476
1948	2934	1.01797	0.00195476
1948	2935	1.01797	0.00195476
1948	2936	1.01797	0.00195476
1948	2937	1.01797	0.00195476
1948	2938	1.01797	0.00195476
1948	2939	1.01797	0.00195476
1948	2940	1.01797	0.00195476
1948	2941	1.01797	0.00195476
1948	2942	1.01797	0.00195476
1948	2943	1.01797	0.00195476
1948	2944	1.01797	0.00195476
1948	2945	1.01797	0.00195476
1948	2946	1.01797	0.00195476
1948	2947	1.01797	0.00195476
1948	2948	1.01797	0.00195476
1948	2949	1.01797	0.00195476
1948	2950	1.01797	0.00195476
1948	2951	1.01797	0.00195476
1948	2952	1.01797	0.00195476
1948	2953	1.01797	0.00195476
1948	2954	1.01797	0.00195476
1948	2955	1.01797	0.00195476
1948	2956	1.01797	0.00195476
1948	2957	1.01797	0.00195476
1948	2958	1.01797	0.00195476
1948	2959	1.01797	0.00195476
1948	2960	1.01797	0.00195476
1948	2961	1.01797	0.00195476
1948	2962	1.01797	0.00195476
1948	2963	1.01797	0.00195476
1948	2964	1.01797	0.00195476
1948	2965	1.01797	0.00195476
1948	2966	1.01797	0.00195476
1948	2967	1.01797	0.00195476
1948	2968	1.01797	0.00195476
1948	2969	1.01797	0.00195476
1948	2970	1.01797	0.00195476
1948	2971	1.01797	0.00195476
1948	2972	1.01797	0.00195476
1948	2973	1.01797	0.00195476
1948	2974	1.01797	0.00195476
1948	2975	1.01797	0.00195476
1948	2976	1.01797	0.00195476
1948	2977	1.01797	0.00195476
1948	2978	1.01797	0.00195476
1948	2979	1.01797	0.00195476
1948	2980	1.01797	0.00195476
1948	2981	1.01797	0.00195476
1948	2982	1.01797	0.00195476
1948	2983	1.01797	0.00195476
1948	2984	1.01797	0.00195476
1948	2985	1.01797	0.00195476
1948	2986	1.01797	0.00195476
1948	2987	1.01797	0.00195476
1948	2988	1.01797	0.00195476
1948	2989	1.01797	0.00195476
1948	2990	1.01797	0.00195476
1948	2991	1.01797	0.00195476
1948	2992	1.01797	0.00195476
1948	2993	1.01797	0.00195476
1948	2994	1.01797	0.00195476
1948	2995	1.01797	0.00195476
1948	2996	1.01797	0.00195476
1948	2997	1.01797	0.00195476
1948	2998	1.01797	0.00195476
1948	2999	1.01797	0.00195476
1948	3000	1.01797	0.00195476
1948	3001	1.01797	0.00195476
1948	3002	1.01797	0.00195476
