1785	0	1.0084	0.00191007
1785	1	1.0084	0.00191007
1785	2	1.0084	0.00191007
1785	3	1.0084	0.00191007
1785	4	1.0084	0.00191007
1785	5	1.0084	0.00191007
1785	6	1.0084	0.00191007
1785	7	1.0084	0.00191007
1785	8	1.0084	0.00191007
1785	9	1.0084	0.00191007
1785	10	1.0084	0.00191007
1785	11	1.0084	0.00191007
1785	12	1.0084	0.00191007
1785	13	1.0084	0.00191007
1785	14	1.0084	0.00191007
1785	15	1.0084	0.00191007
1785	16	1.0084	0.00191007
1785	17	1.0084	0.00191007
1785	18	1.0084	0.00191007
1785	19	1.0084	0.00191007
1785	20	1.0084	0.00191007
1785	21	1.0084	0.00191007
1785	22	1.0084	0.00191007
1785	23	1.0084	0.00191007
1785	24	1.0084	0.00191007
1785	25	1.0084	0.00191007
1785	26	1.0084	0.00191007
1785	27	1.0084	0.00191007
1785	28	1.0084	0.00191007
1785	29	1.0084	0.00191007
1785	30	1.0084	0.00191007
1785	31	1.0084	0.00191007
1785	32	1.0084	0.00191007
1785	33	1.0084	0.00191007
1785	34	1.0084	0.00191007
1785	35	1.0084	0.00191007
1785	36	1.0084	0.00191007
1785	37	1.0084	0.00191007
1785	38	1.0084	0.00191007
1785	39	1.0084	0.00191007
1785	40	1.0084	0.00191007
1785	41	1.0084	0.00191007
1785	42	1.0084	0.00191007
1785	43	1.0084	0.00191007
1785	44	1.0084	0.00191007
1785	45	1.0084	0.00191007
1785	46	1.0084	0.00191007
1785	47	1.0084	0.00191007
1785	48	1.0084	0.00191007
1785	49	1.0084	0.00191007
1785	50	1.0084	0.00191007
1785	51	1.0084	0.00191007
1785	52	1.0084	0.00191007
1785	53	1.0084	0.00191007
1785	54	1.0084	0.00191007
1785	55	1.0084	0.00191007
1785	56	1.0084	0.00191007
1785	57	1.0084	0.00191007
1785	58	1.0084	0.00191007
1785	59	1.0084	0.00191007
1785	60	1.0084	0.00191007
1785	61	1.0084	0.00191007
1785	62	1.0084	0.00191007
1785	63	1.0084	0.00191007
1785	64	1.0084	0.00191007
1785	65	1.0084	0.00191007
1785	66	1.0084	0.00191007
1785	67	1.0084	0.00191007
1785	68	1.0084	0.00191007
1785	69	1.0084	0.00191007
1785	70	1.0084	0.00191007
1785	71	1.0084	0.00191007
1785	72	1.0084	0.00191007
1785	73	1.0084	0.00191007
1785	74	1.0084	0.00191007
1785	75	1.0084	0.00191007
1785	76	1.0084	0.00191007
1785	77	1.0084	0.00191007
1785	78	1.0084	0.00191007
1785	79	1.0084	0.00191007
1785	80	1.0084	0.00191007
1785	81	1.0084	0.00191007
1785	82	1.0084	0.00191007
1785	83	1.0084	0.00191007
1785	84	1.0084	0.00191007
1785	85	1.0084	0.00191007
1785	86	1.0084	0.00191007
1785	87	1.0084	0.00191007
1785	88	1.0084	0.00191007
1785	89	1.0084	0.00191007
1785	90	1.0084	0.00191007
1785	91	1.0084	0.00191007
1785	92	1.0084	0.00191007
1785	93	1.0084	0.00191007
1785	94	1.0084	0.00191007
1785	95	1.0084	0.00191007
1785	96	1.0084	0.00191007
1785	97	1.0084	0.00191007
1785	98	1.0084	0.00191007
1785	99	1.0084	0.00191007
1785	100	1.0084	0.00191007
1785	101	1.0084	0.00191007
1785	102	1.0084	0.00191007
1785	103	1.0084	0.00191007
1785	104	1.0084	0.00191007
1785	105	1.0084	0.00191007
1785	106	1.0084	0.00191007
1785	107	1.0084	0.00191007
1785	108	1.0084	0.00191007
1785	109	1.0084	0.00191007
1785	110	1.0084	0.00191007
1785	111	1.0084	0.00191007
1785	112	1.0084	0.00191007
1785	113	1.0084	0.00191007
1785	114	1.0084	0.00191007
1785	115	1.0084	0.00191007
1785	116	1.0084	0.00191007
1785	117	1.0084	0.00191007
1785	118	1.0084	0.00191007
1785	119	1.0084	0.00191007
1785	120	1.0084	0.00191007
1785	121	1.0084	0.00191007
1785	122	1.0084	0.00191007
1785	123	1.0084	0.00191007
1785	124	1.0084	0.00191007
1785	125	1.0084	0.00191007
1785	126	1.0084	0.00191007
1785	127	1.0084	0.00191007
1785	128	1.0084	0.00191007
1785	129	1.0084	0.00191007
1785	130	1.0084	0.00191007
1785	131	1.0084	0.00191007
1785	132	1.0084	0.00191007
1785	133	1.0084	0.00191007
1785	134	1.0084	0.00191007
1785	135	1.0084	0.00191007
1785	136	1.0084	0.00191007
1785	137	1.0084	0.00191007
1785	138	1.0084	0.00191007
1785	139	1.0084	0.00191007
1785	140	1.0084	0.00191007
1785	141	1.0084	0.00191007
1785	142	1.0084	0.00191007
1785	143	1.0084	0.00191007
1785	144	1.0084	0.00191007
1785	145	1.0084	0.00191007
1785	146	1.0084	0.00191007
1785	147	1.0084	0.00191007
1785	148	1.0084	0.00191007
1785	149	1.0084	0.00191007
1785	150	1.0084	0.00191007
1785	151	1.0084	0.00191007
1785	152	1.0084	0.00191007
1785	153	1.0084	0.00191007
1785	154	1.0084	0.00191007
1785	155	1.0084	0.00191007
1785	156	1.0084	0.00191007
1785	157	1.0084	0.00191007
1785	158	1.0084	0.00191007
1785	159	1.0084	0.00191007
1785	160	1.0084	0.00191007
1785	161	1.0084	0.00191007
1785	162	1.0084	0.00191007
1785	163	1.0084	0.00191007
1785	164	1.0084	0.00191007
1785	165	1.0084	0.00191007
1785	166	1.0084	0.00191007
1785	167	1.0084	0.00191007
1785	168	1.0084	0.00191007
1785	169	1.0084	0.00191007
1785	170	1.0084	0.00191007
1785	171	1.0084	0.00191007
1785	172	1.0084	0.00191007
1785	173	1.0084	0.00191007
1785	174	1.0084	0.00191007
1785	175	1.0084	0.00191007
1785	176	1.0084	0.00191007
1785	177	1.0084	0.00191007
1785	178	1.0084	0.00191007
1785	179	1.0084	0.00191007
1785	180	1.0084	0.00191007
1785	181	1.0084	0.00191007
1785	182	1.0084	0.00191007
1785	183	1.0084	0.00191007
1785	184	1.0084	0.00191007
1785	185	1.0084	0.00191007
1785	186	1.0084	0.00191007
1785	187	1.0084	0.00191007
1785	188	1.0084	0.00191007
1785	189	1.0084	0.00191007
1785	190	1.0084	0.00191007
1785	191	1.0084	0.00191007
1785	192	1.0084	0.00191007
1785	193	1.0084	0.00191007
1785	194	1.0084	0.00191007
1785	195	1.0084	0.00191007
1785	196	1.0084	0.00191007
1785	197	1.0084	0.00191007
1785	198	1.0084	0.00191007
1785	199	1.0084	0.00191007
1785	200	1.0084	0.00191007
1785	201	1.0084	0.00191007
1785	202	1.0084	0.00191007
1785	203	1.0084	0.00191007
1785	204	1.0084	0.00191007
1785	205	1.0084	0.00191007
1785	206	1.0084	0.00191007
1785	207	1.0084	0.00191007
1785	208	1.0084	0.00191007
1785	209	1.0084	0.00191007
1785	210	1.0084	0.00191007
1785	211	1.0084	0.00191007
1785	212	1.0084	0.00191007
1785	213	1.0084	0.00191007
1785	214	1.0084	0.00191007
1785	215	1.0084	0.00191007
1785	216	1.0084	0.00191007
1785	217	1.0084	0.00191007
1785	218	1.0084	0.00191007
1785	219	1.0084	0.00191007
1785	220	1.0084	0.00191007
1785	221	1.0084	0.00191007
1785	222	1.0084	0.00191007
1785	223	1.0084	0.00191007
1785	224	1.0084	0.00191007
1785	225	1.0084	0.00191007
1785	226	1.0084	0.00191007
1785	227	1.0084	0.00191007
1785	228	1.0084	0.00191007
1785	229	1.0084	0.00191007
1785	230	1.0084	0.00191007
1785	231	1.0084	0.00191007
1785	232	1.0084	0.00191007
1785	233	1.0084	0.00191007
1785	234	1.0084	0.00191007
1785	235	1.0084	0.00191007
1785	236	1.0084	0.00191007
1785	237	1.0084	0.00191007
1785	238	1.0084	0.00191007
1785	239	1.0084	0.00191007
1785	240	1.0084	0.00191007
1785	241	1.0084	0.00191007
1785	242	1.0084	0.00191007
1785	243	1.0084	0.00191007
1785	244	1.0084	0.00191007
1785	245	1.0084	0.00191007
1785	246	1.0084	0.00191007
1785	247	1.0084	0.00191007
1785	248	1.0084	0.00191007
1785	249	1.0084	0.00191007
1785	250	1.0084	0.00191007
1785	251	1.0084	0.00191007
1785	252	1.0084	0.00191007
1785	253	1.0084	0.00191007
1785	254	1.0084	0.00191007
1785	255	1.0084	0.00191007
1785	256	1.0084	0.00191007
1785	257	1.0084	0.00191007
1785	258	1.0084	0.00191007
1785	259	1.0084	0.00191007
1785	260	1.0084	0.00191007
1785	261	1.0084	0.00191007
1785	262	1.0084	0.00191007
1785	263	1.0084	0.00191007
1785	264	1.0084	0.00191007
1785	265	1.0084	0.00191007
1785	266	1.0084	0.00191007
1785	267	1.0084	0.00191007
1785	268	1.0084	0.00191007
1785	269	1.0084	0.00191007
1785	270	1.0084	0.00191007
1785	271	1.0084	0.00191007
1785	272	1.0084	0.00191007
1785	273	1.0084	0.00191007
1785	274	1.0084	0.00191007
1785	275	1.0084	0.00191007
1785	276	1.0084	0.00191007
1785	277	1.0084	0.00191007
1785	278	1.0084	0.00191007
1785	279	1.0084	0.00191007
1785	280	1.0084	0.00191007
1785	281	1.0084	0.00191007
1785	282	1.0084	0.00191007
1785	283	1.0084	0.00191007
1785	284	1.0084	0.00191007
1785	285	1.0084	0.00191007
1785	286	1.0084	0.00191007
1785	287	1.0084	0.00191007
1785	288	1.0084	0.00191007
1785	289	1.0084	0.00191007
1785	290	1.0084	0.00191007
1785	291	1.0084	0.00191007
1785	292	1.0084	0.00191007
1785	293	1.0084	0.00191007
1785	294	1.0084	0.00191007
1785	295	1.0084	0.00191007
1785	296	1.0084	0.00191007
1785	297	1.0084	0.00191007
1785	298	1.0084	0.00191007
1785	299	1.0084	0.00191007
1785	300	1.0084	0.00191007
1785	301	1.0084	0.00191007
1785	302	1.0084	0.00191007
1785	303	1.0084	0.00191007
1785	304	1.00852	0.00192439
1785	305	1.00852	0.00192439
1785	306	1.00852	0.00192439
1785	307	1.00852	0.00192439
1785	308	1.00852	0.00192439
1785	309	1.00852	0.00192439
1785	310	1.00852	0.00192439
1785	311	1.00852	0.00192439
1785	312	1.00852	0.00192439
1785	313	1.00852	0.00192439
1785	314	1.00852	0.00192439
1785	315	1.00852	0.00192439
1785	316	1.00852	0.00192439
1785	317	1.00852	0.00192439
1785	318	1.00852	0.00192439
1785	319	1.00852	0.00192439
1785	320	1.00852	0.00192439
1785	321	1.00852	0.00192439
1785	322	1.00852	0.00192439
1785	323	1.00852	0.00192439
1785	324	1.00852	0.00192439
1785	325	1.00852	0.00192439
1785	326	1.00852	0.00192439
1785	327	1.00852	0.00192439
1785	328	1.00852	0.00192439
1785	329	1.00852	0.00192439
1785	330	1.00852	0.00192439
1785	331	1.00852	0.00192439
1785	332	1.00852	0.00192439
1785	333	1.00852	0.00192439
1785	334	1.00852	0.00192439
1785	335	1.00852	0.00192439
1785	336	1.00852	0.00192439
1785	337	1.00852	0.00192439
1785	338	1.00852	0.00192439
1785	339	1.00852	0.00192439
1785	340	1.00852	0.00192439
1785	341	1.00852	0.00192439
1785	342	1.00852	0.00192439
1785	343	1.00852	0.00192439
1785	344	1.00852	0.00192439
1785	345	1.00852	0.00192439
1785	346	1.00852	0.00192439
1785	347	1.00852	0.00192439
1785	348	1.00852	0.00192439
1785	349	1.00852	0.00192439
1785	350	1.00852	0.00192439
1785	351	1.00852	0.00192439
1785	352	1.00852	0.00192439
1785	353	1.00852	0.00192439
1785	354	1.00852	0.00192439
1785	355	1.00852	0.00192439
1785	356	1.00852	0.00192439
1785	357	1.00852	0.00192439
1785	358	1.00852	0.00192439
1785	359	1.00852	0.00192439
1785	360	1.00852	0.00192439
1785	361	1.00852	0.00192439
1785	362	1.00852	0.00192439
1785	363	1.00852	0.00192439
1785	364	1.00852	0.00192439
1785	365	1.00852	0.00192439
1785	366	1.00852	0.00192439
1785	367	1.00852	0.00192439
1785	368	1.00852	0.00192439
1785	369	1.00852	0.00192439
1785	370	1.00852	0.00192439
1785	371	1.00852	0.00192439
1785	372	1.00852	0.00192439
1785	373	1.00852	0.00192439
1785	374	1.00852	0.00192439
1785	375	1.00852	0.00192439
1785	376	1.00852	0.00192439
1785	377	1.00852	0.00192439
1785	378	1.00852	0.00192439
1785	379	1.00852	0.00192439
1785	380	1.00852	0.00192439
1785	381	1.00852	0.00192439
1785	382	1.00852	0.00192439
1785	383	1.00852	0.00192439
1785	384	1.00852	0.00192439
1785	385	1.00852	0.00192439
1785	386	1.00852	0.00192439
1785	387	1.00852	0.00192439
1785	388	1.00852	0.00192439
1785	389	1.00852	0.00192439
1785	390	1.00852	0.00192439
1785	391	1.00852	0.00192439
1785	392	1.00852	0.00192439
1785	393	1.00852	0.00192439
1785	394	1.00852	0.00192439
1785	395	1.00852	0.00192439
1785	396	1.00852	0.00192439
1785	397	1.00852	0.00192439
1785	398	1.00852	0.00192439
1785	399	1.00852	0.00192439
1785	400	1.00852	0.00192439
1785	401	1.00852	0.00192439
1785	402	1.00852	0.00192439
1785	403	1.00852	0.00192439
1785	404	1.00852	0.00192439
1785	405	1.00852	0.00192439
1785	406	1.00852	0.00192439
1785	407	1.00852	0.00192439
1785	408	1.00852	0.00192439
1785	409	1.00852	0.00192439
1785	410	1.00852	0.00192439
1785	411	1.00852	0.00192439
1785	412	1.00852	0.00192439
1785	413	1.00852	0.00192439
1785	414	1.00852	0.00192439
1785	415	1.00852	0.00192439
1785	416	1.00852	0.00192439
1785	417	1.00852	0.00192439
1785	418	1.00852	0.00192439
1785	419	1.00852	0.00192439
1785	420	1.00852	0.00192439
1785	421	1.00852	0.00192439
1785	422	1.00852	0.00192439
1785	423	1.00852	0.00192439
1785	424	1.00852	0.00192439
1785	425	1.00852	0.00192439
1785	426	1.00852	0.00192439
1785	427	1.00852	0.00192439
1785	428	1.00852	0.00192439
1785	429	1.00852	0.00192439
1785	430	1.00852	0.00192439
1785	431	1.00852	0.00192439
1785	432	1.00852	0.00192439
1785	433	1.00852	0.00192439
1785	434	1.00852	0.00192439
1785	435	1.00852	0.00192439
1785	436	1.00852	0.00192439
1785	437	1.00852	0.00192439
1785	438	1.00852	0.00192439
1785	439	1.00852	0.00192439
1785	440	1.00852	0.00192439
1785	441	1.00852	0.00192439
1785	442	1.00852	0.00192439
1785	443	1.00852	0.00192439
1785	444	1.00852	0.00192439
1785	445	1.00852	0.00192439
1785	446	1.00852	0.00192439
1785	447	1.00852	0.00192439
1785	448	1.00852	0.00192439
1785	449	1.00852	0.00192439
1785	450	1.00852	0.00192439
1785	451	1.00852	0.00192439
1785	452	1.00852	0.00192439
1785	453	1.00852	0.00192439
1785	454	1.00852	0.00192439
1785	455	1.00852	0.00192439
1785	456	1.00852	0.00192439
1785	457	1.00852	0.00192439
1785	458	1.00852	0.00192439
1785	459	1.00852	0.00192439
1785	460	1.00852	0.00192439
1785	461	1.00852	0.00192439
1785	462	1.00852	0.00192439
1785	463	1.00852	0.00192439
1785	464	1.00852	0.00192439
1785	465	1.00852	0.00192439
1785	466	1.00852	0.00192439
1785	467	1.00852	0.00192439
1785	468	1.00852	0.00192439
1785	469	1.00852	0.00192439
1785	470	1.00852	0.00192439
1785	471	1.00852	0.00192439
1785	472	1.00852	0.00192439
1785	473	1.00852	0.00192439
1785	474	1.00852	0.00192439
1785	475	1.00852	0.00192439
1785	476	1.00852	0.00192439
1785	477	1.00852	0.00192439
1785	478	1.00852	0.00192439
1785	479	1.00852	0.00192439
1785	480	1.00852	0.00192439
1785	481	1.00852	0.00192439
1785	482	1.00852	0.00192439
1785	483	1.00852	0.00192439
1785	484	1.00852	0.00192439
1785	485	1.00852	0.00192439
1785	486	1.00852	0.00192439
1785	487	1.00852	0.00192439
1785	488	1.00852	0.00192439
1785	489	1.00852	0.00192439
1785	490	1.00852	0.00192439
1785	491	1.00852	0.00192439
1785	492	1.00852	0.00192439
1785	493	1.00852	0.00192439
1785	494	1.00852	0.00192439
1785	495	1.00852	0.00192439
1785	496	1.00852	0.00192439
1785	497	1.00852	0.00192439
1785	498	1.00852	0.00192439
1785	499	1.00852	0.00192439
1785	500	1.00852	0.00192439
1785	501	1.00852	0.00192439
1785	502	1.00852	0.00192439
1785	503	1.00852	0.00192439
1785	504	1.00852	0.00192439
1785	505	1.00852	0.00192439
1785	506	1.00852	0.00192439
1785	507	1.00852	0.00192439
1785	508	1.00852	0.00192439
1785	509	1.00852	0.00192439
1785	510	1.00852	0.00192439
1785	511	1.00852	0.00192439
1785	512	1.00852	0.00192439
1785	513	1.00852	0.00192439
1785	514	1.00852	0.00192439
1785	515	1.00852	0.00192439
1785	516	1.00852	0.00192439
1785	517	1.00852	0.00192439
1785	518	1.00852	0.00192439
1785	519	1.00852	0.00192439
1785	520	1.00852	0.00192439
1785	521	1.00852	0.00192439
1785	522	1.00852	0.00192439
1785	523	1.00852	0.00192439
1785	524	1.00852	0.00192439
1785	525	1.00852	0.00192439
1785	526	1.00852	0.00192439
1785	527	1.00852	0.00192439
1785	528	1.00852	0.00192439
1785	529	1.00852	0.00192439
1785	530	1.00852	0.00192439
1785	531	1.00852	0.00192439
1785	532	1.00852	0.00192439
1785	533	1.00852	0.00192439
1785	534	1.00852	0.00192439
1785	535	1.00852	0.00192439
1785	536	1.00852	0.00192439
1785	537	1.00852	0.00192439
1785	538	1.00852	0.00192439
1785	539	1.00852	0.00192439
1785	540	1.00852	0.00192439
1785	541	1.00852	0.00192439
1785	542	1.00852	0.00192439
1785	543	1.00852	0.00192439
1785	544	1.00852	0.00192439
1785	545	1.00852	0.00192439
1785	546	1.00852	0.00192439
1785	547	1.00852	0.00192439
1785	548	1.00852	0.00192439
1785	549	1.00852	0.00192439
1785	550	1.00852	0.00192439
1785	551	1.00852	0.00192439
1785	552	1.00852	0.00192439
1785	553	1.00852	0.00192439
1785	554	1.00852	0.00192439
1785	555	1.00852	0.00192439
1785	556	1.00852	0.00192439
1785	557	1.00852	0.00192439
1785	558	1.00852	0.00192439
1785	559	1.00852	0.00192439
1785	560	1.00852	0.00192439
1785	561	1.00852	0.00192439
1785	562	1.00852	0.00192439
1785	563	1.00852	0.00192439
1785	564	1.00852	0.00192439
1785	565	1.00852	0.00192439
1785	566	1.00852	0.00192439
1785	567	1.00852	0.00192439
1785	568	1.00852	0.00192439
1785	569	1.00852	0.00192439
1785	570	1.00852	0.00192439
1785	571	1.00852	0.00192439
1785	572	1.00852	0.00192439
1785	573	1.00852	0.00192439
1785	574	1.00852	0.00192439
1785	575	1.00852	0.00192439
1785	576	1.00852	0.00192439
1785	577	1.00852	0.00192439
1785	578	1.00852	0.00192439
1785	579	1.00852	0.00192439
1785	580	1.00852	0.00192439
1785	581	1.00852	0.00192439
1785	582	1.00852	0.00192439
1785	583	1.00852	0.00192439
1785	584	1.00852	0.00192439
1785	585	1.00852	0.00192439
1785	586	1.00852	0.00192439
1785	587	1.00852	0.00192439
1785	588	1.00852	0.00192439
1785	589	1.00852	0.00192439
1785	590	1.00852	0.00192439
1785	591	1.00852	0.00192439
1785	592	1.00852	0.00192439
1785	593	1.00852	0.00192439
1785	594	1.00852	0.00192439
1785	595	1.00852	0.00192439
1785	596	1.00852	0.00192439
1785	597	1.00852	0.00192439
1785	598	1.00852	0.00192439
1785	599	1.00852	0.00192439
1785	600	1.00852	0.00192439
1785	601	1.00852	0.00192439
1785	602	1.00852	0.00192439
1785	603	1.00852	0.00192439
1785	604	1.00852	0.00192439
1785	605	1.00852	0.00192439
1785	606	1.00852	0.00192439
1785	607	1.00852	0.00192439
1785	608	1.00852	0.00192439
1785	609	1.00852	0.00192439
1785	610	1.00852	0.00192439
1785	611	1.00852	0.00192439
1785	612	1.00852	0.00192439
1785	613	1.00852	0.00192439
1785	614	1.00852	0.00192439
1785	615	1.00852	0.00192439
1785	616	1.00852	0.00192439
1785	617	1.00852	0.00192439
1785	618	1.00852	0.00192439
1785	619	1.00852	0.00192439
1785	620	1.00852	0.00192439
1785	621	1.00852	0.00192439
1785	622	1.00852	0.00192439
1785	623	1.00852	0.00192439
1785	624	1.00852	0.00192439
1785	625	1.00852	0.00192439
1785	626	1.00852	0.00192439
1785	627	1.00852	0.00192439
1785	628	1.00852	0.00192439
1785	629	1.00852	0.00192439
1785	630	1.00852	0.00192439
1785	631	1.00852	0.00192439
1785	632	1.00852	0.00192439
1785	633	1.00852	0.00192439
1785	634	1.00852	0.00192439
1785	635	1.00852	0.00192439
1785	636	1.00852	0.00192439
1785	637	1.00852	0.00192439
1785	638	1.00852	0.00192439
1785	639	1.00852	0.00192439
1785	640	1.00852	0.00192439
1785	641	1.00852	0.00192439
1785	642	1.00852	0.00192439
1785	643	1.00852	0.00192439
1785	644	1.00852	0.00192439
1785	645	1.00852	0.00192439
1785	646	1.00852	0.00192439
1785	647	1.00852	0.00192439
1785	648	1.00852	0.00192439
1785	649	1.00852	0.00192439
1785	650	1.00852	0.00192439
1785	651	1.00852	0.00192439
1785	652	1.00852	0.00192439
1785	653	1.00852	0.00192439
1785	654	1.00852	0.00192439
1785	655	1.00852	0.00192439
1785	656	1.00852	0.00192439
1785	657	1.00852	0.00192439
1785	658	1.00852	0.00192439
1785	659	1.00852	0.00192439
1785	660	1.00852	0.00192439
1785	661	1.00852	0.00192439
1785	662	1.00852	0.00192439
1785	663	1.00852	0.00192439
1785	664	1.00852	0.00192439
1785	665	1.00852	0.00192439
1785	666	1.00852	0.00192439
1785	667	1.00852	0.00192439
1785	668	1.00852	0.00192439
1785	669	1.00852	0.00192439
1785	670	1.00852	0.00192439
1785	671	1.00852	0.00192439
1785	672	1.00852	0.00192439
1785	673	1.00852	0.00192439
1785	674	1.00852	0.00192439
1785	675	1.00852	0.00192439
1785	676	1.00852	0.00192439
1785	677	1.00852	0.00192439
1785	678	1.00852	0.00192439
1785	679	1.00852	0.00192439
1785	680	1.00852	0.00192439
1785	681	1.00852	0.00192439
1785	682	1.00852	0.00192439
1785	683	1.00852	0.00192439
1785	684	1.00852	0.00192439
1785	685	1.00852	0.00192439
1785	686	1.00852	0.00192439
1785	687	1.00852	0.00192439
1785	688	1.00852	0.00192439
1785	689	1.00852	0.00192439
1785	690	1.00852	0.00192439
1785	691	1.00852	0.00192439
1785	692	1.00852	0.00192439
1785	693	1.00852	0.00192439
1785	694	1.00852	0.00192439
1785	695	1.00852	0.00192439
1785	696	1.00852	0.00192439
1785	697	1.00852	0.00192439
1785	698	1.00852	0.00192439
1785	699	1.00852	0.00192439
1785	700	1.00852	0.00192439
1785	701	1.00852	0.00192439
1785	702	1.00852	0.00192439
1785	703	1.00852	0.00192439
1785	704	1.00852	0.00192439
1785	705	1.00852	0.00192439
1785	706	1.00852	0.00192439
1785	707	1.00852	0.00192439
1785	708	1.00852	0.00192439
1785	709	1.00852	0.00192439
1785	710	1.00852	0.00192439
1785	711	1.00852	0.00192439
1785	712	1.00852	0.00192439
1785	713	1.00852	0.00192439
1785	714	1.00852	0.00192439
1785	715	1.00852	0.00192439
1785	716	1.00852	0.00192439
1785	717	1.00852	0.00192439
1785	718	1.00852	0.00192439
1785	719	1.00852	0.00192439
1785	720	1.00852	0.00192439
1785	721	1.00852	0.00192439
1785	722	1.00852	0.00192439
1785	723	1.00852	0.00192439
1785	724	1.00852	0.00192439
1785	725	1.00852	0.00192439
1785	726	1.00852	0.00192439
1785	727	1.00852	0.00192439
1785	728	1.00852	0.00192439
1785	729	1.00852	0.00192439
1785	730	1.00852	0.00192439
1785	731	1.00852	0.00192439
1785	732	1.00852	0.00192439
1785	733	1.00852	0.00192439
1785	734	1.00852	0.00192439
1785	735	1.00852	0.00192439
1785	736	1.00852	0.00192439
1785	737	1.00852	0.00192439
1785	738	1.00852	0.00192439
1785	739	1.00852	0.00192439
1785	740	1.00852	0.00192439
1785	741	1.00852	0.00192439
1785	742	1.00852	0.00192439
1785	743	1.00852	0.00192439
1785	744	1.00852	0.00192439
1785	745	1.00852	0.00192439
1785	746	1.00852	0.00192439
1785	747	1.00852	0.00192439
1785	748	1.00852	0.00192439
1785	749	1.00852	0.00192439
1785	750	1.00852	0.00192439
1785	751	1.00852	0.00192439
1785	752	1.00852	0.00192439
1785	753	1.00852	0.00192439
1785	754	1.00852	0.00192439
1785	755	1.00852	0.00192439
1785	756	1.00852	0.00192439
1785	757	1.00852	0.00192439
1785	758	1.00852	0.00192439
1785	759	1.00852	0.00192439
1785	760	1.00852	0.00192439
1785	761	1.00852	0.00192439
1785	762	1.00852	0.00192439
1785	763	1.00852	0.00192439
1785	764	1.00852	0.00192439
1785	765	1.00852	0.00192439
1785	766	1.00852	0.00192439
1785	767	1.00852	0.00192439
1785	768	1.00852	0.00192439
1785	769	1.00852	0.00192439
1785	770	1.00852	0.00192439
1785	771	1.00852	0.00192439
1785	772	1.00852	0.00192439
1785	773	1.00852	0.00192439
1785	774	1.00852	0.00192439
1785	775	1.00852	0.00192439
1785	776	1.00852	0.00192439
1785	777	1.00852	0.00192439
1785	778	1.00852	0.00192439
1785	779	1.00852	0.00192439
1785	780	1.00852	0.00192439
1785	781	1.00852	0.00192439
1785	782	1.00852	0.00192439
1785	783	1.00852	0.00192439
1785	784	1.00852	0.00192439
1785	785	1.00852	0.00192439
1785	786	1.00852	0.00192439
1785	787	1.00852	0.00192439
1785	788	1.00852	0.00192439
1785	789	1.00852	0.00192439
1785	790	1.00852	0.00192439
1785	791	1.00852	0.00192439
1785	792	1.00852	0.00192439
1785	793	1.00852	0.00192439
1785	794	1.00852	0.00192439
1785	795	1.00852	0.00192439
1785	796	1.00852	0.00192439
1785	797	1.00852	0.00192439
1785	798	1.00852	0.00192439
1785	799	1.00852	0.00192439
1785	800	1.00852	0.00192439
1785	801	1.00852	0.00192439
1785	802	1.00852	0.00192439
1785	803	1.00852	0.00192439
1785	804	1.00852	0.00192439
1785	805	1.00852	0.00192439
1785	806	1.00852	0.00192439
1785	807	1.00852	0.00192439
1785	808	1.00852	0.00192439
1785	809	1.00852	0.00192439
1785	810	1.00852	0.00192439
1785	811	1.00852	0.00192439
1785	812	1.00852	0.00192439
1785	813	1.00852	0.00192439
1785	814	1.00852	0.00192439
1785	815	1.00852	0.00192439
1785	816	1.00852	0.00192439
1785	817	1.00852	0.00192439
1785	818	1.00852	0.00192439
1785	819	1.00852	0.00192439
1785	820	1.00852	0.00192439
1785	821	1.00852	0.00192439
1785	822	1.00852	0.00192439
1785	823	1.00852	0.00192439
1785	824	1.00852	0.00192439
1785	825	1.00852	0.00192439
1785	826	1.00852	0.00192439
1785	827	1.00852	0.00192439
1785	828	1.00852	0.00192439
1785	829	1.00852	0.00192439
1785	830	1.00852	0.00192439
1785	831	1.00852	0.00192439
1785	832	1.00852	0.00192439
1785	833	1.00852	0.00192439
1785	834	1.00852	0.00192439
1785	835	1.00852	0.00192439
1785	836	1.00852	0.00192439
1785	837	1.00852	0.00192439
1785	838	1.00852	0.00192439
1785	839	1.00852	0.00192439
1785	840	1.00852	0.00192439
1785	841	1.00852	0.00192439
1785	842	1.00852	0.00192439
1785	843	1.00852	0.00192439
1785	844	1.00852	0.00192439
1785	845	1.00852	0.00192439
1785	846	1.00852	0.00192439
1785	847	1.00852	0.00192439
1785	848	1.00852	0.00192439
1785	849	1.00852	0.00192439
1785	850	1.00852	0.00192439
1785	851	1.00852	0.00192439
1785	852	1.00852	0.00192439
1785	853	1.00852	0.00192439
1785	854	1.00852	0.00192439
1785	855	1.00852	0.00192439
1785	856	1.00852	0.00192439
1785	857	1.00852	0.00192439
1785	858	1.00852	0.00192439
1785	859	1.00852	0.00192439
1785	860	1.00852	0.00192439
1785	861	1.00852	0.00192439
1785	862	1.00852	0.00192439
1785	863	1.00852	0.00192439
1785	864	1.00852	0.00192439
1785	865	1.00852	0.00192439
1785	866	1.00852	0.00192439
1785	867	1.00852	0.00192439
1785	868	1.00852	0.00192439
1785	869	1.00852	0.00192439
1785	870	1.00852	0.00192439
1785	871	1.00852	0.00192439
1785	872	1.00852	0.00192439
1785	873	1.00852	0.00192439
1785	874	1.00852	0.00192439
1785	875	1.00852	0.00192439
1785	876	1.00852	0.00192439
1785	877	1.00852	0.00192439
1785	878	1.00852	0.00192439
1785	879	1.00852	0.00192439
1785	880	1.00852	0.00192439
1785	881	1.00852	0.00192439
1785	882	1.00852	0.00192439
1785	883	1.00852	0.00192439
1785	884	1.00852	0.00192439
1785	885	1.00852	0.00192439
1785	886	1.00852	0.00192439
1785	887	1.00852	0.00192439
1785	888	1.00852	0.00192439
1785	889	1.00852	0.00192439
1785	890	1.00852	0.00192439
1785	891	1.00852	0.00192439
1785	892	1.00852	0.00192439
1785	893	1.00852	0.00192439
1785	894	1.00852	0.00192439
1785	895	1.00852	0.00192439
1785	896	1.00852	0.00192439
1785	897	1.00852	0.00192439
1785	898	1.00852	0.00192439
1785	899	1.00852	0.00192439
1785	900	1.00852	0.00192439
1785	901	1.00852	0.00192439
1785	902	1.00852	0.00192439
1785	903	1.00852	0.00192439
1785	904	1.00852	0.00192439
1785	905	1.00852	0.00192439
1785	906	1.00852	0.00192439
1785	907	1.00852	0.00192439
1785	908	1.00852	0.00192439
1785	909	1.00852	0.00192439
1785	910	1.00852	0.00192439
1785	911	1.00852	0.00192439
1785	912	1.00852	0.00192439
1785	913	1.00852	0.00192439
1785	914	1.00852	0.00192439
1785	915	1.00852	0.00192439
1785	916	1.00852	0.00192439
1785	917	1.00852	0.00192439
1785	918	1.00852	0.00192439
1785	919	1.00852	0.00192439
1785	920	1.00852	0.00192439
1785	921	1.00852	0.00192439
1785	922	1.00852	0.00192439
1785	923	1.00852	0.00192439
1785	924	1.00852	0.00192439
1785	925	1.00852	0.00192439
1785	926	1.00852	0.00192439
1785	927	1.00852	0.00192439
1785	928	1.00852	0.00192439
1785	929	1.00852	0.00192439
1785	930	1.00852	0.00192439
1785	931	1.00852	0.00192439
1785	932	1.00852	0.00192439
1785	933	1.00852	0.00192439
1785	934	1.00852	0.00192439
1785	935	1.00852	0.00192439
1785	936	1.00852	0.00192439
1785	937	1.00852	0.00192439
1785	938	1.00852	0.00192439
1785	939	1.00852	0.00192439
1785	940	1.00852	0.00192439
1785	941	1.00852	0.00192439
1785	942	1.00852	0.00192439
1785	943	1.00852	0.00192439
1785	944	1.00852	0.00192439
1785	945	1.00852	0.00192439
1785	946	1.00852	0.00192439
1785	947	1.00852	0.00192439
1785	948	1.00852	0.00192439
1785	949	1.00852	0.00192439
1785	950	1.00852	0.00192439
1785	951	1.00852	0.00192439
1785	952	1.00852	0.00192439
1785	953	1.00852	0.00192439
1785	954	1.00852	0.00192439
1785	955	1.00852	0.00192439
1785	956	1.00852	0.00192439
1785	957	1.00852	0.00192439
1785	958	1.00852	0.00192439
1785	959	1.00852	0.00192439
1785	960	1.00852	0.00192439
1785	961	1.00852	0.00192439
1785	962	1.00852	0.00192439
1785	963	1.00852	0.00192439
1785	964	1.00852	0.00192439
1785	965	1.00852	0.00192439
1785	966	1.00852	0.00192439
1785	967	1.00852	0.00192439
1785	968	1.00852	0.00192439
1785	969	1.00852	0.00192439
1785	970	1.00852	0.00192439
1785	971	1.00852	0.00192439
1785	972	1.00852	0.00192439
1785	973	1.00852	0.00192439
1785	974	1.00852	0.00192439
1785	975	1.00852	0.00192439
1785	976	1.00852	0.00192439
1785	977	1.00852	0.00192439
1785	978	1.00852	0.00192439
1785	979	1.00852	0.00192439
1785	980	1.00852	0.00192439
1785	981	1.00852	0.00192439
1785	982	1.00852	0.00192439
1785	983	1.00852	0.00192439
1785	984	1.00852	0.00192439
1785	985	1.00852	0.00192439
1785	986	1.00852	0.00192439
1785	987	1.00852	0.00192439
1785	988	1.00852	0.00192439
1785	989	1.00852	0.00192439
1785	990	1.00852	0.00192439
1785	991	1.00852	0.00192439
1785	992	1.00852	0.00192439
1785	993	1.00852	0.00192439
1785	994	1.00852	0.00192439
1785	995	1.00852	0.00192439
1785	996	1.00852	0.00192439
1785	997	1.00852	0.00192439
1785	998	1.00852	0.00192439
1785	999	1.00852	0.00192439
1785	1000	1.00852	0.00192439
1785	1001	1.00852	0.00192439
1785	1002	1.00852	0.00192439
1785	1003	1.00852	0.00192439
1785	1004	1.00852	0.00192439
1785	1005	1.00852	0.00192439
1785	1006	1.00852	0.00192439
1785	1007	1.00852	0.00192439
1785	1008	1.00852	0.00192439
1785	1009	1.00852	0.00192439
1785	1010	1.00852	0.00192439
1785	1011	1.00852	0.00192439
1785	1012	1.00852	0.00192439
1785	1013	1.00852	0.00192439
1785	1014	1.00852	0.00192439
1785	1015	1.00852	0.00192439
1785	1016	1.00852	0.00192439
1785	1017	1.00852	0.00192439
1785	1018	1.00852	0.00192439
1785	1019	1.00852	0.00192439
1785	1020	1.00852	0.00192439
1785	1021	1.00852	0.00192439
1785	1022	1.00852	0.00192439
1785	1023	1.00852	0.00192439
1785	1024	1.00852	0.00192439
1785	1025	1.00852	0.00192439
1785	1026	1.00852	0.00192439
1785	1027	1.00852	0.00192439
1785	1028	1.00852	0.00192439
1785	1029	1.00852	0.00192439
1785	1030	1.00852	0.00192439
1785	1031	1.00852	0.00192439
1785	1032	1.00852	0.00192439
1785	1033	1.00852	0.00192439
1785	1034	1.00852	0.00192439
1785	1035	1.00852	0.00192439
1785	1036	1.00852	0.00192439
1785	1037	1.00852	0.00192439
1785	1038	1.00852	0.00192439
1785	1039	1.00852	0.00192439
1785	1040	1.00852	0.00192439
1785	1041	1.00852	0.00192439
1785	1042	1.00852	0.00192439
1785	1043	1.00852	0.00192439
1785	1044	1.00852	0.00192439
1785	1045	1.00852	0.00192439
1785	1046	1.00852	0.00192439
1785	1047	1.00852	0.00192439
1785	1048	1.00852	0.00192439
1785	1049	1.00852	0.00192439
1785	1050	1.00852	0.00192439
1785	1051	1.00852	0.00192439
1785	1052	1.00852	0.00192439
1785	1053	1.00852	0.00192439
1785	1054	1.00852	0.00192439
1785	1055	1.00852	0.00192439
1785	1056	1.00852	0.00192439
1785	1057	1.00852	0.00192439
1785	1058	1.00852	0.00192439
1785	1059	1.00852	0.00192439
1785	1060	1.00852	0.00192439
1785	1061	1.00852	0.00192439
1785	1062	1.00852	0.00192439
1785	1063	1.00852	0.00192439
1785	1064	1.00852	0.00192439
1785	1065	1.00852	0.00192439
1785	1066	1.00852	0.00192439
1785	1067	1.00852	0.00192439
1785	1068	1.00852	0.00192439
1785	1069	1.00852	0.00192439
1785	1070	1.00852	0.00192439
1785	1071	1.00852	0.00192439
1785	1072	1.00852	0.00192439
1785	1073	1.00852	0.00192439
1785	1074	1.00852	0.00192439
1785	1075	1.00852	0.00192439
1785	1076	1.00852	0.00192439
1785	1077	1.00852	0.00192439
1785	1078	1.00852	0.00192439
1785	1079	1.00852	0.00192439
1785	1080	1.00852	0.00192439
1785	1081	1.00852	0.00192439
1785	1082	1.00852	0.00192439
1785	1083	1.00852	0.00192439
1785	1084	1.00852	0.00192439
1785	1085	1.00852	0.00192439
1785	1086	1.00852	0.00192439
1785	1087	1.00852	0.00192439
1785	1088	1.00852	0.00192439
1785	1089	1.00852	0.00192439
1785	1090	1.00852	0.00192439
1785	1091	1.00852	0.00192439
1785	1092	1.00852	0.00192439
1785	1093	1.00852	0.00192439
1785	1094	1.00852	0.00192439
1785	1095	1.00852	0.00192439
1785	1096	1.00852	0.00192439
1785	1097	1.00852	0.00192439
1785	1098	1.00852	0.00192439
1785	1099	1.00852	0.00192439
1785	1100	1.00852	0.00192439
1785	1101	1.00852	0.00192439
1785	1102	1.00852	0.00192439
1785	1103	1.00852	0.00192439
1785	1104	1.00852	0.00192439
1785	1105	1.00852	0.00192439
1785	1106	1.00852	0.00192439
1785	1107	1.00852	0.00192439
1785	1108	1.00852	0.00192439
1785	1109	1.00852	0.00192439
1785	1110	1.00852	0.00192439
1785	1111	1.00852	0.00192439
1785	1112	1.00852	0.00192439
1785	1113	1.00852	0.00192439
1785	1114	1.00852	0.00192439
1785	1115	1.00852	0.00192439
1785	1116	1.00852	0.00192439
1785	1117	1.00852	0.00192439
1785	1118	1.00852	0.00192439
1785	1119	1.00852	0.00192439
1785	1120	1.00852	0.00192439
1785	1121	1.00852	0.00192439
1785	1122	1.00852	0.00192439
1785	1123	1.00852	0.00192439
1785	1124	1.00852	0.00192439
1785	1125	1.00852	0.00192439
1785	1126	1.00852	0.00192439
1785	1127	1.00852	0.00192439
1785	1128	1.00852	0.00192439
1785	1129	1.00852	0.00192439
1785	1130	1.00852	0.00192439
1785	1131	1.00852	0.00192439
1785	1132	1.00852	0.00192439
1785	1133	1.00852	0.00192439
1785	1134	1.00852	0.00192439
1785	1135	1.00852	0.00192439
1785	1136	1.00852	0.00192439
1785	1137	1.00852	0.00192439
1785	1138	1.00852	0.00192439
1785	1139	1.00852	0.00192439
1785	1140	1.00852	0.00192439
1785	1141	1.00852	0.00192439
1785	1142	1.00852	0.00192439
1785	1143	1.00852	0.00192439
1785	1144	1.00852	0.00192439
1785	1145	1.00852	0.00192439
1785	1146	1.00852	0.00192439
1785	1147	1.00852	0.00192439
1785	1148	1.00852	0.00192439
1785	1149	1.00852	0.00192439
1785	1150	1.00852	0.00192439
1785	1151	1.00852	0.00192439
1785	1152	1.00852	0.00192439
1785	1153	1.00852	0.00192439
1785	1154	1.00852	0.00192439
1785	1155	1.00852	0.00192439
1785	1156	1.00852	0.00192439
1785	1157	1.00852	0.00192439
1785	1158	1.00852	0.00192439
1785	1159	1.00852	0.00192439
1785	1160	1.00852	0.00192439
1785	1161	1.00852	0.00192439
1785	1162	1.00852	0.00192439
1785	1163	1.00852	0.00192439
1785	1164	1.00852	0.00192439
1785	1165	1.00852	0.00192439
1785	1166	1.00852	0.00192439
1785	1167	1.00852	0.00192439
1785	1168	1.00852	0.00192439
1785	1169	1.00852	0.00192439
1785	1170	1.00852	0.00192439
1785	1171	1.00852	0.00192439
1785	1172	1.00852	0.00192439
1785	1173	1.00852	0.00192439
1785	1174	1.00852	0.00192439
1785	1175	1.00852	0.00192439
1785	1176	1.00852	0.00192439
1785	1177	1.00852	0.00192439
1785	1178	1.00852	0.00192439
1785	1179	1.00852	0.00192439
1785	1180	1.00852	0.00192439
1785	1181	1.00852	0.00192439
1785	1182	1.00852	0.00192439
1785	1183	1.00852	0.00192439
1785	1184	1.00852	0.00192439
1785	1185	1.00852	0.00192439
1785	1186	1.00852	0.00192439
1785	1187	1.00852	0.00192439
1785	1188	1.00852	0.00192439
1785	1189	1.00852	0.00192439
1785	1190	1.00852	0.00192439
1785	1191	1.00852	0.00192439
1785	1192	1.00852	0.00192439
1785	1193	1.00852	0.00192439
1785	1194	1.00852	0.00192439
1785	1195	1.00852	0.00192439
1785	1196	1.00852	0.00192439
1785	1197	1.00852	0.00192439
1785	1198	1.00852	0.00192439
1785	1199	1.00852	0.00192439
1785	1200	1.00852	0.00192439
1785	1201	1.00852	0.00192439
1785	1202	1.00852	0.00192439
1785	1203	1.00852	0.00192439
1785	1204	1.00852	0.00192439
1785	1205	1.00852	0.00192439
1785	1206	1.00852	0.00192439
1785	1207	1.00852	0.00192439
1785	1208	1.00852	0.00192439
1785	1209	1.00852	0.00192439
1785	1210	1.00852	0.00192439
1785	1211	1.00852	0.00192439
1785	1212	1.00852	0.00192439
1785	1213	1.00852	0.00192439
1785	1214	1.00852	0.00192439
1785	1215	1.00852	0.00192439
1785	1216	1.00852	0.00192439
1785	1217	1.00852	0.00192439
1785	1218	1.00852	0.00192439
1785	1219	1.00852	0.00192439
1785	1220	1.00852	0.00192439
1785	1221	1.00852	0.00192439
1785	1222	1.00852	0.00192439
1785	1223	1.00852	0.00192439
1785	1224	1.00852	0.00192439
1785	1225	1.00852	0.00192439
1785	1226	1.00852	0.00192439
1785	1227	1.00852	0.00192439
1785	1228	1.00852	0.00192439
1785	1229	1.00852	0.00192439
1785	1230	1.00852	0.00192439
1785	1231	1.00852	0.00192439
1785	1232	1.00852	0.00192439
1785	1233	1.00852	0.00192439
1785	1234	1.00852	0.00192439
1785	1235	1.00852	0.00192439
1785	1236	1.00852	0.00192439
1785	1237	1.00852	0.00192439
1785	1238	1.00852	0.00192439
1785	1239	1.00852	0.00192439
1785	1240	1.00852	0.00192439
1785	1241	1.00852	0.00192439
1785	1242	1.00852	0.00192439
1785	1243	1.00852	0.00192439
1785	1244	1.00852	0.00192439
1785	1245	1.00852	0.00192439
1785	1246	1.00852	0.00192439
1785	1247	1.00852	0.00192439
1785	1248	1.00852	0.00192439
1785	1249	1.00852	0.00192439
1785	1250	1.00852	0.00192439
1785	1251	1.00852	0.00192439
1785	1252	1.00852	0.00192439
1785	1253	1.00852	0.00192439
1785	1254	1.00852	0.00192439
1785	1255	1.00852	0.00192439
1785	1256	1.00852	0.00192439
1785	1257	1.00852	0.00192439
1785	1258	1.00852	0.00192439
1785	1259	1.00852	0.00192439
1785	1260	1.00852	0.00192439
1785	1261	1.00852	0.00192439
1785	1262	1.00852	0.00192439
1785	1263	1.00852	0.00192439
1785	1264	1.00852	0.00192439
1785	1265	1.00852	0.00192439
1785	1266	1.00852	0.00192439
1785	1267	1.00852	0.00192439
1785	1268	1.00852	0.00192439
1785	1269	1.00852	0.00192439
1785	1270	1.00852	0.00192439
1785	1271	1.00852	0.00192439
1785	1272	1.00852	0.00192439
1785	1273	1.00852	0.00192439
1785	1274	1.00852	0.00192439
1785	1275	1.00852	0.00192439
1785	1276	1.00852	0.00192439
1785	1277	1.00852	0.00192439
1785	1278	1.00852	0.00192439
1785	1279	1.00852	0.00192439
1785	1280	1.00852	0.00192439
1785	1281	1.00852	0.00192439
1785	1282	1.00852	0.00192439
1785	1283	1.00852	0.00192439
1785	1284	1.00852	0.00192439
1785	1285	1.00852	0.00192439
1785	1286	1.00852	0.00192439
1785	1287	1.00852	0.00192439
1785	1288	1.00852	0.00192439
1785	1289	1.00852	0.00192439
1785	1290	1.00852	0.00192439
1785	1291	1.00852	0.00192439
1785	1292	1.00852	0.00192439
1785	1293	1.00852	0.00192439
1785	1294	1.00852	0.00192439
1785	1295	1.00852	0.00192439
1785	1296	1.00852	0.00192439
1785	1297	1.00852	0.00192439
1785	1298	1.00852	0.00192439
1785	1299	1.00852	0.00192439
1785	1300	1.00852	0.00192439
1785	1301	1.00852	0.00192439
1785	1302	1.00852	0.00192439
1785	1303	1.00852	0.00192439
1785	1304	1.00852	0.00192439
1785	1305	1.00852	0.00192439
1785	1306	1.00852	0.00192439
1785	1307	1.00852	0.00192439
1785	1308	1.00852	0.00192439
1785	1309	1.00852	0.00192439
1785	1310	1.00852	0.00192439
1785	1311	1.00852	0.00192439
1785	1312	1.00852	0.00192439
1785	1313	1.00852	0.00192439
1785	1314	1.00852	0.00192439
1785	1315	1.00852	0.00192439
1785	1316	1.00852	0.00192439
1785	1317	1.00852	0.00192439
1785	1318	1.00852	0.00192439
1785	1319	1.00852	0.00192439
1785	1320	1.00852	0.00192439
1785	1321	1.00852	0.00192439
1785	1322	1.00852	0.00192439
1785	1323	1.00852	0.00192439
1785	1324	1.00852	0.00192439
1785	1325	1.00852	0.00192439
1785	1326	1.00852	0.00192439
1785	1327	1.00852	0.00192439
1785	1328	1.00852	0.00192439
1785	1329	1.00852	0.00192439
1785	1330	1.00852	0.00192439
1785	1331	1.00852	0.00192439
1785	1332	1.00852	0.00192439
1785	1333	1.00852	0.00192439
1785	1334	1.00852	0.00192439
1785	1335	1.00852	0.00192439
1785	1336	1.00852	0.00192439
1785	1337	1.00852	0.00192439
1785	1338	1.00852	0.00192439
1785	1339	1.00852	0.00192439
1785	1340	1.00852	0.00192439
1785	1341	1.00852	0.00192439
1785	1342	1.00852	0.00192439
1785	1343	1.00852	0.00192439
1785	1344	1.00852	0.00192439
1785	1345	1.00852	0.00192439
1785	1346	1.00852	0.00192439
1785	1347	1.00852	0.00192439
1785	1348	1.00852	0.00192439
1785	1349	1.00852	0.00192439
1785	1350	1.00852	0.00192439
1785	1351	1.00852	0.00192439
1785	1352	1.00852	0.00192439
1785	1353	1.00852	0.00192439
1785	1354	1.00852	0.00192439
1785	1355	1.00852	0.00192439
1785	1356	1.00852	0.00192439
1785	1357	1.00852	0.00192439
1785	1358	1.00852	0.00192439
1785	1359	1.00852	0.00192439
1785	1360	1.00852	0.00192439
1785	1361	1.00852	0.00192439
1785	1362	1.00852	0.00192439
1785	1363	1.00852	0.00192439
1785	1364	1.00852	0.00192439
1785	1365	1.00852	0.00192439
1785	1366	1.00852	0.00192439
1785	1367	1.00852	0.00192439
1785	1368	1.00852	0.00192439
1785	1369	1.00852	0.00192439
1785	1370	1.00852	0.00192439
1785	1371	1.00852	0.00192439
1785	1372	1.00852	0.00192439
1785	1373	1.00852	0.00192439
1785	1374	1.00852	0.00192439
1785	1375	1.00852	0.00192439
1785	1376	1.00852	0.00192439
1785	1377	1.00852	0.00192439
1785	1378	1.00852	0.00192439
1785	1379	1.00852	0.00192439
1785	1380	1.00852	0.00192439
1785	1381	1.00852	0.00192439
1785	1382	1.00852	0.00192439
1785	1383	1.00852	0.00192439
1785	1384	1.00852	0.00192439
1785	1385	1.00852	0.00192439
1785	1386	1.00852	0.00192439
1785	1387	1.00852	0.00192439
1785	1388	1.00852	0.00192439
1785	1389	1.00852	0.00192439
1785	1390	1.00852	0.00192439
1785	1391	1.00852	0.00192439
1785	1392	1.00852	0.00192439
1785	1393	1.00852	0.00192439
1785	1394	1.00852	0.00192439
1785	1395	1.00852	0.00192439
1785	1396	1.00852	0.00192439
1785	1397	1.00852	0.00192439
1785	1398	1.00852	0.00192439
1785	1399	1.00852	0.00192439
1785	1400	1.00852	0.00192439
1785	1401	1.00852	0.00192439
1785	1402	1.00852	0.00192439
1785	1403	1.00852	0.00192439
1785	1404	1.00852	0.00192439
1785	1405	1.00852	0.00192439
1785	1406	1.00852	0.00192439
1785	1407	1.00852	0.00192439
1785	1408	1.00852	0.00192439
1785	1409	1.00852	0.00192439
1785	1410	1.00852	0.00192439
1785	1411	1.00852	0.00192439
1785	1412	1.00852	0.00192439
1785	1413	1.00852	0.00192439
1785	1414	1.00852	0.00192439
1785	1415	1.00852	0.00192439
1785	1416	1.00852	0.00192439
1785	1417	1.00852	0.00192439
1785	1418	1.00852	0.00192439
1785	1419	1.00852	0.00192439
1785	1420	1.00852	0.00192439
1785	1421	1.00852	0.00192439
1785	1422	1.00852	0.00192439
1785	1423	1.00852	0.00192439
1785	1424	1.00852	0.00192439
1785	1425	1.00852	0.00192439
1785	1426	1.00852	0.00192439
1785	1427	1.00852	0.00192439
1785	1428	1.00852	0.00192439
1785	1429	1.00852	0.00192439
1785	1430	1.00852	0.00192439
1785	1431	1.00852	0.00192439
1785	1432	1.00852	0.00192439
1785	1433	1.00852	0.00192439
1785	1434	1.00852	0.00192439
1785	1435	1.00852	0.00192439
1785	1436	1.00852	0.00192439
1785	1437	1.00852	0.00192439
1785	1438	1.00852	0.00192439
1785	1439	1.00852	0.00192439
1785	1440	1.00852	0.00192439
1785	1441	1.00852	0.00192439
1785	1442	1.00852	0.00192439
1785	1443	1.00852	0.00192439
1785	1444	1.00852	0.00192439
1785	1445	1.00852	0.00192439
1785	1446	1.00852	0.00192439
1785	1447	1.00852	0.00192439
1785	1448	1.00852	0.00192439
1785	1449	1.00852	0.00192439
1785	1450	1.00852	0.00192439
1785	1451	1.00852	0.00192439
1785	1452	1.00852	0.00192439
1785	1453	1.00852	0.00192439
1785	1454	1.00852	0.00192439
1785	1455	1.00852	0.00192439
1785	1456	1.00852	0.00192439
1785	1457	1.00852	0.00192439
1785	1458	1.00852	0.00192439
1785	1459	1.00852	0.00192439
1785	1460	1.00852	0.00192439
1785	1461	1.00852	0.00192439
1785	1462	1.00852	0.00192439
1785	1463	1.00852	0.00192439
1785	1464	1.00852	0.00192439
1785	1465	1.00852	0.00192439
1785	1466	1.00852	0.00192439
1785	1467	1.00852	0.00192439
1785	1468	1.00852	0.00192439
1785	1469	1.00852	0.00192439
1785	1470	1.00852	0.00192439
1785	1471	1.00852	0.00192439
1785	1472	1.00852	0.00192439
1785	1473	1.00852	0.00192439
1785	1474	1.00852	0.00192439
1785	1475	1.00852	0.00192439
1785	1476	1.00852	0.00192439
1785	1477	1.00852	0.00192439
1785	1478	1.00852	0.00192439
1785	1479	1.00852	0.00192439
1785	1480	1.00852	0.00192439
1785	1481	1.00852	0.00192439
1785	1482	1.00852	0.00192439
1785	1483	1.00852	0.00192439
1785	1484	1.00852	0.00192439
1785	1485	1.00852	0.00192439
1785	1486	1.00852	0.00192439
1785	1487	1.00852	0.00192439
1785	1488	1.00852	0.00192439
1785	1489	1.00852	0.00192439
1785	1490	1.00852	0.00192439
1785	1491	1.00852	0.00192439
1785	1492	1.00852	0.00192439
1785	1493	1.00852	0.00192439
1785	1494	1.00852	0.00192439
1785	1495	1.00852	0.00192439
1785	1496	1.00852	0.00192439
1785	1497	1.00852	0.00192439
1785	1498	1.00852	0.00192439
1785	1499	1.00852	0.00192439
1785	1500	1.00852	0.00192439
1785	1501	1.00852	0.00192439
1785	1502	1.00852	0.00192439
1785	1503	1.00852	0.00192439
1785	1504	1.00852	0.00192439
1785	1505	1.00852	0.00192439
1785	1506	1.00852	0.00192439
1785	1507	1.00852	0.00192439
1785	1508	1.00852	0.00192439
1785	1509	1.00852	0.00192439
1785	1510	1.00852	0.00192439
1785	1511	1.00852	0.00192439
1785	1512	1.00852	0.00192439
1785	1513	1.00852	0.00192439
1785	1514	1.00852	0.00192439
1785	1515	1.00852	0.00192439
1785	1516	1.00852	0.00192439
1785	1517	1.00852	0.00192439
1785	1518	1.00852	0.00192439
1785	1519	1.00852	0.00192439
1785	1520	1.00852	0.00192439
1785	1521	1.00852	0.00192439
1785	1522	1.00852	0.00192439
1785	1523	1.00852	0.00192439
1785	1524	1.00852	0.00192439
1785	1525	1.00852	0.00192439
1785	1526	1.00852	0.00192439
1785	1527	1.00852	0.00192439
1785	1528	1.00852	0.00192439
1785	1529	1.00852	0.00192439
1785	1530	1.00852	0.00192439
1785	1531	1.00852	0.00192439
1785	1532	1.00852	0.00192439
1785	1533	1.00852	0.00192439
1785	1534	1.00852	0.00192439
1785	1535	1.00852	0.00192439
1785	1536	1.00852	0.00192439
1785	1537	1.00852	0.00192439
1785	1538	1.00852	0.00192439
1785	1539	1.00852	0.00192439
1785	1540	1.00852	0.00192439
1785	1541	1.00852	0.00192439
1785	1542	1.00852	0.00192439
1785	1543	1.00852	0.00192439
1785	1544	1.00852	0.00192439
1785	1545	1.00852	0.00192439
1785	1546	1.00852	0.00192439
1785	1547	1.00852	0.00192439
1785	1548	1.00852	0.00192439
1785	1549	1.00852	0.00192439
1785	1550	1.00852	0.00192439
1785	1551	1.00852	0.00192439
1785	1552	1.00852	0.00192439
1785	1553	1.00852	0.00192439
1785	1554	1.00852	0.00192439
1785	1555	1.00852	0.00192439
1785	1556	1.00852	0.00192439
1785	1557	1.00852	0.00192439
1785	1558	1.00852	0.00192439
1785	1559	1.00852	0.00192439
1785	1560	1.00852	0.00192439
1785	1561	1.00852	0.00192439
1785	1562	1.00852	0.00192439
1785	1563	1.00852	0.00192439
1785	1564	1.00852	0.00192439
1785	1565	1.00852	0.00192439
1785	1566	1.00852	0.00192439
1785	1567	1.00852	0.00192439
1785	1568	1.00852	0.00192439
1785	1569	1.00852	0.00192439
1785	1570	1.00852	0.00192439
1785	1571	1.00852	0.00192439
1785	1572	1.00852	0.00192439
1785	1573	1.00852	0.00192439
1785	1574	1.00852	0.00192439
1785	1575	1.00852	0.00192439
1785	1576	1.00852	0.00192439
1785	1577	1.00852	0.00192439
1785	1578	1.00852	0.00192439
1785	1579	1.00852	0.00192439
1785	1580	1.00852	0.00192439
1785	1581	1.00852	0.00192439
1785	1582	1.00852	0.00192439
1785	1583	1.00852	0.00192439
1785	1584	1.00852	0.00192439
1785	1585	1.00852	0.00192439
1785	1586	1.00852	0.00192439
1785	1587	1.00852	0.00192439
1785	1588	1.00852	0.00192439
1785	1589	1.00852	0.00192439
1785	1590	1.00852	0.00192439
1785	1591	1.00852	0.00192439
1785	1592	1.00852	0.00192439
1785	1593	1.00852	0.00192439
1785	1594	1.00852	0.00192439
1785	1595	1.00852	0.00192439
1785	1596	1.00852	0.00192439
1785	1597	1.00852	0.00192439
1785	1598	1.00852	0.00192439
1785	1599	1.00852	0.00192439
1785	1600	1.00852	0.00192439
1785	1601	1.00852	0.00192439
1785	1602	1.00852	0.00192439
1785	1603	1.00852	0.00192439
1785	1604	1.00852	0.00192439
1785	1605	1.00852	0.00192439
1785	1606	1.00852	0.00192439
1785	1607	1.00852	0.00192439
1785	1608	1.00852	0.00192439
1785	1609	1.00852	0.00192439
1785	1610	1.00852	0.00192439
1785	1611	1.00852	0.00192439
1785	1612	1.00852	0.00192439
1785	1613	1.00852	0.00192439
1785	1614	1.00852	0.00192439
1785	1615	1.00852	0.00192439
1785	1616	1.00852	0.00192439
1785	1617	1.00852	0.00192439
1785	1618	1.00852	0.00192439
1785	1619	1.00852	0.00192439
1785	1620	1.00852	0.00192439
1785	1621	1.00852	0.00192439
1785	1622	1.00852	0.00192439
1785	1623	1.00852	0.00192439
1785	1624	1.00852	0.00192439
1785	1625	1.00852	0.00192439
1785	1626	1.00852	0.00192439
1785	1627	1.00852	0.00192439
1785	1628	1.00852	0.00192439
1785	1629	1.00852	0.00192439
1785	1630	1.00852	0.00192439
1785	1631	1.00852	0.00192439
1785	1632	1.00852	0.00192439
1785	1633	1.00852	0.00192439
1785	1634	1.00852	0.00192439
1785	1635	1.00852	0.00192439
1785	1636	1.00852	0.00192439
1785	1637	1.00852	0.00192439
1785	1638	1.00852	0.00192439
1785	1639	1.00852	0.00192439
1785	1640	1.00852	0.00192439
1785	1641	1.00852	0.00192439
1785	1642	1.00852	0.00192439
1785	1643	1.00852	0.00192439
1785	1644	1.00852	0.00192439
1785	1645	1.00852	0.00192439
1785	1646	1.00852	0.00192439
1785	1647	1.00852	0.00192439
1785	1648	1.00852	0.00192439
1785	1649	1.00852	0.00192439
1785	1650	1.00852	0.00192439
1785	1651	1.00852	0.00192439
1785	1652	1.00852	0.00192439
1785	1653	1.00852	0.00192439
1785	1654	1.00852	0.00192439
1785	1655	1.00852	0.00192439
1785	1656	1.00852	0.00192439
1785	1657	1.00852	0.00192439
1785	1658	1.00852	0.00192439
1785	1659	1.00852	0.00192439
1785	1660	1.00852	0.00192439
1785	1661	1.00852	0.00192439
1785	1662	1.00852	0.00192439
1785	1663	1.00852	0.00192439
1785	1664	1.00852	0.00192439
1785	1665	1.00852	0.00192439
1785	1666	1.00852	0.00192439
1785	1667	1.00852	0.00192439
1785	1668	1.00852	0.00192439
1785	1669	1.00852	0.00192439
1785	1670	1.00852	0.00192439
1785	1671	1.00852	0.00192439
1785	1672	1.00852	0.00192439
1785	1673	1.00852	0.00192439
1785	1674	1.00852	0.00192439
1785	1675	1.00852	0.00192439
1785	1676	1.00852	0.00192439
1785	1677	1.00852	0.00192439
1785	1678	1.00852	0.00192439
1785	1679	1.00852	0.00192439
1785	1680	1.00852	0.00192439
1785	1681	1.00852	0.00192439
1785	1682	1.00852	0.00192439
1785	1683	1.00852	0.00192439
1785	1684	1.00852	0.00192439
1785	1685	1.00852	0.00192439
1785	1686	1.00852	0.00192439
1785	1687	1.00852	0.00192439
1785	1688	1.00852	0.00192439
1785	1689	1.00852	0.00192439
1785	1690	1.00852	0.00192439
1785	1691	1.00852	0.00192439
1785	1692	1.00852	0.00192439
1785	1693	1.00852	0.00192439
1785	1694	1.00852	0.00192439
1785	1695	1.00852	0.00192439
1785	1696	1.00852	0.00192439
1785	1697	1.00852	0.00192439
1785	1698	1.00852	0.00192439
1785	1699	1.00852	0.00192439
1785	1700	1.00852	0.00192439
1785	1701	1.00852	0.00192439
1785	1702	1.00852	0.00192439
1785	1703	1.00852	0.00192439
1785	1704	1.00852	0.00192439
1785	1705	1.00852	0.00192439
1785	1706	1.00852	0.00192439
1785	1707	1.00852	0.00192439
1785	1708	1.00852	0.00192439
1785	1709	1.00852	0.00192439
1785	1710	1.00852	0.00192439
1785	1711	1.00852	0.00192439
1785	1712	1.00852	0.00192439
1785	1713	1.00852	0.00192439
1785	1714	1.00852	0.00192439
1785	1715	1.00852	0.00192439
1785	1716	1.00852	0.00192439
1785	1717	1.00852	0.00192439
1785	1718	1.00852	0.00192439
1785	1719	1.00852	0.00192439
1785	1720	1.00852	0.00192439
1785	1721	1.00852	0.00192439
1785	1722	1.00852	0.00192439
1785	1723	1.00852	0.00192439
1785	1724	1.00852	0.00192439
1785	1725	1.00852	0.00192439
1785	1726	1.00852	0.00192439
1785	1727	1.00852	0.00192439
1785	1728	1.00852	0.00192439
1785	1729	1.00852	0.00192439
1785	1730	1.00852	0.00192439
1785	1731	1.00852	0.00192439
1785	1732	1.00852	0.00192439
1785	1733	1.00852	0.00192439
1785	1734	1.00852	0.00192439
1785	1735	1.00852	0.00192439
1785	1736	1.00852	0.00192439
1785	1737	1.00852	0.00192439
1785	1738	1.00852	0.00192439
1785	1739	1.00852	0.00192439
1785	1740	1.00852	0.00192439
1785	1741	1.00852	0.00192439
1785	1742	1.00852	0.00192439
1785	1743	1.00852	0.00192439
1785	1744	1.00852	0.00192439
1785	1745	1.00852	0.00192439
1785	1746	1.00852	0.00192439
1785	1747	1.00852	0.00192439
1785	1748	1.00852	0.00192439
1785	1749	1.00852	0.00192439
1785	1750	1.00852	0.00192439
1785	1751	1.00852	0.00192439
1785	1752	1.00852	0.00192439
1785	1753	1.00852	0.00192439
1785	1754	1.00852	0.00192439
1785	1755	1.00852	0.00192439
1785	1756	1.00852	0.00192439
1785	1757	1.00852	0.00192439
1785	1758	1.00852	0.00192439
1785	1759	1.00852	0.00192439
1785	1760	1.00852	0.00192439
1785	1761	1.00852	0.00192439
1785	1762	1.00852	0.00192439
1785	1763	1.00852	0.00192439
1785	1764	1.00852	0.00192439
1785	1765	1.00852	0.00192439
1785	1766	1.00852	0.00192439
1785	1767	1.00852	0.00192439
1785	1768	1.00852	0.00192439
1785	1769	1.00852	0.00192439
1785	1770	1.00852	0.00192439
1785	1771	1.00852	0.00192439
1785	1772	1.00852	0.00192439
1785	1773	1.00852	0.00192439
1785	1774	1.00852	0.00192439
1785	1775	1.00852	0.00192439
1785	1776	1.00852	0.00192439
1785	1777	1.00852	0.00192439
1785	1778	1.00852	0.00192439
1785	1779	1.00852	0.00192439
1785	1780	1.00852	0.00192439
1785	1781	1.00852	0.00192439
1785	1782	1.00852	0.00192439
1785	1783	1.00852	0.00192439
1785	1784	1.00852	0.00192439
1785	1785	1.00852	0.00192439
1785	1786	1.00852	0.00192439
1785	1787	1.00852	0.00192439
1785	1788	1.00852	0.00192439
1785	1789	1.00852	0.00192439
1785	1790	1.00852	0.00192439
1785	1791	1.00852	0.00192439
1785	1792	1.00852	0.00192439
1785	1793	1.00852	0.00192439
1785	1794	1.00852	0.00192439
1785	1795	1.00852	0.00192439
1785	1796	1.00852	0.00192439
1785	1797	1.00852	0.00192439
1785	1798	1.00852	0.00192439
1785	1799	1.00852	0.00192439
1785	1800	1.00852	0.00192439
1785	1801	1.00852	0.00192439
1785	1802	1.00852	0.00192439
1785	1803	1.00852	0.00192439
1785	1804	1.00852	0.00192439
1785	1805	1.00852	0.00192439
1785	1806	1.00852	0.00192439
1785	1807	1.00852	0.00192439
1785	1808	1.00852	0.00192439
1785	1809	1.00852	0.00192439
1785	1810	1.00852	0.00192439
1785	1811	1.00852	0.00192439
1785	1812	1.00852	0.00192439
1785	1813	1.00852	0.00192439
1785	1814	1.00852	0.00192439
1785	1815	1.00852	0.00192439
1785	1816	1.00852	0.00192439
1785	1817	1.00852	0.00192439
1785	1818	1.00852	0.00192439
1785	1819	1.00852	0.00192439
1785	1820	1.00852	0.00192439
1785	1821	1.00852	0.00192439
1785	1822	1.00852	0.00192439
1785	1823	1.00852	0.00192439
1785	1824	1.00852	0.00192439
1785	1825	1.00852	0.00192439
1785	1826	1.00852	0.00192439
1785	1827	1.00852	0.00192439
1785	1828	1.00852	0.00192439
1785	1829	1.00852	0.00192439
1785	1830	1.00852	0.00192439
1785	1831	1.00852	0.00192439
1785	1832	1.00852	0.00192439
1785	1833	1.00852	0.00192439
1785	1834	1.00852	0.00192439
1785	1835	1.00852	0.00192439
1785	1836	1.00852	0.00192439
1785	1837	1.00852	0.00192439
1785	1838	1.00852	0.00192439
1785	1839	1.00852	0.00192439
1785	1840	1.00852	0.00192439
1785	1841	1.00852	0.00192439
1785	1842	1.00852	0.00192439
1785	1843	1.00852	0.00192439
1785	1844	1.00852	0.00192439
1785	1845	1.00852	0.00192439
1785	1846	1.00852	0.00192439
1785	1847	1.00852	0.00192439
1785	1848	1.00852	0.00192439
1785	1849	1.00852	0.00192439
1785	1850	1.00852	0.00192439
1785	1851	1.00852	0.00192439
1785	1852	1.00852	0.00192439
1785	1853	1.00852	0.00192439
1785	1854	1.00852	0.00192439
1785	1855	1.00852	0.00192439
1785	1856	1.00852	0.00192439
1785	1857	1.00852	0.00192439
1785	1858	1.00852	0.00192439
1785	1859	1.00852	0.00192439
1785	1860	1.00852	0.00192439
1785	1861	1.00852	0.00192439
1785	1862	1.00852	0.00192439
1785	1863	1.00852	0.00192439
1785	1864	1.00852	0.00192439
1785	1865	1.00852	0.00192439
1785	1866	1.00852	0.00192439
1785	1867	1.00852	0.00192439
1785	1868	1.00852	0.00192439
1785	1869	1.00852	0.00192439
1785	1870	1.00852	0.00192439
1785	1871	1.00852	0.00192439
1785	1872	1.00852	0.00192439
1785	1873	1.00852	0.00192439
1785	1874	1.00852	0.00192439
1785	1875	1.00852	0.00192439
1785	1876	1.00852	0.00192439
1785	1877	1.00852	0.00192439
1785	1878	1.00852	0.00192439
1785	1879	1.00852	0.00192439
1785	1880	1.00852	0.00192439
1785	1881	1.00852	0.00192439
1785	1882	1.00852	0.00192439
1785	1883	1.00852	0.00192439
1785	1884	1.00852	0.00192439
1785	1885	1.00852	0.00192439
1785	1886	1.00852	0.00192439
1785	1887	1.00852	0.00192439
1785	1888	1.00852	0.00192439
1785	1889	1.00852	0.00192439
1785	1890	1.00852	0.00192439
1785	1891	1.00852	0.00192439
1785	1892	1.00852	0.00192439
1785	1893	1.00852	0.00192439
1785	1894	1.00852	0.00192439
1785	1895	1.00852	0.00192439
1785	1896	1.00852	0.00192439
1785	1897	1.00852	0.00192439
1785	1898	1.00852	0.00192439
1785	1899	1.00852	0.00192439
1785	1900	1.00852	0.00192439
1785	1901	1.00852	0.00192439
1785	1902	1.00852	0.00192439
1785	1903	1.00852	0.00192439
1785	1904	1.00852	0.00192439
1785	1905	1.00852	0.00192439
1785	1906	1.00852	0.00192439
1785	1907	1.00852	0.00192439
1785	1908	1.00852	0.00192439
1785	1909	1.00852	0.00192439
1785	1910	1.00852	0.00192439
1785	1911	1.00852	0.00192439
1785	1912	1.00852	0.00192439
1785	1913	1.00852	0.00192439
1785	1914	1.00852	0.00192439
1785	1915	1.00852	0.00192439
1785	1916	1.00852	0.00192439
1785	1917	1.00852	0.00192439
1785	1918	1.00852	0.00192439
1785	1919	1.00852	0.00192439
1785	1920	1.00852	0.00192439
1785	1921	1.00852	0.00192439
1785	1922	1.00852	0.00192439
1785	1923	1.00852	0.00192439
1785	1924	1.00852	0.00192439
1785	1925	1.00852	0.00192439
1785	1926	1.00852	0.00192439
1785	1927	1.00852	0.00192439
1785	1928	1.00852	0.00192439
1785	1929	1.00852	0.00192439
1785	1930	1.00852	0.00192439
1785	1931	1.00852	0.00192439
1785	1932	1.00852	0.00192439
1785	1933	1.00852	0.00192439
1785	1934	1.00852	0.00192439
1785	1935	1.00852	0.00192439
1785	1936	1.00852	0.00192439
1785	1937	1.00852	0.00192439
1785	1938	1.00852	0.00192439
1785	1939	1.00852	0.00192439
1785	1940	1.00852	0.00192439
1785	1941	1.00852	0.00192439
1785	1942	1.00852	0.00192439
1785	1943	1.00852	0.00192439
1785	1944	1.00852	0.00192439
1785	1945	1.00852	0.00192439
1785	1946	1.00852	0.00192439
1785	1947	1.00852	0.00192439
1785	1948	1.00852	0.00192439
1785	1949	1.00852	0.00192439
1785	1950	1.00852	0.00192439
1785	1951	1.00852	0.00192439
1785	1952	1.00852	0.00192439
1785	1953	1.00852	0.00192439
1785	1954	1.00852	0.00192439
1785	1955	1.00852	0.00192439
1785	1956	1.00852	0.00192439
1785	1957	1.00852	0.00192439
1785	1958	1.00852	0.00192439
1785	1959	1.00852	0.00192439
1785	1960	1.00852	0.00192439
1785	1961	1.00852	0.00192439
1785	1962	1.00852	0.00192439
1785	1963	1.00852	0.00192439
1785	1964	1.00852	0.00192439
1785	1965	1.00852	0.00192439
1785	1966	1.00852	0.00192439
1785	1967	1.00852	0.00192439
1785	1968	1.00852	0.00192439
1785	1969	1.00852	0.00192439
1785	1970	1.00852	0.00192439
1785	1971	1.00852	0.00192439
1785	1972	1.00852	0.00192439
1785	1973	1.00852	0.00192439
1785	1974	1.00852	0.00192439
1785	1975	1.00852	0.00192439
1785	1976	1.00852	0.00192439
1785	1977	1.00852	0.00192439
1785	1978	1.00852	0.00192439
1785	1979	1.00852	0.00192439
1785	1980	1.00852	0.00192439
1785	1981	1.00852	0.00192439
1785	1982	1.00852	0.00192439
1785	1983	1.00852	0.00192439
1785	1984	1.00852	0.00192439
1785	1985	1.00852	0.00192439
1785	1986	1.00852	0.00192439
1785	1987	1.00852	0.00192439
1785	1988	1.00852	0.00192439
1785	1989	1.00852	0.00192439
1785	1990	1.00852	0.00192439
1785	1991	1.00852	0.00192439
1785	1992	1.00852	0.00192439
1785	1993	1.00852	0.00192439
1785	1994	1.00852	0.00192439
1785	1995	1.00852	0.00192439
1785	1996	1.00852	0.00192439
1785	1997	1.00852	0.00192439
1785	1998	1.00852	0.00192439
1785	1999	1.00852	0.00192439
1785	2000	1.00852	0.00192439
1785	2001	1.00852	0.00192439
1785	2002	1.00852	0.00192439
1785	2003	1.00852	0.00192439
1785	2004	1.00852	0.00192439
1785	2005	1.00852	0.00192439
1785	2006	1.00852	0.00192439
1785	2007	1.00852	0.00192439
1785	2008	1.00852	0.00192439
1785	2009	1.00852	0.00192439
1785	2010	1.00852	0.00192439
1785	2011	1.00852	0.00192439
1785	2012	1.00852	0.00192439
1785	2013	1.00852	0.00192439
1785	2014	1.00852	0.00192439
1785	2015	1.00852	0.00192439
1785	2016	1.00852	0.00192439
1785	2017	1.00852	0.00192439
1785	2018	1.00852	0.00192439
1785	2019	1.00852	0.00192439
1785	2020	1.00852	0.00192439
1785	2021	1.00852	0.00192439
1785	2022	1.00852	0.00192439
1785	2023	1.00852	0.00192439
1785	2024	1.00852	0.00192439
1785	2025	1.00852	0.00192439
1785	2026	1.00852	0.00192439
1785	2027	1.00852	0.00192439
1785	2028	1.00852	0.00192439
1785	2029	1.00852	0.00192439
1785	2030	1.00852	0.00192439
1785	2031	1.00852	0.00192439
1785	2032	1.00852	0.00192439
1785	2033	1.00852	0.00192439
1785	2034	1.00852	0.00192439
1785	2035	1.00852	0.00192439
1785	2036	1.00852	0.00192439
1785	2037	1.00852	0.00192439
1785	2038	1.00852	0.00192439
1785	2039	1.00852	0.00192439
1785	2040	1.00852	0.00192439
1785	2041	1.00852	0.00192439
1785	2042	1.00852	0.00192439
1785	2043	1.00852	0.00192439
1785	2044	1.00852	0.00192439
1785	2045	1.00852	0.00192439
1785	2046	1.00852	0.00192439
1785	2047	1.00852	0.00192439
1785	2048	1.00852	0.00192439
1785	2049	1.00852	0.00192439
1785	2050	1.00852	0.00192439
1785	2051	1.00852	0.00192439
1785	2052	1.00852	0.00192439
1785	2053	1.00852	0.00192439
1785	2054	1.00852	0.00192439
1785	2055	1.00852	0.00192439
1785	2056	1.00852	0.00192439
1785	2057	1.00852	0.00192439
1785	2058	1.00852	0.00192439
1785	2059	1.00852	0.00192439
1785	2060	1.00852	0.00192439
1785	2061	1.00852	0.00192439
1785	2062	1.00852	0.00192439
1785	2063	1.00852	0.00192439
1785	2064	1.00852	0.00192439
1785	2065	1.00852	0.00192439
1785	2066	1.00852	0.00192439
1785	2067	1.00852	0.00192439
1785	2068	1.00852	0.00192439
1785	2069	1.00852	0.00192439
1785	2070	1.00852	0.00192439
1785	2071	1.00852	0.00192439
1785	2072	1.00852	0.00192439
1785	2073	1.00852	0.00192439
1785	2074	1.00852	0.00192439
1785	2075	1.00852	0.00192439
1785	2076	1.00852	0.00192439
1785	2077	1.00852	0.00192439
1785	2078	1.00852	0.00192439
1785	2079	1.00852	0.00192439
1785	2080	1.00852	0.00192439
1785	2081	1.00852	0.00192439
1785	2082	1.00852	0.00192439
1785	2083	1.00852	0.00192439
1785	2084	1.00852	0.00192439
1785	2085	1.00852	0.00192439
1785	2086	1.00852	0.00192439
1785	2087	1.00852	0.00192439
1785	2088	1.00852	0.00192439
1785	2089	1.00852	0.00192439
1785	2090	1.00852	0.00192439
1785	2091	1.00852	0.00192439
1785	2092	1.00852	0.00192439
1785	2093	1.00852	0.00192439
1785	2094	1.00852	0.00192439
1785	2095	1.00852	0.00192439
1785	2096	1.00852	0.00192439
1785	2097	1.00852	0.00192439
1785	2098	1.00852	0.00192439
1785	2099	1.00852	0.00192439
1785	2100	1.00852	0.00192439
1785	2101	1.00852	0.00192439
1785	2102	1.00852	0.00192439
1785	2103	1.00852	0.00192439
1785	2104	1.00852	0.00192439
1785	2105	1.00852	0.00192439
1785	2106	1.00852	0.00192439
1785	2107	1.00852	0.00192439
1785	2108	1.00852	0.00192439
1785	2109	1.00852	0.00192439
1785	2110	1.00852	0.00192439
1785	2111	1.00852	0.00192439
1785	2112	1.00852	0.00192439
1785	2113	1.00852	0.00192439
1785	2114	1.00852	0.00192439
1785	2115	1.00852	0.00192439
1785	2116	1.00852	0.00192439
1785	2117	1.00852	0.00192439
1785	2118	1.00852	0.00192439
1785	2119	1.00852	0.00192439
1785	2120	1.00852	0.00192439
1785	2121	1.00852	0.00192439
1785	2122	1.00852	0.00192439
1785	2123	1.00852	0.00192439
1785	2124	1.00852	0.00192439
1785	2125	1.00852	0.00192439
1785	2126	1.00852	0.00192439
1785	2127	1.00852	0.00192439
1785	2128	1.00852	0.00192439
1785	2129	1.00852	0.00192439
1785	2130	1.00852	0.00192439
1785	2131	1.00852	0.00192439
1785	2132	1.00852	0.00192439
1785	2133	1.00852	0.00192439
1785	2134	1.00852	0.00192439
1785	2135	1.00852	0.00192439
1785	2136	1.00852	0.00192439
1785	2137	1.00852	0.00192439
1785	2138	1.00852	0.00192439
1785	2139	1.00852	0.00192439
1785	2140	1.00852	0.00192439
1785	2141	1.00852	0.00192439
1785	2142	1.00852	0.00192439
1785	2143	1.00852	0.00192439
1785	2144	1.00852	0.00192439
1785	2145	1.00852	0.00192439
1785	2146	1.00852	0.00192439
1785	2147	1.00852	0.00192439
1785	2148	1.00852	0.00192439
1785	2149	1.00852	0.00192439
1785	2150	1.00852	0.00192439
1785	2151	1.00852	0.00192439
1785	2152	1.00852	0.00192439
1785	2153	1.00852	0.00192439
1785	2154	1.00852	0.00192439
1785	2155	1.00852	0.00192439
1785	2156	1.00852	0.00192439
1785	2157	1.00852	0.00192439
1785	2158	1.00852	0.00192439
1785	2159	1.00852	0.00192439
1785	2160	1.00852	0.00192439
1785	2161	1.00852	0.00192439
1785	2162	1.00852	0.00192439
1785	2163	1.00852	0.00192439
1785	2164	1.00852	0.00192439
1785	2165	1.00852	0.00192439
1785	2166	1.00852	0.00192439
1785	2167	1.00852	0.00192439
1785	2168	1.00852	0.00192439
1785	2169	1.00852	0.00192439
1785	2170	1.00852	0.00192439
1785	2171	1.00852	0.00192439
1785	2172	1.00852	0.00192439
1785	2173	1.00852	0.00192439
1785	2174	1.00852	0.00192439
1785	2175	1.00852	0.00192439
1785	2176	1.00852	0.00192439
1785	2177	1.00852	0.00192439
1785	2178	1.00852	0.00192439
1785	2179	1.00852	0.00192439
1785	2180	1.00852	0.00192439
1785	2181	1.00852	0.00192439
1785	2182	1.00852	0.00192439
1785	2183	1.00852	0.00192439
1785	2184	1.00852	0.00192439
1785	2185	1.00852	0.00192439
1785	2186	1.00852	0.00192439
1785	2187	1.00852	0.00192439
1785	2188	1.00852	0.00192439
1785	2189	1.00852	0.00192439
1785	2190	1.00852	0.00192439
1785	2191	1.00852	0.00192439
1785	2192	1.00852	0.00192439
1785	2193	1.00852	0.00192439
1785	2194	1.00852	0.00192439
1785	2195	1.00852	0.00192439
1785	2196	1.00852	0.00192439
1785	2197	1.00852	0.00192439
1785	2198	1.00852	0.00192439
1785	2199	1.00852	0.00192439
1785	2200	1.00852	0.00192439
1785	2201	1.00852	0.00192439
1785	2202	1.00852	0.00192439
1785	2203	1.00852	0.00192439
1785	2204	1.00852	0.00192439
1785	2205	1.00852	0.00192439
1785	2206	1.00852	0.00192439
1785	2207	1.00852	0.00192439
1785	2208	1.00852	0.00192439
1785	2209	1.00852	0.00192439
1785	2210	1.00852	0.00192439
1785	2211	1.00852	0.00192439
1785	2212	1.00852	0.00192439
1785	2213	1.00852	0.00192439
1785	2214	1.00852	0.00192439
1785	2215	1.00852	0.00192439
1785	2216	1.00852	0.00192439
1785	2217	1.00852	0.00192439
1785	2218	1.00852	0.00192439
1785	2219	1.00852	0.00192439
1785	2220	1.00852	0.00192439
1785	2221	1.00852	0.00192439
1785	2222	1.00852	0.00192439
1785	2223	1.00852	0.00192439
1785	2224	1.00852	0.00192439
1785	2225	1.00852	0.00192439
1785	2226	1.00852	0.00192439
1785	2227	1.00852	0.00192439
1785	2228	1.00852	0.00192439
1785	2229	1.00852	0.00192439
1785	2230	1.00852	0.00192439
1785	2231	1.00852	0.00192439
1785	2232	1.00852	0.00192439
1785	2233	1.00852	0.00192439
1785	2234	1.00852	0.00192439
1785	2235	1.00852	0.00192439
1785	2236	1.00852	0.00192439
1785	2237	1.00852	0.00192439
1785	2238	1.00852	0.00192439
1785	2239	1.00852	0.00192439
1785	2240	1.00852	0.00192439
1785	2241	1.00852	0.00192439
1785	2242	1.00852	0.00192439
1785	2243	1.00852	0.00192439
1785	2244	1.00852	0.00192439
1785	2245	1.00852	0.00192439
1785	2246	1.00852	0.00192439
1785	2247	1.00852	0.00192439
1785	2248	1.00852	0.00192439
1785	2249	1.00852	0.00192439
1785	2250	1.00852	0.00192439
1785	2251	1.00852	0.00192439
1785	2252	1.00852	0.00192439
1785	2253	1.00852	0.00192439
1785	2254	1.00852	0.00192439
1785	2255	1.00852	0.00192439
1785	2256	1.00852	0.00192439
1785	2257	1.00852	0.00192439
1785	2258	1.00852	0.00192439
1785	2259	1.00852	0.00192439
1785	2260	1.00852	0.00192439
1785	2261	1.00852	0.00192439
1785	2262	1.00852	0.00192439
1785	2263	1.00852	0.00192439
1785	2264	1.00852	0.00192439
1785	2265	1.00852	0.00192439
