1914	0	1.02169	0.00197262
1914	1	1.02169	0.00197262
1914	2	1.02169	0.00197262
1914	3	1.02169	0.00197262
1914	4	1.02169	0.00197262
1914	5	1.02169	0.00197262
1914	6	1.02169	0.00197262
1914	7	1.02169	0.00197262
1914	8	1.02169	0.00197262
1914	9	1.02169	0.00197262
1914	10	1.02169	0.00197262
1914	11	1.02169	0.00197262
1914	12	1.02169	0.00197262
1914	13	1.02169	0.00197262
1914	14	1.02169	0.00197262
1914	15	1.02169	0.00197262
1914	16	1.02169	0.00197262
1914	17	1.02169	0.00197262
1914	18	1.02169	0.00197262
1914	19	1.02169	0.00197262
1914	20	1.02169	0.00197262
1914	21	1.02169	0.00197262
1914	22	1.02169	0.00197262
1914	23	1.02169	0.00197262
1914	24	1.02169	0.00197262
1914	25	1.02169	0.00197262
1914	26	1.02169	0.00197262
1914	27	1.02169	0.00197262
1914	28	1.02169	0.00197262
1914	29	1.02169	0.00197262
1914	30	1.02169	0.00197262
1914	31	1.02169	0.00197262
1914	32	1.02169	0.00197262
1914	33	1.02169	0.00197262
1914	34	1.02169	0.00197262
1914	35	1.02169	0.00197262
1914	36	1.02169	0.00197262
1914	37	1.02169	0.00197262
1914	38	1.02169	0.00197262
1914	39	1.02169	0.00197262
1914	40	1.02169	0.00197262
1914	41	1.02169	0.00197262
1914	42	1.02169	0.00197262
1914	43	1.02169	0.00197262
1914	44	1.02169	0.00197262
1914	45	1.02169	0.00197262
1914	46	1.02169	0.00197262
1914	47	1.02169	0.00197262
1914	48	1.02169	0.00197262
1914	49	1.02169	0.00197262
1914	50	1.02169	0.00197262
1914	51	1.02169	0.00197262
1914	52	1.02169	0.00197262
1914	53	1.02169	0.00197262
1914	54	1.02169	0.00197262
1914	55	1.02169	0.00197262
1914	56	1.02169	0.00197262
1914	57	1.02169	0.00197262
1914	58	1.02169	0.00197262
1914	59	1.02169	0.00197262
1914	60	1.02169	0.00197262
1914	61	1.02169	0.00197262
1914	62	1.02169	0.00197262
1914	63	1.02169	0.00197262
1914	64	1.02169	0.00197262
1914	65	1.02169	0.00197262
1914	66	1.02169	0.00197262
1914	67	1.02169	0.00197262
1914	68	1.02169	0.00197262
1914	69	1.02169	0.00197262
1914	70	1.02169	0.00197262
1914	71	1.02169	0.00197262
1914	72	1.02169	0.00197262
1914	73	1.02169	0.00197262
1914	74	1.02169	0.00197262
1914	75	1.02169	0.00197262
1914	76	1.02169	0.00197262
1914	77	1.02169	0.00197262
1914	78	1.02169	0.00197262
1914	79	1.02169	0.00197262
1914	80	1.02169	0.00197262
1914	81	1.02169	0.00197262
1914	82	1.02169	0.00197262
1914	83	1.02169	0.00197262
1914	84	1.02169	0.00197262
1914	85	1.02169	0.00197262
1914	86	1.02169	0.00197262
1914	87	1.02169	0.00197262
1914	88	1.02169	0.00197262
1914	89	1.02169	0.00197262
1914	90	1.02169	0.00197262
1914	91	1.02169	0.00197262
1914	92	1.02169	0.00197262
1914	93	1.02169	0.00197262
1914	94	1.02169	0.00197262
1914	95	1.02169	0.00197262
1914	96	1.02169	0.00197262
1914	97	1.02169	0.00197262
1914	98	1.02169	0.00197262
1914	99	1.02169	0.00197262
1914	100	1.02169	0.00197262
1914	101	1.02169	0.00197262
1914	102	1.02169	0.00197262
1914	103	1.02169	0.00197262
1914	104	1.02169	0.00197262
1914	105	1.02169	0.00197262
1914	106	1.02169	0.00197262
1914	107	1.02169	0.00197262
1914	108	1.02169	0.00197262
1914	109	1.02169	0.00197262
1914	110	1.02169	0.00197262
1914	111	1.02169	0.00197262
1914	112	1.02169	0.00197262
1914	113	1.02169	0.00197262
1914	114	1.02169	0.00197262
1914	115	1.02169	0.00197262
1914	116	1.02169	0.00197262
1914	117	1.02169	0.00197262
1914	118	1.02169	0.00197262
1914	119	1.02169	0.00197262
1914	120	1.02169	0.00197262
1914	121	1.02169	0.00197262
1914	122	1.02169	0.00197262
1914	123	1.02169	0.00197262
1914	124	1.02169	0.00197262
1914	125	1.02169	0.00197262
1914	126	1.02169	0.00197262
1914	127	1.02169	0.00197262
1914	128	1.02169	0.00197262
1914	129	1.02169	0.00197262
1914	130	1.02169	0.00197262
1914	131	1.02169	0.00197262
1914	132	1.02169	0.00197262
1914	133	1.02169	0.00197262
1914	134	1.02169	0.00197262
1914	135	1.02169	0.00197262
1914	136	1.02169	0.00197262
1914	137	1.02169	0.00197262
1914	138	1.02169	0.00197262
1914	139	1.02169	0.00197262
1914	140	1.02169	0.00197262
1914	141	1.02169	0.00197262
1914	142	1.02169	0.00197262
1914	143	1.02169	0.00197262
1914	144	1.02169	0.00197262
1914	145	1.02169	0.00197262
1914	146	1.02169	0.00197262
1914	147	1.02169	0.00197262
1914	148	1.02169	0.00197262
1914	149	1.02169	0.00197262
1914	150	1.02169	0.00197262
1914	151	1.02169	0.00197262
1914	152	1.02169	0.00197262
1914	153	1.02169	0.00197262
1914	154	1.02169	0.00197262
1914	155	1.02169	0.00197262
1914	156	1.02169	0.00197262
1914	157	1.02169	0.00197262
1914	158	1.02169	0.00197262
1914	159	1.02169	0.00197262
1914	160	1.02169	0.00197262
1914	161	1.02169	0.00197262
1914	162	1.02169	0.00197262
1914	163	1.02169	0.00197262
1914	164	1.02169	0.00197262
1914	165	1.02169	0.00197262
1914	166	1.02169	0.00197262
1914	167	1.02169	0.00197262
1914	168	1.02169	0.00197262
1914	169	1.02169	0.00197262
1914	170	1.02169	0.00197262
1914	171	1.02169	0.00197262
1914	172	1.02169	0.00197262
1914	173	1.02169	0.00197262
1914	174	1.02169	0.00197262
1914	175	1.02169	0.00197262
1914	176	1.02169	0.00197262
1914	177	1.02169	0.00197262
1914	178	1.02169	0.00197262
1914	179	1.02169	0.00197262
1914	180	1.02169	0.00197262
1914	181	1.02169	0.00197262
1914	182	1.02169	0.00197262
1914	183	1.02169	0.00197262
1914	184	1.02169	0.00197262
1914	185	1.02169	0.00197262
1914	186	1.02169	0.00197262
1914	187	1.02169	0.00197262
1914	188	1.02169	0.00197262
1914	189	1.02169	0.00197262
1914	190	1.02169	0.00197262
1914	191	1.02169	0.00197262
1914	192	1.02169	0.00197262
1914	193	1.02169	0.00197262
1914	194	1.02169	0.00197262
1914	195	1.02169	0.00197262
1914	196	1.02169	0.00197262
1914	197	1.02169	0.00197262
1914	198	1.02169	0.00197262
1914	199	1.02169	0.00197262
1914	200	1.02169	0.00197262
1914	201	1.02169	0.00197262
1914	202	1.02169	0.00197262
1914	203	1.02169	0.00197262
1914	204	1.02169	0.00197262
1914	205	1.02169	0.00197262
1914	206	1.02169	0.00197262
1914	207	1.02169	0.00197262
1914	208	1.02169	0.00197262
1914	209	1.02169	0.00197262
1914	210	1.02169	0.00197262
1914	211	1.02169	0.00197262
1914	212	1.02169	0.00197262
1914	213	1.02169	0.00197262
1914	214	1.02169	0.00197262
1914	215	1.02169	0.00197262
1914	216	1.02169	0.00197262
1914	217	1.02169	0.00197262
1914	218	1.02169	0.00197262
1914	219	1.02169	0.00197262
1914	220	1.02169	0.00197262
1914	221	1.02169	0.00197262
1914	222	1.02169	0.00197262
1914	223	1.02169	0.00197262
1914	224	1.02169	0.00197262
1914	225	1.02169	0.00197262
1914	226	1.02169	0.00197262
1914	227	1.02169	0.00197262
1914	228	1.02169	0.00197262
1914	229	1.02169	0.00197262
1914	230	1.02169	0.00197262
1914	231	1.02169	0.00197262
1914	232	1.02169	0.00197262
1914	233	1.02169	0.00197262
1914	234	1.02169	0.00197262
1914	235	1.02169	0.00197262
1914	236	1.02169	0.00197262
1914	237	1.02169	0.00197262
1914	238	1.02169	0.00197262
1914	239	1.02169	0.00197262
1914	240	1.02169	0.00197262
1914	241	1.02169	0.00197262
1914	242	1.02169	0.00197262
1914	243	1.02169	0.00197262
1914	244	1.02169	0.00197262
1914	245	1.02169	0.00197262
1914	246	1.02169	0.00197262
1914	247	1.02169	0.00197262
1914	248	1.02169	0.00197262
1914	249	1.02169	0.00197262
1914	250	1.02169	0.00197262
1914	251	1.02169	0.00197262
1914	252	1.02169	0.00197262
1914	253	1.02169	0.00197262
1914	254	1.02169	0.00197262
1914	255	1.02169	0.00197262
1914	256	1.02169	0.00197262
1914	257	1.02169	0.00197262
1914	258	1.02169	0.00197262
1914	259	1.02169	0.00197262
1914	260	1.02169	0.00197262
1914	261	1.02169	0.00197262
1914	262	1.02169	0.00197262
1914	263	1.02169	0.00197262
1914	264	1.02169	0.00197262
1914	265	1.02169	0.00197262
1914	266	1.02169	0.00197262
1914	267	1.02169	0.00197262
1914	268	1.02169	0.00197262
1914	269	1.02169	0.00197262
1914	270	1.02169	0.00197262
1914	271	1.02169	0.00197262
1914	272	1.02169	0.00197262
1914	273	1.02169	0.00197262
1914	274	1.02169	0.00197262
1914	275	1.02169	0.00197262
1914	276	1.02169	0.00197262
1914	277	1.02169	0.00197262
1914	278	1.02169	0.00197262
1914	279	1.02169	0.00197262
1914	280	1.02169	0.00197262
1914	281	1.02169	0.00197262
1914	282	1.02169	0.00197262
1914	283	1.02169	0.00197262
1914	284	1.02169	0.00197262
1914	285	1.02169	0.00197262
1914	286	1.02169	0.00197262
1914	287	1.02169	0.00197262
1914	288	1.02169	0.00197262
1914	289	1.02169	0.00197262
1914	290	1.02169	0.00197262
1914	291	1.02169	0.00197262
1914	292	1.02169	0.00197262
1914	293	1.02169	0.00197262
1914	294	1.02169	0.00197262
1914	295	1.02169	0.00197262
1914	296	1.02169	0.00197262
1914	297	1.02169	0.00197262
1914	298	1.02169	0.00197262
1914	299	1.02169	0.00197262
1914	300	1.02169	0.00197262
1914	301	1.02169	0.00197262
1914	302	1.02169	0.00197262
1914	303	1.02169	0.00197262
1914	304	1.02169	0.00197262
1914	305	1.02169	0.00197262
1914	306	1.02169	0.00197262
1914	307	1.02169	0.00197262
1914	308	1.02169	0.00197262
1914	309	1.02169	0.00197262
1914	310	1.02169	0.00197262
1914	311	1.02169	0.00197262
1914	312	1.02169	0.00197262
1914	313	1.02169	0.00197262
1914	314	1.02169	0.00197262
1914	315	1.02169	0.00197262
1914	316	1.02169	0.00197262
1914	317	1.02169	0.00197262
1914	318	1.02169	0.00197262
1914	319	1.02169	0.00197262
1914	320	1.02169	0.00197262
1914	321	1.02169	0.00197262
1914	322	1.02169	0.00197262
1914	323	1.02169	0.00197262
1914	324	1.02169	0.00197262
1914	325	1.02169	0.00197262
1914	326	1.02169	0.00197262
1914	327	1.02169	0.00197262
1914	328	1.02169	0.00197262
1914	329	1.02169	0.00197262
1914	330	1.02169	0.00197262
1914	331	1.02169	0.00197262
1914	332	1.02169	0.00197262
1914	333	1.02169	0.00197262
1914	334	1.02169	0.00197262
1914	335	1.02169	0.00197262
1914	336	1.02169	0.00197262
1914	337	1.02169	0.00197262
1914	338	1.02169	0.00197262
1914	339	1.02169	0.00197262
1914	340	1.02169	0.00197262
1914	341	1.02169	0.00197262
1914	342	1.02169	0.00197262
1914	343	1.02169	0.00197262
1914	344	1.02169	0.00197262
1914	345	1.02169	0.00197262
1914	346	1.02169	0.00197262
1914	347	1.02169	0.00197262
1914	348	1.02169	0.00197262
1914	349	1.02169	0.00197262
1914	350	1.02169	0.00197262
1914	351	1.02169	0.00197262
1914	352	1.02169	0.00197262
1914	353	1.02169	0.00197262
1914	354	1.02169	0.00197262
1914	355	1.02169	0.00197262
1914	356	1.02169	0.00197262
1914	357	1.02169	0.00197262
1914	358	1.02169	0.00197262
1914	359	1.02169	0.00197262
1914	360	1.02169	0.00197262
1914	361	1.02169	0.00197262
1914	362	1.02169	0.00197262
1914	363	1.02169	0.00197262
1914	364	1.02169	0.00197262
1914	365	1.02169	0.00197262
1914	366	1.02169	0.00197262
1914	367	1.02169	0.00197262
1914	368	1.02169	0.00197262
1914	369	1.02169	0.00197262
1914	370	1.02169	0.00197262
1914	371	1.02169	0.00197262
1914	372	1.02169	0.00197262
1914	373	1.02169	0.00197262
1914	374	1.02169	0.00197262
1914	375	1.02169	0.00197262
1914	376	1.02169	0.00197262
1914	377	1.02169	0.00197262
1914	378	1.02169	0.00197262
1914	379	1.02169	0.00197262
1914	380	1.02169	0.00197262
1914	381	1.02169	0.00197262
1914	382	1.02169	0.00197262
1914	383	1.02169	0.00197262
1914	384	1.02169	0.00197262
1914	385	1.02169	0.00197262
1914	386	1.02169	0.00197262
1914	387	1.02169	0.00197262
1914	388	1.02169	0.00197262
1914	389	1.02169	0.00197262
1914	390	1.02169	0.00197262
1914	391	1.02169	0.00197262
1914	392	1.02169	0.00197262
1914	393	1.02169	0.00197262
1914	394	1.02169	0.00197262
1914	395	1.02169	0.00197262
1914	396	1.02169	0.00197262
1914	397	1.02169	0.00197262
1914	398	1.02169	0.00197262
1914	399	1.02169	0.00197262
1914	400	1.02169	0.00197262
1914	401	1.02169	0.00197262
1914	402	1.02169	0.00197262
1914	403	1.02169	0.00197262
1914	404	1.02169	0.00197262
1914	405	1.02169	0.00197262
1914	406	1.02169	0.00197262
1914	407	1.02169	0.00197262
1914	408	1.02169	0.00197262
1914	409	1.02169	0.00197262
1914	410	1.02169	0.00197262
1914	411	1.02169	0.00197262
1914	412	1.02169	0.00197262
1914	413	1.02169	0.00197262
1914	414	1.02169	0.00197262
1914	415	1.02169	0.00197262
1914	416	1.02169	0.00197262
1914	417	1.02169	0.00197262
1914	418	1.02169	0.00197262
1914	419	1.02169	0.00197262
1914	420	1.02169	0.00197262
1914	421	1.02169	0.00197262
1914	422	1.02169	0.00197262
1914	423	1.02169	0.00197262
1914	424	1.02169	0.00197262
1914	425	1.02169	0.00197262
1914	426	1.02169	0.00197262
1914	427	1.02169	0.00197262
1914	428	1.02169	0.00197262
1914	429	1.02169	0.00197262
1914	430	1.02169	0.00197262
1914	431	1.02169	0.00197262
1914	432	1.02169	0.00197262
1914	433	1.02169	0.00197262
1914	434	1.02169	0.00197262
1914	435	1.02169	0.00197262
1914	436	1.02169	0.00197262
1914	437	1.02169	0.00197262
1914	438	1.02169	0.00197262
1914	439	1.02169	0.00197262
1914	440	1.02169	0.00197262
1914	441	1.02169	0.00197262
1914	442	1.02169	0.00197262
1914	443	1.02169	0.00197262
1914	444	1.02169	0.00197262
1914	445	1.02169	0.00197262
1914	446	1.02169	0.00197262
1914	447	1.02169	0.00197262
1914	448	1.02169	0.00197262
1914	449	1.02169	0.00197262
1914	450	1.02169	0.00197262
1914	451	1.02169	0.00197262
1914	452	1.02169	0.00197262
1914	453	1.02169	0.00197262
1914	454	1.02169	0.00197262
1914	455	1.02169	0.00197262
1914	456	1.02169	0.00197262
1914	457	1.02169	0.00197262
1914	458	1.02169	0.00197262
1914	459	1.02169	0.00197262
1914	460	1.02169	0.00197262
1914	461	1.02169	0.00197262
1914	462	1.02169	0.00197262
1914	463	1.02169	0.00197262
1914	464	1.02169	0.00197262
1914	465	1.02169	0.00197262
1914	466	1.02169	0.00197262
1914	467	1.02169	0.00197262
1914	468	1.02169	0.00197262
1914	469	1.02169	0.00197262
1914	470	1.02169	0.00197262
1914	471	1.02169	0.00197262
1914	472	1.02169	0.00197262
1914	473	1.02169	0.00197262
1914	474	1.02169	0.00197262
1914	475	1.02169	0.00197262
1914	476	1.02169	0.00197262
1914	477	1.02169	0.00197262
1914	478	1.02169	0.00197262
1914	479	1.02169	0.00197262
1914	480	1.02169	0.00197262
1914	481	1.02169	0.00197262
1914	482	1.02169	0.00197262
1914	483	1.02169	0.00197262
1914	484	1.02169	0.00197262
1914	485	1.02169	0.00197262
1914	486	1.02169	0.00197262
1914	487	1.02169	0.00197262
1914	488	1.02169	0.00197262
1914	489	1.02169	0.00197262
1914	490	1.02169	0.00197262
1914	491	1.02169	0.00197262
1914	492	1.02169	0.00197262
1914	493	1.02169	0.00197262
1914	494	1.02169	0.00197262
1914	495	1.02169	0.00197262
1914	496	1.02169	0.00197262
1914	497	1.02169	0.00197262
1914	498	1.02169	0.00197262
1914	499	1.02169	0.00197262
1914	500	1.02169	0.00197262
1914	501	1.02169	0.00197262
1914	502	1.02169	0.00197262
1914	503	1.02169	0.00197262
1914	504	1.02169	0.00197262
1914	505	1.02169	0.00197262
1914	506	1.02169	0.00197262
1914	507	1.02169	0.00197262
1914	508	1.02169	0.00197262
1914	509	1.02169	0.00197262
1914	510	1.02169	0.00197262
1914	511	1.02169	0.00197262
1914	512	1.02169	0.00197262
1914	513	1.02169	0.00197262
1914	514	1.02169	0.00197262
1914	515	1.02169	0.00197262
1914	516	1.02169	0.00197262
1914	517	1.02169	0.00197262
1914	518	1.02169	0.00197262
1914	519	1.02169	0.00197262
1914	520	1.02169	0.00197262
1914	521	1.02169	0.00197262
1914	522	1.02169	0.00197262
1914	523	1.02169	0.00197262
1914	524	1.02169	0.00197262
1914	525	1.02169	0.00197262
1914	526	1.02169	0.00197262
1914	527	1.02169	0.00197262
1914	528	1.02169	0.00197262
1914	529	1.02169	0.00197262
1914	530	1.02169	0.00197262
1914	531	1.02169	0.00197262
1914	532	1.02169	0.00197262
1914	533	1.02169	0.00197262
1914	534	1.02169	0.00197262
1914	535	1.02169	0.00197262
1914	536	1.02169	0.00197262
1914	537	1.02169	0.00197262
1914	538	1.02169	0.00197262
1914	539	1.02169	0.00197262
1914	540	1.02169	0.00197262
1914	541	1.02169	0.00197262
1914	542	1.02169	0.00197262
1914	543	1.02169	0.00197262
1914	544	1.02169	0.00197262
1914	545	1.02169	0.00197262
1914	546	1.02169	0.00197262
1914	547	1.02169	0.00197262
1914	548	1.02169	0.00197262
1914	549	1.02169	0.00197262
1914	550	1.02169	0.00197262
1914	551	1.02169	0.00197262
1914	552	1.02169	0.00197262
1914	553	1.02169	0.00197262
1914	554	1.02169	0.00197262
1914	555	1.02169	0.00197262
1914	556	1.02169	0.00197262
1914	557	1.02169	0.00197262
1914	558	1.02169	0.00197262
1914	559	1.02169	0.00197262
1914	560	1.02169	0.00197262
1914	561	1.02169	0.00197262
1914	562	1.02169	0.00197262
1914	563	1.02169	0.00197262
1914	564	1.02169	0.00197262
1914	565	1.02169	0.00197262
1914	566	1.02169	0.00197262
1914	567	1.02169	0.00197262
1914	568	1.02169	0.00197262
1914	569	1.02169	0.00197262
1914	570	1.02169	0.00197262
1914	571	1.02169	0.00197262
1914	572	1.02169	0.00197262
1914	573	1.02169	0.00197262
1914	574	1.02169	0.00197262
1914	575	1.02169	0.00197262
1914	576	1.02169	0.00197262
1914	577	1.02169	0.00197262
1914	578	1.02169	0.00197262
1914	579	1.02169	0.00197262
1914	580	1.02169	0.00197262
1914	581	1.02169	0.00197262
1914	582	1.02169	0.00197262
1914	583	1.02169	0.00197262
1914	584	1.02169	0.00197262
1914	585	1.02169	0.00197262
1914	586	1.02169	0.00197262
1914	587	1.02169	0.00197262
1914	588	1.02169	0.00197262
1914	589	1.02169	0.00197262
1914	590	1.02169	0.00197262
1914	591	1.02169	0.00197262
1914	592	1.02169	0.00197262
1914	593	1.02169	0.00197262
1914	594	1.02169	0.00197262
1914	595	1.02169	0.00197262
1914	596	1.02169	0.00197262
1914	597	1.02169	0.00197262
1914	598	1.02169	0.00197262
1914	599	1.02169	0.00197262
1914	600	1.02169	0.00197262
1914	601	1.02169	0.00197262
1914	602	1.02169	0.00197262
1914	603	1.02169	0.00197262
1914	604	1.02169	0.00197262
1914	605	1.02169	0.00197262
1914	606	1.02169	0.00197262
1914	607	1.02169	0.00197262
1914	608	1.02169	0.00197262
1914	609	1.02169	0.00197262
1914	610	1.02169	0.00197262
1914	611	1.02169	0.00197262
1914	612	1.02169	0.00197262
1914	613	1.02169	0.00197262
1914	614	1.02169	0.00197262
1914	615	1.02169	0.00197262
1914	616	1.02169	0.00197262
1914	617	1.02169	0.00197262
1914	618	1.02169	0.00197262
1914	619	1.02169	0.00197262
1914	620	1.02169	0.00197262
1914	621	1.02169	0.00197262
1914	622	1.02169	0.00197262
1914	623	1.02169	0.00197262
1914	624	1.02169	0.00197262
1914	625	1.02169	0.00197262
1914	626	1.02169	0.00197262
1914	627	1.02169	0.00197262
1914	628	1.02169	0.00197262
1914	629	1.02169	0.00197262
1914	630	1.02169	0.00197262
1914	631	1.02169	0.00197262
1914	632	1.02169	0.00197262
1914	633	1.02169	0.00197262
1914	634	1.02169	0.00197262
1914	635	1.02169	0.00197262
1914	636	1.02169	0.00197262
1914	637	1.02169	0.00197262
1914	638	1.02169	0.00197262
1914	639	1.02169	0.00197262
1914	640	1.02169	0.00197262
1914	641	1.02169	0.00197262
1914	642	1.02169	0.00197262
1914	643	1.02169	0.00197262
1914	644	1.02169	0.00197262
1914	645	1.02169	0.00197262
1914	646	1.02169	0.00197262
1914	647	1.02169	0.00197262
1914	648	1.02169	0.00197262
1914	649	1.02169	0.00197262
1914	650	1.02169	0.00197262
1914	651	1.02169	0.00197262
1914	652	1.02169	0.00197262
1914	653	1.02169	0.00197262
1914	654	1.02169	0.00197262
1914	655	1.02169	0.00197262
1914	656	1.02169	0.00197262
1914	657	1.02169	0.00197262
1914	658	1.02169	0.00197262
1914	659	1.02169	0.00197262
1914	660	1.02169	0.00197262
1914	661	1.02169	0.00197262
1914	662	1.02169	0.00197262
1914	663	1.02169	0.00197262
1914	664	1.02169	0.00197262
1914	665	1.02169	0.00197262
1914	666	1.02169	0.00197262
1914	667	1.02169	0.00197262
1914	668	1.02169	0.00197262
1914	669	1.02169	0.00197262
1914	670	1.02169	0.00197262
1914	671	1.02169	0.00197262
1914	672	1.02169	0.00197262
1914	673	1.02169	0.00197262
1914	674	1.02169	0.00197262
1914	675	1.02169	0.00197262
1914	676	1.02169	0.00197262
1914	677	1.02169	0.00197262
1914	678	1.02169	0.00197262
1914	679	1.02169	0.00197262
1914	680	1.02169	0.00197262
1914	681	1.02169	0.00197262
1914	682	1.02169	0.00197262
1914	683	1.02169	0.00197262
1914	684	1.02169	0.00197262
1914	685	1.02169	0.00197262
1914	686	1.02169	0.00197262
1914	687	1.02169	0.00197262
1914	688	1.02169	0.00197262
1914	689	1.02169	0.00197262
1914	690	1.02169	0.00197262
1914	691	1.02169	0.00197262
1914	692	1.02169	0.00197262
1914	693	1.02169	0.00197262
1914	694	1.02169	0.00197262
1914	695	1.02169	0.00197262
1914	696	1.02169	0.00197262
1914	697	1.02169	0.00197262
1914	698	1.02169	0.00197262
1914	699	1.02169	0.00197262
1914	700	1.02169	0.00197262
1914	701	1.02169	0.00197262
1914	702	1.02169	0.00197262
1914	703	1.02169	0.00197262
1914	704	1.02169	0.00197262
1914	705	1.02169	0.00197262
1914	706	1.02169	0.00197262
1914	707	1.02169	0.00197262
1914	708	1.02169	0.00197262
1914	709	1.02169	0.00197262
1914	710	1.02169	0.00197262
1914	711	1.02169	0.00197262
1914	712	1.02169	0.00197262
1914	713	1.02169	0.00197262
1914	714	1.02169	0.00197262
1914	715	1.02169	0.00197262
1914	716	1.02169	0.00197262
1914	717	1.02169	0.00197262
1914	718	1.02169	0.00197262
1914	719	1.02169	0.00197262
1914	720	1.02169	0.00197262
1914	721	1.02169	0.00197262
1914	722	1.02169	0.00197262
1914	723	1.02169	0.00197262
1914	724	1.02169	0.00197262
1914	725	1.02169	0.00197262
1914	726	1.02169	0.00197262
1914	727	1.02169	0.00197262
1914	728	1.02169	0.00197262
1914	729	1.02169	0.00197262
1914	730	1.02169	0.00197262
1914	731	1.02169	0.00197262
1914	732	1.02169	0.00197262
1914	733	1.02169	0.00197262
1914	734	1.02169	0.00197262
1914	735	1.02169	0.00197262
1914	736	1.02169	0.00197262
1914	737	1.02169	0.00197262
1914	738	1.02169	0.00197262
1914	739	1.02169	0.00197262
1914	740	1.02169	0.00197262
1914	741	1.02169	0.00197262
1914	742	1.02169	0.00197262
1914	743	1.02169	0.00197262
1914	744	1.02169	0.00197262
1914	745	1.02169	0.00197262
1914	746	1.02169	0.00197262
1914	747	1.02169	0.00197262
1914	748	1.02169	0.00197262
1914	749	1.02169	0.00197262
1914	750	1.02169	0.00197262
1914	751	1.02169	0.00197262
1914	752	1.02169	0.00197262
1914	753	1.02169	0.00197262
1914	754	1.02169	0.00197262
1914	755	1.02169	0.00197262
1914	756	1.02169	0.00197262
1914	757	1.02169	0.00197262
1914	758	1.02169	0.00197262
1914	759	1.02169	0.00197262
1914	760	1.02169	0.00197262
1914	761	1.02169	0.00197262
1914	762	1.02169	0.00197262
1914	763	1.02169	0.00197262
1914	764	1.02169	0.00197262
1914	765	1.02169	0.00197262
1914	766	1.02169	0.00197262
1914	767	1.02169	0.00197262
1914	768	1.02169	0.00197262
1914	769	1.02169	0.00197262
1914	770	1.02169	0.00197262
1914	771	1.02169	0.00197262
1914	772	1.02169	0.00197262
1914	773	1.02169	0.00197262
1914	774	1.02169	0.00197262
1914	775	1.02169	0.00197262
1914	776	1.02169	0.00197262
1914	777	1.02169	0.00197262
1914	778	1.02169	0.00197262
1914	779	1.02169	0.00197262
1914	780	1.02169	0.00197262
1914	781	1.02169	0.00197262
1914	782	1.02169	0.00197262
1914	783	1.02169	0.00197262
1914	784	1.02169	0.00197262
1914	785	1.02169	0.00197262
1914	786	1.02169	0.00197262
1914	787	1.02169	0.00197262
1914	788	1.02169	0.00197262
1914	789	1.02169	0.00197262
1914	790	1.02169	0.00197262
1914	791	1.02169	0.00197262
1914	792	1.02169	0.00197262
1914	793	1.02169	0.00197262
1914	794	1.02169	0.00197262
1914	795	1.02169	0.00197262
1914	796	1.02169	0.00197262
1914	797	1.02169	0.00197262
1914	798	1.02169	0.00197262
1914	799	1.02169	0.00197262
1914	800	1.02169	0.00197262
1914	801	1.02169	0.00197262
1914	802	1.02169	0.00197262
1914	803	1.02169	0.00197262
1914	804	1.02169	0.00197262
1914	805	1.02169	0.00197262
1914	806	1.02169	0.00197262
1914	807	1.02169	0.00197262
1914	808	1.02169	0.00197262
1914	809	1.02169	0.00197262
1914	810	1.02169	0.00197262
1914	811	1.02169	0.00197262
1914	812	1.02169	0.00197262
1914	813	1.02169	0.00197262
1914	814	1.02169	0.00197262
1914	815	1.02169	0.00197262
1914	816	1.02169	0.00197262
1914	817	1.02169	0.00197262
1914	818	1.02169	0.00197262
1914	819	1.02169	0.00197262
1914	820	1.02169	0.00197262
1914	821	1.02169	0.00197262
1914	822	1.02169	0.00197262
1914	823	1.02169	0.00197262
1914	824	1.02169	0.00197262
1914	825	1.02169	0.00197262
1914	826	1.02169	0.00197262
1914	827	1.02169	0.00197262
1914	828	1.02169	0.00197262
1914	829	1.02169	0.00197262
1914	830	1.02169	0.00197262
1914	831	1.02169	0.00197262
1914	832	1.02169	0.00197262
1914	833	1.02169	0.00197262
1914	834	1.02169	0.00197262
1914	835	1.02169	0.00197262
1914	836	1.02169	0.00197262
1914	837	1.02169	0.00197262
1914	838	1.02169	0.00197262
1914	839	1.02169	0.00197262
1914	840	1.02169	0.00197262
1914	841	1.02169	0.00197262
1914	842	1.02169	0.00197262
1914	843	1.02169	0.00197262
1914	844	1.02169	0.00197262
1914	845	1.02169	0.00197262
1914	846	1.02169	0.00197262
1914	847	1.02169	0.00197262
1914	848	1.02169	0.00197262
1914	849	1.02169	0.00197262
1914	850	1.02169	0.00197262
1914	851	1.02169	0.00197262
1914	852	1.02169	0.00197262
1914	853	1.02169	0.00197262
1914	854	1.02169	0.00197262
1914	855	1.02169	0.00197262
1914	856	1.02169	0.00197262
1914	857	1.02169	0.00197262
1914	858	1.02169	0.00197262
1914	859	1.02169	0.00197262
1914	860	1.02169	0.00197262
1914	861	1.02169	0.00197262
1914	862	1.02169	0.00197262
1914	863	1.02169	0.00197262
1914	864	1.02169	0.00197262
1914	865	1.02169	0.00197262
1914	866	1.02169	0.00197262
1914	867	1.02169	0.00197262
1914	868	1.02169	0.00197262
1914	869	1.02169	0.00197262
1914	870	1.02169	0.00197262
1914	871	1.02169	0.00197262
1914	872	1.02169	0.00197262
1914	873	1.02169	0.00197262
1914	874	1.02169	0.00197262
1914	875	1.02169	0.00197262
1914	876	1.02169	0.00197262
1914	877	1.02169	0.00197262
1914	878	1.02169	0.00197262
1914	879	1.02169	0.00197262
1914	880	1.02169	0.00197262
1914	881	1.02169	0.00197262
1914	882	1.02169	0.00197262
1914	883	1.02169	0.00197262
1914	884	1.02169	0.00197262
1914	885	1.02169	0.00197262
1914	886	1.02169	0.00197262
1914	887	1.02169	0.00197262
1914	888	1.02169	0.00197262
1914	889	1.02169	0.00197262
1914	890	1.02169	0.00197262
1914	891	1.02169	0.00197262
1914	892	1.02169	0.00197262
1914	893	1.02169	0.00197262
1914	894	1.02169	0.00197262
1914	895	1.02169	0.00197262
1914	896	1.02169	0.00197262
1914	897	1.02169	0.00197262
1914	898	1.02169	0.00197262
1914	899	1.02169	0.00197262
1914	900	1.02169	0.00197262
1914	901	1.02169	0.00197262
1914	902	1.02169	0.00197262
1914	903	1.02169	0.00197262
1914	904	1.02169	0.00197262
1914	905	1.02169	0.00197262
1914	906	1.02169	0.00197262
1914	907	1.02169	0.00197262
1914	908	1.02169	0.00197262
1914	909	1.02169	0.00197262
1914	910	1.02169	0.00197262
1914	911	1.02169	0.00197262
1914	912	1.02169	0.00197262
1914	913	1.02169	0.00197262
1914	914	1.02169	0.00197262
1914	915	1.02169	0.00197262
1914	916	1.02169	0.00197262
1914	917	1.02169	0.00197262
1914	918	1.02169	0.00197262
1914	919	1.02169	0.00197262
1914	920	1.02169	0.00197262
1914	921	1.02169	0.00197262
1914	922	1.02169	0.00197262
1914	923	1.02169	0.00197262
1914	924	1.02169	0.00197262
1914	925	1.02169	0.00197262
1914	926	1.02169	0.00197262
1914	927	1.02169	0.00197262
1914	928	1.02169	0.00197262
1914	929	1.02169	0.00197262
1914	930	1.02169	0.00197262
1914	931	1.02169	0.00197262
1914	932	1.02169	0.00197262
1914	933	1.02169	0.00197262
1914	934	1.02169	0.00197262
1914	935	1.02169	0.00197262
1914	936	1.02169	0.00197262
1914	937	1.02169	0.00197262
1914	938	1.02169	0.00197262
1914	939	1.02169	0.00197262
1914	940	1.02169	0.00197262
1914	941	1.02169	0.00197262
1914	942	1.02169	0.00197262
1914	943	1.02169	0.00197262
1914	944	1.02169	0.00197262
1914	945	1.02169	0.00197262
1914	946	1.02169	0.00197262
1914	947	1.02169	0.00197262
1914	948	1.02169	0.00197262
1914	949	1.02169	0.00197262
1914	950	1.02169	0.00197262
1914	951	1.02169	0.00197262
1914	952	1.02169	0.00197262
1914	953	1.02169	0.00197262
1914	954	1.02169	0.00197262
1914	955	1.02169	0.00197262
1914	956	1.02169	0.00197262
1914	957	1.02169	0.00197262
1914	958	1.02169	0.00197262
1914	959	1.02169	0.00197262
1914	960	1.02169	0.00197262
1914	961	1.02169	0.00197262
1914	962	1.02169	0.00197262
1914	963	1.02169	0.00197262
1914	964	1.02169	0.00197262
1914	965	1.02169	0.00197262
1914	966	1.02169	0.00197262
1914	967	1.02169	0.00197262
1914	968	1.02169	0.00197262
1914	969	1.02169	0.00197262
1914	970	1.02169	0.00197262
1914	971	1.02169	0.00197262
1914	972	1.02169	0.00197262
1914	973	1.02169	0.00197262
1914	974	1.02169	0.00197262
1914	975	1.02169	0.00197262
1914	976	1.02169	0.00197262
1914	977	1.02169	0.00197262
1914	978	1.02169	0.00197262
1914	979	1.02169	0.00197262
1914	980	1.02169	0.00197262
1914	981	1.02169	0.00197262
1914	982	1.02169	0.00197262
1914	983	1.02169	0.00197262
1914	984	1.02169	0.00197262
1914	985	1.02169	0.00197262
1914	986	1.02169	0.00197262
1914	987	1.02169	0.00197262
1914	988	1.02169	0.00197262
1914	989	1.02169	0.00197262
1914	990	1.02169	0.00197262
1914	991	1.02169	0.00197262
1914	992	1.02169	0.00197262
1914	993	1.02169	0.00197262
1914	994	1.02169	0.00197262
1914	995	1.02169	0.00197262
1914	996	1.02169	0.00197262
1914	997	1.02169	0.00197262
1914	998	1.02169	0.00197262
1914	999	1.02169	0.00197262
1914	1000	1.02169	0.00197262
1914	1001	1.02169	0.00197262
1914	1002	1.02169	0.00197262
1914	1003	1.02169	0.00197262
1914	1004	1.02169	0.00197262
1914	1005	1.02169	0.00197262
1914	1006	1.02169	0.00197262
1914	1007	1.02169	0.00197262
1914	1008	1.02169	0.00197262
1914	1009	1.02169	0.00197262
1914	1010	1.02169	0.00197262
1914	1011	1.02169	0.00197262
1914	1012	1.02169	0.00197262
1914	1013	1.02169	0.00197262
1914	1014	1.02169	0.00197262
1914	1015	1.02169	0.00197262
1914	1016	1.02169	0.00197262
1914	1017	1.02169	0.00197262
1914	1018	1.02169	0.00197262
1914	1019	1.02169	0.00197262
1914	1020	1.02169	0.00197262
1914	1021	1.02169	0.00197262
1914	1022	1.02169	0.00197262
1914	1023	1.02169	0.00197262
1914	1024	1.02169	0.00197262
1914	1025	1.02169	0.00197262
1914	1026	1.02169	0.00197262
1914	1027	1.02169	0.00197262
1914	1028	1.02169	0.00197262
1914	1029	1.02169	0.00197262
1914	1030	1.02169	0.00197262
1914	1031	1.02169	0.00197262
1914	1032	1.02169	0.00197262
1914	1033	1.02169	0.00197262
1914	1034	1.02169	0.00197262
1914	1035	1.02169	0.00197262
1914	1036	1.02169	0.00197262
1914	1037	1.02169	0.00197262
1914	1038	1.02169	0.00197262
1914	1039	1.02169	0.00197262
1914	1040	1.02169	0.00197262
1914	1041	1.02169	0.00197262
1914	1042	1.02169	0.00197262
1914	1043	1.02169	0.00197262
1914	1044	1.02169	0.00197262
1914	1045	1.02169	0.00197262
1914	1046	1.02169	0.00197262
1914	1047	1.02169	0.00197262
1914	1048	1.02169	0.00197262
1914	1049	1.02169	0.00197262
1914	1050	1.02169	0.00197262
1914	1051	1.02169	0.00197262
1914	1052	1.02169	0.00197262
1914	1053	1.02169	0.00197262
1914	1054	1.02169	0.00197262
1914	1055	1.02169	0.00197262
1914	1056	1.02169	0.00197262
1914	1057	1.02169	0.00197262
1914	1058	1.02169	0.00197262
1914	1059	1.02169	0.00197262
1914	1060	1.02169	0.00197262
1914	1061	1.02169	0.00197262
1914	1062	1.02169	0.00197262
1914	1063	1.02169	0.00197262
1914	1064	1.02169	0.00197262
1914	1065	1.02169	0.00197262
1914	1066	1.02169	0.00197262
1914	1067	1.02169	0.00197262
1914	1068	1.02169	0.00197262
1914	1069	1.02169	0.00197262
1914	1070	1.02169	0.00197262
1914	1071	1.02169	0.00197262
1914	1072	1.02169	0.00197262
1914	1073	1.02169	0.00197262
1914	1074	1.02169	0.00197262
1914	1075	1.02169	0.00197262
1914	1076	1.02169	0.00197262
1914	1077	1.02169	0.00197262
1914	1078	1.02169	0.00197262
1914	1079	1.02169	0.00197262
1914	1080	1.02169	0.00197262
1914	1081	1.02169	0.00197262
1914	1082	1.02169	0.00197262
1914	1083	1.02169	0.00197262
1914	1084	1.02169	0.00197262
1914	1085	1.02169	0.00197262
1914	1086	1.02169	0.00197262
1914	1087	1.02169	0.00197262
1914	1088	1.02169	0.00197262
1914	1089	1.02169	0.00197262
1914	1090	1.02169	0.00197262
1914	1091	1.02169	0.00197262
1914	1092	1.02169	0.00197262
1914	1093	1.02169	0.00197262
1914	1094	1.02169	0.00197262
1914	1095	1.02169	0.00197262
1914	1096	1.02169	0.00197262
1914	1097	1.02169	0.00197262
1914	1098	1.02169	0.00197262
1914	1099	1.02169	0.00197262
1914	1100	1.02169	0.00197262
1914	1101	1.02169	0.00197262
1914	1102	1.02169	0.00197262
1914	1103	1.02169	0.00197262
1914	1104	1.02169	0.00197262
1914	1105	1.02169	0.00197262
1914	1106	1.02169	0.00197262
1914	1107	1.02169	0.00197262
1914	1108	1.02169	0.00197262
1914	1109	1.02169	0.00197262
1914	1110	1.02169	0.00197262
1914	1111	1.02169	0.00197262
1914	1112	1.02169	0.00197262
1914	1113	1.02169	0.00197262
1914	1114	1.02169	0.00197262
1914	1115	1.02169	0.00197262
1914	1116	1.02169	0.00197262
1914	1117	1.02169	0.00197262
1914	1118	1.02169	0.00197262
1914	1119	1.02169	0.00197262
1914	1120	1.02169	0.00197262
1914	1121	1.02169	0.00197262
1914	1122	1.02169	0.00197262
1914	1123	1.02169	0.00197262
1914	1124	1.02169	0.00197262
1914	1125	1.02169	0.00197262
1914	1126	1.02169	0.00197262
1914	1127	1.02169	0.00197262
1914	1128	1.02169	0.00197262
1914	1129	1.02169	0.00197262
1914	1130	1.02169	0.00197262
1914	1131	1.02169	0.00197262
1914	1132	1.02169	0.00197262
1914	1133	1.02169	0.00197262
1914	1134	1.02169	0.00197262
1914	1135	1.02169	0.00197262
1914	1136	1.02169	0.00197262
1914	1137	1.02169	0.00197262
1914	1138	1.02169	0.00197262
1914	1139	1.02169	0.00197262
1914	1140	1.02169	0.00197262
1914	1141	1.02169	0.00197262
1914	1142	1.02169	0.00197262
1914	1143	1.02169	0.00197262
1914	1144	1.02169	0.00197262
1914	1145	1.02169	0.00197262
1914	1146	1.02169	0.00197262
1914	1147	1.02169	0.00197262
1914	1148	1.02169	0.00197262
1914	1149	1.02169	0.00197262
1914	1150	1.02169	0.00197262
1914	1151	1.02169	0.00197262
1914	1152	1.02169	0.00197262
1914	1153	1.02169	0.00197262
1914	1154	1.02169	0.00197262
1914	1155	1.02169	0.00197262
1914	1156	1.02169	0.00197262
1914	1157	1.02169	0.00197262
1914	1158	1.02169	0.00197262
1914	1159	1.02169	0.00197262
1914	1160	1.02169	0.00197262
1914	1161	1.02169	0.00197262
1914	1162	1.02169	0.00197262
1914	1163	1.02169	0.00197262
1914	1164	1.02169	0.00197262
1914	1165	1.02169	0.00197262
1914	1166	1.02169	0.00197262
1914	1167	1.02169	0.00197262
1914	1168	1.02169	0.00197262
1914	1169	1.02169	0.00197262
1914	1170	1.02169	0.00197262
1914	1171	1.02169	0.00197262
1914	1172	1.02169	0.00197262
1914	1173	1.02169	0.00197262
1914	1174	1.02169	0.00197262
1914	1175	1.02169	0.00197262
1914	1176	1.02169	0.00197262
1914	1177	1.02169	0.00197262
1914	1178	1.02169	0.00197262
1914	1179	1.02169	0.00197262
1914	1180	1.02169	0.00197262
1914	1181	1.02169	0.00197262
1914	1182	1.02169	0.00197262
1914	1183	1.02169	0.00197262
1914	1184	1.02169	0.00197262
1914	1185	1.02169	0.00197262
1914	1186	1.02169	0.00197262
1914	1187	1.02169	0.00197262
1914	1188	1.02169	0.00197262
1914	1189	1.02169	0.00197262
1914	1190	1.02169	0.00197262
1914	1191	1.02169	0.00197262
1914	1192	1.02169	0.00197262
1914	1193	1.02169	0.00197262
1914	1194	1.02169	0.00197262
1914	1195	1.02169	0.00197262
1914	1196	1.02169	0.00197262
1914	1197	1.02169	0.00197262
1914	1198	1.02169	0.00197262
1914	1199	1.02169	0.00197262
1914	1200	1.02169	0.00197262
1914	1201	1.02169	0.00197262
1914	1202	1.02169	0.00197262
1914	1203	1.02169	0.00197262
1914	1204	1.02169	0.00197262
1914	1205	1.02169	0.00197262
1914	1206	1.02169	0.00197262
1914	1207	1.02169	0.00197262
1914	1208	1.02169	0.00197262
1914	1209	1.02169	0.00197262
1914	1210	1.02169	0.00197262
1914	1211	1.02169	0.00197262
1914	1212	1.02169	0.00197262
1914	1213	1.02169	0.00197262
1914	1214	1.02169	0.00197262
1914	1215	1.02169	0.00197262
1914	1216	1.02169	0.00197262
1914	1217	1.02169	0.00197262
1914	1218	1.02169	0.00197262
1914	1219	1.02169	0.00197262
1914	1220	1.02169	0.00197262
1914	1221	1.02169	0.00197262
1914	1222	1.02169	0.00197262
1914	1223	1.02169	0.00197262
1914	1224	1.02169	0.00197262
1914	1225	1.02169	0.00197262
1914	1226	1.02169	0.00197262
1914	1227	1.02169	0.00197262
1914	1228	1.02169	0.00197262
1914	1229	1.02169	0.00197262
1914	1230	1.02169	0.00197262
1914	1231	1.02169	0.00197262
1914	1232	1.02169	0.00197262
1914	1233	1.02169	0.00197262
1914	1234	1.02169	0.00197262
1914	1235	1.02169	0.00197262
1914	1236	1.02169	0.00197262
1914	1237	1.02169	0.00197262
1914	1238	1.02169	0.00197262
1914	1239	1.02169	0.00197262
1914	1240	1.02169	0.00197262
1914	1241	1.02169	0.00197262
1914	1242	1.02169	0.00197262
1914	1243	1.02169	0.00197262
1914	1244	1.02169	0.00197262
1914	1245	1.02169	0.00197262
1914	1246	1.02169	0.00197262
1914	1247	1.02169	0.00197262
1914	1248	1.02169	0.00197262
1914	1249	1.02169	0.00197262
1914	1250	1.02169	0.00197262
1914	1251	1.02169	0.00197262
1914	1252	1.02169	0.00197262
1914	1253	1.02169	0.00197262
1914	1254	1.02169	0.00197262
1914	1255	1.02169	0.00197262
1914	1256	1.02169	0.00197262
1914	1257	1.02169	0.00197262
1914	1258	1.02169	0.00197262
1914	1259	1.02169	0.00197262
1914	1260	1.02169	0.00197262
1914	1261	1.02169	0.00197262
1914	1262	1.02169	0.00197262
1914	1263	1.02169	0.00197262
1914	1264	1.02169	0.00197262
1914	1265	1.02169	0.00197262
1914	1266	1.02169	0.00197262
1914	1267	1.02169	0.00197262
1914	1268	1.02169	0.00197262
1914	1269	1.02169	0.00197262
1914	1270	1.02169	0.00197262
1914	1271	1.02169	0.00197262
1914	1272	1.02169	0.00197262
1914	1273	1.02169	0.00197262
1914	1274	1.02169	0.00197262
1914	1275	1.02169	0.00197262
1914	1276	1.02169	0.00197262
1914	1277	1.02169	0.00197262
1914	1278	1.02169	0.00197262
1914	1279	1.02169	0.00197262
1914	1280	1.02169	0.00197262
1914	1281	1.02169	0.00197262
1914	1282	1.02169	0.00197262
1914	1283	1.02169	0.00197262
1914	1284	1.02169	0.00197262
1914	1285	1.02169	0.00197262
1914	1286	1.02169	0.00197262
1914	1287	1.02169	0.00197262
1914	1288	1.02169	0.00197262
1914	1289	1.02169	0.00197262
1914	1290	1.02169	0.00197262
1914	1291	1.02169	0.00197262
1914	1292	1.02169	0.00197262
1914	1293	1.02169	0.00197262
1914	1294	1.02169	0.00197262
1914	1295	1.02169	0.00197262
1914	1296	1.02169	0.00197262
1914	1297	1.02169	0.00197262
1914	1298	1.02169	0.00197262
1914	1299	1.02169	0.00197262
1914	1300	1.02169	0.00197262
1914	1301	1.02169	0.00197262
1914	1302	1.02169	0.00197262
1914	1303	1.02169	0.00197262
1914	1304	1.02169	0.00197262
1914	1305	1.02169	0.00197262
1914	1306	1.02169	0.00197262
1914	1307	1.02169	0.00197262
1914	1308	1.02169	0.00197262
1914	1309	1.02169	0.00197262
1914	1310	1.02169	0.00197262
1914	1311	1.02169	0.00197262
1914	1312	1.02169	0.00197262
1914	1313	1.02169	0.00197262
1914	1314	1.02169	0.00197262
1914	1315	1.02169	0.00197262
1914	1316	1.02169	0.00197262
1914	1317	1.02169	0.00197262
1914	1318	1.02169	0.00197262
1914	1319	1.02169	0.00197262
1914	1320	1.02169	0.00197262
1914	1321	1.02169	0.00197262
1914	1322	1.02169	0.00197262
1914	1323	1.02169	0.00197262
1914	1324	1.02169	0.00197262
1914	1325	1.02169	0.00197262
1914	1326	1.02169	0.00197262
1914	1327	1.02169	0.00197262
1914	1328	1.02169	0.00197262
1914	1329	1.02169	0.00197262
1914	1330	1.02169	0.00197262
1914	1331	1.02169	0.00197262
1914	1332	1.02169	0.00197262
1914	1333	1.02169	0.00197262
1914	1334	1.02169	0.00197262
1914	1335	1.02169	0.00197262
1914	1336	1.02169	0.00197262
1914	1337	1.02169	0.00197262
1914	1338	1.02169	0.00197262
1914	1339	1.02169	0.00197262
1914	1340	1.02169	0.00197262
1914	1341	1.02169	0.00197262
1914	1342	1.02169	0.00197262
1914	1343	1.02169	0.00197262
1914	1344	1.02169	0.00197262
1914	1345	1.02169	0.00197262
1914	1346	1.02169	0.00197262
1914	1347	1.02169	0.00197262
1914	1348	1.02169	0.00197262
1914	1349	1.02169	0.00197262
1914	1350	1.02169	0.00197262
1914	1351	1.02169	0.00197262
1914	1352	1.02169	0.00197262
1914	1353	1.02169	0.00197262
1914	1354	1.02169	0.00197262
1914	1355	1.02169	0.00197262
1914	1356	1.02169	0.00197262
1914	1357	1.02169	0.00197262
1914	1358	1.02169	0.00197262
1914	1359	1.02169	0.00197262
1914	1360	1.02169	0.00197262
1914	1361	1.02169	0.00197262
1914	1362	1.02169	0.00197262
1914	1363	1.02169	0.00197262
1914	1364	1.02169	0.00197262
1914	1365	1.02169	0.00197262
1914	1366	1.02169	0.00197262
1914	1367	1.02169	0.00197262
1914	1368	1.02169	0.00197262
1914	1369	1.02169	0.00197262
1914	1370	1.02169	0.00197262
1914	1371	1.02169	0.00197262
1914	1372	1.02169	0.00197262
1914	1373	1.02169	0.00197262
1914	1374	1.02169	0.00197262
1914	1375	1.02169	0.00197262
1914	1376	1.02169	0.00197262
1914	1377	1.02169	0.00197262
1914	1378	1.02169	0.00197262
1914	1379	1.02169	0.00197262
1914	1380	1.02169	0.00197262
1914	1381	1.02169	0.00197262
1914	1382	1.02169	0.00197262
1914	1383	1.02169	0.00197262
1914	1384	1.02169	0.00197262
1914	1385	1.02169	0.00197262
1914	1386	1.02169	0.00197262
1914	1387	1.02169	0.00197262
1914	1388	1.02169	0.00197262
1914	1389	1.02169	0.00197262
1914	1390	1.02169	0.00197262
1914	1391	1.02169	0.00197262
1914	1392	1.02169	0.00197262
1914	1393	1.02169	0.00197262
1914	1394	1.02169	0.00197262
1914	1395	1.02169	0.00197262
1914	1396	1.02169	0.00197262
1914	1397	1.02169	0.00197262
1914	1398	1.02169	0.00197262
1914	1399	1.02169	0.00197262
1914	1400	1.02169	0.00197262
1914	1401	1.02169	0.00197262
1914	1402	1.02169	0.00197262
1914	1403	1.02169	0.00197262
1914	1404	1.02169	0.00197262
1914	1405	1.02169	0.00197262
1914	1406	1.02169	0.00197262
1914	1407	1.02169	0.00197262
1914	1408	1.02169	0.00197262
1914	1409	1.02169	0.00197262
1914	1410	1.02169	0.00197262
1914	1411	1.02169	0.00197262
1914	1412	1.02169	0.00197262
1914	1413	1.02169	0.00197262
1914	1414	1.02169	0.00197262
1914	1415	1.02169	0.00197262
1914	1416	1.02169	0.00197262
1914	1417	1.02169	0.00197262
1914	1418	1.02169	0.00197262
1914	1419	1.02169	0.00197262
1914	1420	1.02169	0.00197262
1914	1421	1.02169	0.00197262
1914	1422	1.02169	0.00197262
1914	1423	1.02169	0.00197262
1914	1424	1.02169	0.00197262
1914	1425	1.02169	0.00197262
1914	1426	1.02169	0.00197262
1914	1427	1.02169	0.00197262
1914	1428	1.02169	0.00197262
1914	1429	1.02169	0.00197262
1914	1430	1.02169	0.00197262
1914	1431	1.02169	0.00197262
1914	1432	1.02169	0.00197262
1914	1433	1.02169	0.00197262
1914	1434	1.02169	0.00197262
1914	1435	1.02169	0.00197262
1914	1436	1.02169	0.00197262
1914	1437	1.02169	0.00197262
1914	1438	1.02169	0.00197262
1914	1439	1.02169	0.00197262
1914	1440	1.02169	0.00197262
1914	1441	1.02169	0.00197262
1914	1442	1.02169	0.00197262
1914	1443	1.02169	0.00197262
1914	1444	1.02169	0.00197262
1914	1445	1.02169	0.00197262
1914	1446	1.02169	0.00197262
1914	1447	1.02169	0.00197262
1914	1448	1.02169	0.00197262
1914	1449	1.02169	0.00197262
1914	1450	1.02169	0.00197262
1914	1451	1.02169	0.00197262
1914	1452	1.02169	0.00197262
1914	1453	1.02169	0.00197262
1914	1454	1.02169	0.00197262
1914	1455	1.02169	0.00197262
1914	1456	1.02169	0.00197262
1914	1457	1.02169	0.00197262
1914	1458	1.02169	0.00197262
1914	1459	1.02169	0.00197262
1914	1460	1.02169	0.00197262
1914	1461	1.02169	0.00197262
1914	1462	1.02169	0.00197262
1914	1463	1.02169	0.00197262
1914	1464	1.02169	0.00197262
1914	1465	1.02169	0.00197262
1914	1466	1.02169	0.00197262
1914	1467	1.02169	0.00197262
1914	1468	1.02169	0.00197262
1914	1469	1.02169	0.00197262
1914	1470	1.02169	0.00197262
1914	1471	1.02169	0.00197262
1914	1472	1.02169	0.00197262
1914	1473	1.02169	0.00197262
1914	1474	1.02169	0.00197262
1914	1475	1.02169	0.00197262
1914	1476	1.02169	0.00197262
1914	1477	1.02169	0.00197262
1914	1478	1.02169	0.00197262
1914	1479	1.02169	0.00197262
1914	1480	1.02169	0.00197262
1914	1481	1.02169	0.00197262
1914	1482	1.02169	0.00197262
1914	1483	1.02169	0.00197262
1914	1484	1.02169	0.00197262
1914	1485	1.02169	0.00197262
1914	1486	1.02169	0.00197262
1914	1487	1.02169	0.00197262
1914	1488	1.02169	0.00197262
1914	1489	1.02169	0.00197262
1914	1490	1.02169	0.00197262
1914	1491	1.02169	0.00197262
1914	1492	1.02169	0.00197262
1914	1493	1.02169	0.00197262
1914	1494	1.02169	0.00197262
1914	1495	1.02169	0.00197262
1914	1496	1.02169	0.00197262
1914	1497	1.02169	0.00197262
1914	1498	1.02169	0.00197262
1914	1499	1.02169	0.00197262
1914	1500	1.02169	0.00197262
1914	1501	1.02169	0.00197262
1914	1502	1.02169	0.00197262
1914	1503	1.02169	0.00197262
1914	1504	1.02169	0.00197262
1914	1505	1.02169	0.00197262
1914	1506	1.02169	0.00197262
1914	1507	1.02169	0.00197262
1914	1508	1.02169	0.00197262
1914	1509	1.02169	0.00197262
1914	1510	1.02169	0.00197262
1914	1511	1.02169	0.00197262
1914	1512	1.02169	0.00197262
1914	1513	1.02169	0.00197262
1914	1514	1.02169	0.00197262
1914	1515	1.02169	0.00197262
1914	1516	1.02169	0.00197262
1914	1517	1.02169	0.00197262
1914	1518	1.02169	0.00197262
1914	1519	1.02169	0.00197262
1914	1520	1.02169	0.00197262
1914	1521	1.02169	0.00197262
1914	1522	1.02169	0.00197262
1914	1523	1.02169	0.00197262
1914	1524	1.02169	0.00197262
1914	1525	1.02169	0.00197262
1914	1526	1.02169	0.00197262
1914	1527	1.02169	0.00197262
1914	1528	1.02169	0.00197262
1914	1529	1.02169	0.00197262
1914	1530	1.02169	0.00197262
1914	1531	1.02169	0.00197262
1914	1532	1.02169	0.00197262
1914	1533	1.02169	0.00197262
1914	1534	1.02169	0.00197262
1914	1535	1.02169	0.00197262
1914	1536	1.02169	0.00197262
1914	1537	1.02169	0.00197262
1914	1538	1.02169	0.00197262
1914	1539	1.02169	0.00197262
1914	1540	1.02169	0.00197262
1914	1541	1.02169	0.00197262
1914	1542	1.02169	0.00197262
1914	1543	1.02169	0.00197262
1914	1544	1.02169	0.00197262
1914	1545	1.02169	0.00197262
1914	1546	1.02169	0.00197262
1914	1547	1.02169	0.00197262
1914	1548	1.02169	0.00197262
1914	1549	1.02169	0.00197262
1914	1550	1.02169	0.00197262
1914	1551	1.02169	0.00197262
1914	1552	1.02169	0.00197262
1914	1553	1.02169	0.00197262
1914	1554	1.02169	0.00197262
1914	1555	1.02169	0.00197262
1914	1556	1.02169	0.00197262
1914	1557	1.02169	0.00197262
1914	1558	1.02169	0.00197262
1914	1559	1.02169	0.00197262
1914	1560	1.02169	0.00197262
1914	1561	1.02169	0.00197262
1914	1562	1.02169	0.00197262
1914	1563	1.02169	0.00197262
1914	1564	1.02169	0.00197262
1914	1565	1.02169	0.00197262
1914	1566	1.02169	0.00197262
1914	1567	1.02169	0.00197262
1914	1568	1.02169	0.00197262
1914	1569	1.02169	0.00197262
1914	1570	1.02169	0.00197262
1914	1571	1.02169	0.00197262
1914	1572	1.02169	0.00197262
1914	1573	1.02169	0.00197262
1914	1574	1.02169	0.00197262
1914	1575	1.02169	0.00197262
1914	1576	1.02169	0.00197262
1914	1577	1.02169	0.00197262
1914	1578	1.02169	0.00197262
1914	1579	1.02169	0.00197262
1914	1580	1.02169	0.00197262
1914	1581	1.02169	0.00197262
1914	1582	1.02169	0.00197262
1914	1583	1.02169	0.00197262
1914	1584	1.02169	0.00197262
1914	1585	1.02169	0.00197262
1914	1586	1.02169	0.00197262
1914	1587	1.02169	0.00197262
1914	1588	1.02169	0.00197262
1914	1589	1.02169	0.00197262
1914	1590	1.02169	0.00197262
1914	1591	1.02169	0.00197262
1914	1592	1.02169	0.00197262
1914	1593	1.02169	0.00197262
1914	1594	1.02169	0.00197262
1914	1595	1.02169	0.00197262
1914	1596	1.02169	0.00197262
1914	1597	1.02169	0.00197262
1914	1598	1.02169	0.00197262
1914	1599	1.02169	0.00197262
1914	1600	1.02169	0.00197262
1914	1601	1.02169	0.00197262
1914	1602	1.02169	0.00197262
1914	1603	1.02169	0.00197262
1914	1604	1.02169	0.00197262
1914	1605	1.02169	0.00197262
1914	1606	1.02169	0.00197262
1914	1607	1.02169	0.00197262
1914	1608	1.02169	0.00197262
1914	1609	1.02169	0.00197262
1914	1610	1.02169	0.00197262
1914	1611	1.02169	0.00197262
1914	1612	1.02169	0.00197262
1914	1613	1.02169	0.00197262
1914	1614	1.02169	0.00197262
1914	1615	1.02169	0.00197262
1914	1616	1.02169	0.00197262
1914	1617	1.02169	0.00197262
1914	1618	1.02169	0.00197262
1914	1619	1.02169	0.00197262
1914	1620	1.02169	0.00197262
1914	1621	1.02169	0.00197262
1914	1622	1.02169	0.00197262
1914	1623	1.02169	0.00197262
1914	1624	1.02169	0.00197262
1914	1625	1.02169	0.00197262
1914	1626	1.02169	0.00197262
1914	1627	1.02169	0.00197262
1914	1628	1.02169	0.00197262
1914	1629	1.02169	0.00197262
1914	1630	1.02169	0.00197262
1914	1631	1.02169	0.00197262
1914	1632	1.02169	0.00197262
1914	1633	1.02169	0.00197262
1914	1634	1.02169	0.00197262
1914	1635	1.02169	0.00197262
1914	1636	1.02169	0.00197262
1914	1637	1.02169	0.00197262
1914	1638	1.02169	0.00197262
1914	1639	1.02169	0.00197262
1914	1640	1.02169	0.00197262
1914	1641	1.02169	0.00197262
1914	1642	1.02169	0.00197262
1914	1643	1.02169	0.00197262
1914	1644	1.02169	0.00197262
1914	1645	1.02169	0.00197262
1914	1646	1.02169	0.00197262
1914	1647	1.02169	0.00197262
1914	1648	1.02169	0.00197262
1914	1649	1.02169	0.00197262
1914	1650	1.02169	0.00197262
1914	1651	1.02169	0.00197262
1914	1652	1.02169	0.00197262
1914	1653	1.02169	0.00197262
1914	1654	1.02169	0.00197262
1914	1655	1.02169	0.00197262
1914	1656	1.02169	0.00197262
1914	1657	1.02169	0.00197262
1914	1658	1.02169	0.00197262
1914	1659	1.02169	0.00197262
1914	1660	1.02169	0.00197262
1914	1661	1.02169	0.00197262
1914	1662	1.02169	0.00197262
1914	1663	1.02169	0.00197262
1914	1664	1.02169	0.00197262
1914	1665	1.02169	0.00197262
1914	1666	1.02169	0.00197262
1914	1667	1.02169	0.00197262
1914	1668	1.02169	0.00197262
1914	1669	1.02169	0.00197262
1914	1670	1.02169	0.00197262
1914	1671	1.02169	0.00197262
1914	1672	1.02169	0.00197262
1914	1673	1.02169	0.00197262
1914	1674	1.02169	0.00197262
1914	1675	1.02169	0.00197262
1914	1676	1.02169	0.00197262
1914	1677	1.02169	0.00197262
1914	1678	1.02169	0.00197262
1914	1679	1.02169	0.00197262
1914	1680	1.02169	0.00197262
1914	1681	1.02169	0.00197262
1914	1682	1.02169	0.00197262
1914	1683	1.02169	0.00197262
1914	1684	1.02169	0.00197262
1914	1685	1.02169	0.00197262
1914	1686	1.02169	0.00197262
1914	1687	1.02169	0.00197262
1914	1688	1.02169	0.00197262
1914	1689	1.02169	0.00197262
1914	1690	1.02169	0.00197262
1914	1691	1.02169	0.00197262
1914	1692	1.02169	0.00197262
1914	1693	1.02169	0.00197262
1914	1694	1.02169	0.00197262
1914	1695	1.02169	0.00197262
1914	1696	1.02169	0.00197262
1914	1697	1.02169	0.00197262
1914	1698	1.02169	0.00197262
1914	1699	1.02169	0.00197262
1914	1700	1.02169	0.00197262
1914	1701	1.02169	0.00197262
1914	1702	1.02169	0.00197262
1914	1703	1.02169	0.00197262
1914	1704	1.02169	0.00197262
1914	1705	1.02169	0.00197262
1914	1706	1.02169	0.00197262
1914	1707	1.02169	0.00197262
1914	1708	1.02169	0.00197262
1914	1709	1.02169	0.00197262
1914	1710	1.02169	0.00197262
1914	1711	1.02169	0.00197262
1914	1712	1.02169	0.00197262
1914	1713	1.02169	0.00197262
1914	1714	1.02169	0.00197262
1914	1715	1.02169	0.00197262
1914	1716	1.02169	0.00197262
1914	1717	1.02169	0.00197262
1914	1718	1.02169	0.00197262
1914	1719	1.02169	0.00197262
1914	1720	1.02169	0.00197262
1914	1721	1.02169	0.00197262
1914	1722	1.02169	0.00197262
1914	1723	1.02169	0.00197262
1914	1724	1.02169	0.00197262
1914	1725	1.02169	0.00197262
1914	1726	1.02169	0.00197262
1914	1727	1.02169	0.00197262
1914	1728	1.02169	0.00197262
1914	1729	1.02169	0.00197262
1914	1730	1.02169	0.00197262
1914	1731	1.02169	0.00197262
1914	1732	1.02169	0.00197262
1914	1733	1.02169	0.00197262
1914	1734	1.02169	0.00197262
1914	1735	1.02169	0.00197262
1914	1736	1.02169	0.00197262
1914	1737	1.02169	0.00197262
1914	1738	1.02169	0.00197262
1914	1739	1.02169	0.00197262
1914	1740	1.02169	0.00197262
1914	1741	1.02169	0.00197262
1914	1742	1.02169	0.00197262
1914	1743	1.02169	0.00197262
1914	1744	1.02169	0.00197262
1914	1745	1.02169	0.00197262
1914	1746	1.02169	0.00197262
1914	1747	1.02169	0.00197262
1914	1748	1.02169	0.00197262
1914	1749	1.02169	0.00197262
1914	1750	1.02169	0.00197262
1914	1751	1.02169	0.00197262
1914	1752	1.02169	0.00197262
1914	1753	1.02169	0.00197262
1914	1754	1.02169	0.00197262
1914	1755	1.02169	0.00197262
1914	1756	1.02169	0.00197262
1914	1757	1.02169	0.00197262
1914	1758	1.02169	0.00197262
1914	1759	1.02169	0.00197262
1914	1760	1.02169	0.00197262
1914	1761	1.02169	0.00197262
1914	1762	1.02169	0.00197262
1914	1763	1.02169	0.00197262
1914	1764	1.02169	0.00197262
1914	1765	1.02169	0.00197262
1914	1766	1.02169	0.00197262
1914	1767	1.02169	0.00197262
1914	1768	1.02169	0.00197262
1914	1769	1.02169	0.00197262
1914	1770	1.02169	0.00197262
1914	1771	1.02169	0.00197262
1914	1772	1.02169	0.00197262
1914	1773	1.02169	0.00197262
1914	1774	1.02169	0.00197262
1914	1775	1.02169	0.00197262
1914	1776	1.02169	0.00197262
1914	1777	1.02169	0.00197262
1914	1778	1.02169	0.00197262
1914	1779	1.02169	0.00197262
1914	1780	1.02169	0.00197262
1914	1781	1.02169	0.00197262
1914	1782	1.02169	0.00197262
1914	1783	1.02169	0.00197262
1914	1784	1.02169	0.00197262
1914	1785	1.02169	0.00197262
1914	1786	1.02169	0.00197262
1914	1787	1.02169	0.00197262
1914	1788	1.02169	0.00197262
1914	1789	1.02169	0.00197262
1914	1790	1.02169	0.00197262
1914	1791	1.02169	0.00197262
1914	1792	1.02169	0.00197262
1914	1793	1.02169	0.00197262
1914	1794	1.02169	0.00197262
1914	1795	1.02169	0.00197262
1914	1796	1.02169	0.00197262
1914	1797	1.02169	0.00197262
1914	1798	1.02169	0.00197262
1914	1799	1.02169	0.00197262
1914	1800	1.02169	0.00197262
1914	1801	1.02169	0.00197262
1914	1802	1.02169	0.00197262
1914	1803	1.02169	0.00197262
1914	1804	1.02169	0.00197262
1914	1805	1.02169	0.00197262
1914	1806	1.02169	0.00197262
1914	1807	1.02169	0.00197262
1914	1808	1.02169	0.00197262
1914	1809	1.02169	0.00197262
1914	1810	1.02169	0.00197262
1914	1811	1.02169	0.00197262
1914	1812	1.02169	0.00197262
1914	1813	1.02169	0.00197262
1914	1814	1.02169	0.00197262
1914	1815	1.02169	0.00197262
1914	1816	1.02169	0.00197262
1914	1817	1.02169	0.00197262
1914	1818	1.02169	0.00197262
1914	1819	1.02169	0.00197262
1914	1820	1.02169	0.00197262
1914	1821	1.02169	0.00197262
1914	1822	1.02169	0.00197262
1914	1823	1.02169	0.00197262
1914	1824	1.02169	0.00197262
1914	1825	1.02169	0.00197262
1914	1826	1.02169	0.00197262
1914	1827	1.02169	0.00197262
1914	1828	1.02169	0.00197262
1914	1829	1.02169	0.00197262
1914	1830	1.02169	0.00197262
1914	1831	1.02169	0.00197262
1914	1832	1.02169	0.00197262
1914	1833	1.02169	0.00197262
1914	1834	1.02169	0.00197262
1914	1835	1.02169	0.00197262
1914	1836	1.02169	0.00197262
1914	1837	1.02169	0.00197262
1914	1838	1.02169	0.00197262
1914	1839	1.02169	0.00197262
1914	1840	1.02169	0.00197262
1914	1841	1.02169	0.00197262
1914	1842	1.02169	0.00197262
1914	1843	1.02169	0.00197262
1914	1844	1.02169	0.00197262
1914	1845	1.02169	0.00197262
1914	1846	1.02169	0.00197262
1914	1847	1.02169	0.00197262
1914	1848	1.02169	0.00197262
1914	1849	1.02169	0.00197262
1914	1850	1.02169	0.00197262
1914	1851	1.02169	0.00197262
1914	1852	1.02169	0.00197262
1914	1853	1.02169	0.00197262
1914	1854	1.02169	0.00197262
1914	1855	1.02169	0.00197262
1914	1856	1.02169	0.00197262
1914	1857	1.02169	0.00197262
1914	1858	1.02169	0.00197262
1914	1859	1.02169	0.00197262
1914	1860	1.02169	0.00197262
1914	1861	1.02169	0.00197262
1914	1862	1.02169	0.00197262
1914	1863	1.02169	0.00197262
1914	1864	1.02169	0.00197262
1914	1865	1.02169	0.00197262
1914	1866	1.02169	0.00197262
1914	1867	1.02169	0.00197262
1914	1868	1.02169	0.00197262
1914	1869	1.02169	0.00197262
1914	1870	1.02169	0.00197262
1914	1871	1.02169	0.00197262
1914	1872	1.02169	0.00197262
1914	1873	1.02169	0.00197262
1914	1874	1.02169	0.00197262
1914	1875	1.02169	0.00197262
1914	1876	1.02169	0.00197262
1914	1877	1.02169	0.00197262
1914	1878	1.02169	0.00197262
1914	1879	1.02169	0.00197262
1914	1880	1.02169	0.00197262
1914	1881	1.02169	0.00197262
1914	1882	1.02169	0.00197262
1914	1883	1.02169	0.00197262
1914	1884	1.02169	0.00197262
1914	1885	1.02169	0.00197262
1914	1886	1.02169	0.00197262
1914	1887	1.02169	0.00197262
1914	1888	1.02169	0.00197262
1914	1889	1.02169	0.00197262
1914	1890	1.02169	0.00197262
1914	1891	1.02169	0.00197262
1914	1892	1.02169	0.00197262
1914	1893	1.02169	0.00197262
1914	1894	1.02169	0.00197262
1914	1895	1.02169	0.00197262
1914	1896	1.02169	0.00197262
1914	1897	1.02169	0.00197262
1914	1898	1.02169	0.00197262
1914	1899	1.02169	0.00197262
1914	1900	1.02169	0.00197262
1914	1901	1.02169	0.00197262
1914	1902	1.02169	0.00197262
1914	1903	1.02169	0.00197262
1914	1904	1.02169	0.00197262
1914	1905	1.02169	0.00197262
1914	1906	1.02169	0.00197262
1914	1907	1.02169	0.00197262
1914	1908	1.02169	0.00197262
1914	1909	1.02169	0.00197262
1914	1910	1.02169	0.00197262
1914	1911	1.02169	0.00197262
1914	1912	1.02169	0.00197262
1914	1913	1.02169	0.00197262
1914	1914	1.02169	0.00197262
1914	1915	1.02169	0.00197262
1914	1916	1.02169	0.00197262
1914	1917	1.02169	0.00197262
1914	1918	1.02169	0.00197262
1914	1919	1.02169	0.00197262
1914	1920	1.02169	0.00197262
1914	1921	1.02169	0.00197262
1914	1922	1.02169	0.00197262
1914	1923	1.02169	0.00197262
1914	1924	1.02169	0.00197262
1914	1925	1.02169	0.00197262
1914	1926	1.02169	0.00197262
1914	1927	1.02169	0.00197262
1914	1928	1.02169	0.00197262
1914	1929	1.02169	0.00197262
1914	1930	1.02169	0.00197262
1914	1931	1.02169	0.00197262
1914	1932	1.02169	0.00197262
1914	1933	1.02169	0.00197262
1914	1934	1.02169	0.00197262
1914	1935	1.02169	0.00197262
1914	1936	1.02169	0.00197262
1914	1937	1.02169	0.00197262
1914	1938	1.02169	0.00197262
1914	1939	1.02169	0.00197262
1914	1940	1.02169	0.00197262
1914	1941	1.02169	0.00197262
1914	1942	1.02169	0.00197262
1914	1943	1.02169	0.00197262
1914	1944	1.02169	0.00197262
1914	1945	1.02169	0.00197262
1914	1946	1.02169	0.00197262
1914	1947	1.02169	0.00197262
1914	1948	1.02169	0.00197262
1914	1949	1.02169	0.00197262
1914	1950	1.02169	0.00197262
1914	1951	1.02169	0.00197262
1914	1952	1.02169	0.00197262
1914	1953	1.02169	0.00197262
1914	1954	1.02169	0.00197262
1914	1955	1.02169	0.00197262
1914	1956	1.02169	0.00197262
1914	1957	1.02169	0.00197262
1914	1958	1.02169	0.00197262
1914	1959	1.02169	0.00197262
1914	1960	1.02169	0.00197262
1914	1961	1.02169	0.00197262
1914	1962	1.02169	0.00197262
1914	1963	1.02169	0.00197262
1914	1964	1.02169	0.00197262
1914	1965	1.02169	0.00197262
1914	1966	1.02169	0.00197262
1914	1967	1.02169	0.00197262
1914	1968	1.02169	0.00197262
1914	1969	1.02169	0.00197262
1914	1970	1.02169	0.00197262
1914	1971	1.02169	0.00197262
1914	1972	1.02169	0.00197262
1914	1973	1.02169	0.00197262
1914	1974	1.02169	0.00197262
1914	1975	1.02169	0.00197262
1914	1976	1.02169	0.00197262
1914	1977	1.02169	0.00197262
1914	1978	1.02169	0.00197262
1914	1979	1.02169	0.00197262
1914	1980	1.02169	0.00197262
1914	1981	1.02169	0.00197262
1914	1982	1.02169	0.00197262
1914	1983	1.02169	0.00197262
1914	1984	1.02169	0.00197262
1914	1985	1.02169	0.00197262
1914	1986	1.02169	0.00197262
1914	1987	1.02169	0.00197262
1914	1988	1.02169	0.00197262
1914	1989	1.02169	0.00197262
1914	1990	1.02169	0.00197262
1914	1991	1.02169	0.00197262
1914	1992	1.02169	0.00197262
1914	1993	1.02169	0.00197262
1914	1994	1.02169	0.00197262
1914	1995	1.02169	0.00197262
1914	1996	1.02169	0.00197262
1914	1997	1.02169	0.00197262
1914	1998	1.02169	0.00197262
1914	1999	1.02169	0.00197262
1914	2000	1.02169	0.00197262
1914	2001	1.02169	0.00197262
1914	2002	1.02169	0.00197262
1914	2003	1.02169	0.00197262
1914	2004	1.02169	0.00197262
1914	2005	1.02169	0.00197262
1914	2006	1.02169	0.00197262
1914	2007	1.02169	0.00197262
1914	2008	1.02169	0.00197262
1914	2009	1.02169	0.00197262
1914	2010	1.02169	0.00197262
1914	2011	1.02169	0.00197262
1914	2012	1.02169	0.00197262
1914	2013	1.02169	0.00197262
1914	2014	1.02169	0.00197262
1914	2015	1.02169	0.00197262
1914	2016	1.02169	0.00197262
1914	2017	1.02169	0.00197262
1914	2018	1.02169	0.00197262
1914	2019	1.02169	0.00197262
1914	2020	1.02169	0.00197262
1914	2021	1.02169	0.00197262
1914	2022	1.02169	0.00197262
1914	2023	1.02169	0.00197262
1914	2024	1.02169	0.00197262
1914	2025	1.02169	0.00197262
1914	2026	1.02169	0.00197262
1914	2027	1.02169	0.00197262
1914	2028	1.02169	0.00197262
1914	2029	1.02169	0.00197262
1914	2030	1.02169	0.00197262
1914	2031	1.02169	0.00197262
1914	2032	1.02169	0.00197262
1914	2033	1.02169	0.00197262
1914	2034	1.02169	0.00197262
1914	2035	1.02169	0.00197262
1914	2036	1.02169	0.00197262
1914	2037	1.02169	0.00197262
1914	2038	1.02169	0.00197262
1914	2039	1.02169	0.00197262
1914	2040	1.02169	0.00197262
1914	2041	1.02169	0.00197262
1914	2042	1.02169	0.00197262
1914	2043	1.02169	0.00197262
1914	2044	1.02169	0.00197262
1914	2045	1.02169	0.00197262
1914	2046	1.02169	0.00197262
1914	2047	1.02169	0.00197262
1914	2048	1.02169	0.00197262
1914	2049	1.02169	0.00197262
1914	2050	1.02169	0.00197262
1914	2051	1.02169	0.00197262
1914	2052	1.02169	0.00197262
1914	2053	1.02169	0.00197262
1914	2054	1.02169	0.00197262
1914	2055	1.02169	0.00197262
1914	2056	1.02169	0.00197262
1914	2057	1.02169	0.00197262
1914	2058	1.02169	0.00197262
1914	2059	1.02169	0.00197262
1914	2060	1.02169	0.00197262
1914	2061	1.02169	0.00197262
1914	2062	1.02169	0.00197262
1914	2063	1.02169	0.00197262
1914	2064	1.02169	0.00197262
1914	2065	1.02169	0.00197262
1914	2066	1.02169	0.00197262
1914	2067	1.02169	0.00197262
1914	2068	1.02169	0.00197262
1914	2069	1.02169	0.00197262
1914	2070	1.02169	0.00197262
1914	2071	1.02169	0.00197262
1914	2072	1.02169	0.00197262
1914	2073	1.02169	0.00197262
1914	2074	1.02169	0.00197262
1914	2075	1.02169	0.00197262
1914	2076	1.02169	0.00197262
1914	2077	1.02169	0.00197262
1914	2078	1.02169	0.00197262
1914	2079	1.02169	0.00197262
1914	2080	1.02169	0.00197262
1914	2081	1.02169	0.00197262
1914	2082	1.02169	0.00197262
1914	2083	1.02169	0.00197262
1914	2084	1.02169	0.00197262
1914	2085	1.02169	0.00197262
1914	2086	1.02169	0.00197262
1914	2087	1.02169	0.00197262
1914	2088	1.02169	0.00197262
1914	2089	1.02169	0.00197262
1914	2090	1.02169	0.00197262
1914	2091	1.02169	0.00197262
1914	2092	1.02169	0.00197262
1914	2093	1.02169	0.00197262
1914	2094	1.02169	0.00197262
1914	2095	1.02169	0.00197262
1914	2096	1.02169	0.00197262
1914	2097	1.02169	0.00197262
1914	2098	1.02169	0.00197262
1914	2099	1.02169	0.00197262
1914	2100	1.02169	0.00197262
1914	2101	1.02169	0.00197262
1914	2102	1.02169	0.00197262
1914	2103	1.02169	0.00197262
1914	2104	1.02169	0.00197262
1914	2105	1.02169	0.00197262
1914	2106	1.02169	0.00197262
1914	2107	1.02169	0.00197262
1914	2108	1.02169	0.00197262
1914	2109	1.02169	0.00197262
1914	2110	1.02169	0.00197262
1914	2111	1.02169	0.00197262
1914	2112	1.02169	0.00197262
1914	2113	1.02169	0.00197262
1914	2114	1.02169	0.00197262
1914	2115	1.02169	0.00197262
1914	2116	1.02169	0.00197262
1914	2117	1.02169	0.00197262
1914	2118	1.02169	0.00197262
1914	2119	1.02169	0.00197262
1914	2120	1.02169	0.00197262
1914	2121	1.02169	0.00197262
1914	2122	1.02169	0.00197262
1914	2123	1.02169	0.00197262
1914	2124	1.02169	0.00197262
1914	2125	1.02169	0.00197262
1914	2126	1.02169	0.00197262
1914	2127	1.02169	0.00197262
1914	2128	1.02169	0.00197262
1914	2129	1.02169	0.00197262
1914	2130	1.02169	0.00197262
1914	2131	1.02169	0.00197262
1914	2132	1.02169	0.00197262
1914	2133	1.02169	0.00197262
1914	2134	1.02169	0.00197262
1914	2135	1.02169	0.00197262
1914	2136	1.02169	0.00197262
1914	2137	1.02169	0.00197262
1914	2138	1.02169	0.00197262
1914	2139	1.02169	0.00197262
1914	2140	1.02169	0.00197262
1914	2141	1.02169	0.00197262
1914	2142	1.02169	0.00197262
1914	2143	1.02169	0.00197262
1914	2144	1.02169	0.00197262
1914	2145	1.02169	0.00197262
1914	2146	1.02169	0.00197262
1914	2147	1.02169	0.00197262
1914	2148	1.02169	0.00197262
1914	2149	1.02169	0.00197262
1914	2150	1.02169	0.00197262
1914	2151	1.02169	0.00197262
1914	2152	1.02169	0.00197262
1914	2153	1.02169	0.00197262
1914	2154	1.02169	0.00197262
1914	2155	1.02169	0.00197262
1914	2156	1.02169	0.00197262
1914	2157	1.02169	0.00197262
1914	2158	1.02169	0.00197262
1914	2159	1.02169	0.00197262
1914	2160	1.02169	0.00197262
1914	2161	1.02169	0.00197262
1914	2162	1.02169	0.00197262
1914	2163	1.02169	0.00197262
1914	2164	1.02169	0.00197262
1914	2165	1.02169	0.00197262
1914	2166	1.02169	0.00197262
1914	2167	1.02169	0.00197262
1914	2168	1.02169	0.00197262
1914	2169	1.02169	0.00197262
1914	2170	1.02169	0.00197262
1914	2171	1.02169	0.00197262
1914	2172	1.02169	0.00197262
1914	2173	1.02169	0.00197262
1914	2174	1.02169	0.00197262
1914	2175	1.02169	0.00197262
1914	2176	1.02169	0.00197262
1914	2177	1.02169	0.00197262
1914	2178	1.02169	0.00197262
1914	2179	1.02169	0.00197262
1914	2180	1.02169	0.00197262
1914	2181	1.02169	0.00197262
1914	2182	1.02169	0.00197262
1914	2183	1.02169	0.00197262
1914	2184	1.02169	0.00197262
1914	2185	1.02169	0.00197262
1914	2186	1.02169	0.00197262
1914	2187	1.02169	0.00197262
1914	2188	1.02169	0.00197262
1914	2189	1.02169	0.00197262
1914	2190	1.02169	0.00197262
1914	2191	1.02169	0.00197262
1914	2192	1.02169	0.00197262
1914	2193	1.02169	0.00197262
1914	2194	1.02169	0.00197262
1914	2195	1.02169	0.00197262
1914	2196	1.02169	0.00197262
1914	2197	1.02169	0.00197262
1914	2198	1.02169	0.00197262
1914	2199	1.02169	0.00197262
1914	2200	1.02169	0.00197262
1914	2201	1.02169	0.00197262
1914	2202	1.02169	0.00197262
1914	2203	1.02169	0.00197262
1914	2204	1.02169	0.00197262
1914	2205	1.02169	0.00197262
1914	2206	1.02169	0.00197262
1914	2207	1.02169	0.00197262
1914	2208	1.02169	0.00197262
1914	2209	1.02169	0.00197262
1914	2210	1.02169	0.00197262
1914	2211	1.02169	0.00197262
1914	2212	1.02169	0.00197262
1914	2213	1.02169	0.00197262
1914	2214	1.02169	0.00197262
1914	2215	1.02169	0.00197262
1914	2216	1.02169	0.00197262
1914	2217	1.02169	0.00197262
1914	2218	1.02169	0.00197262
1914	2219	1.02169	0.00197262
1914	2220	1.02169	0.00197262
1914	2221	1.02169	0.00197262
1914	2222	1.02169	0.00197262
1914	2223	1.02169	0.00197262
1914	2224	1.02169	0.00197262
1914	2225	1.02169	0.00197262
1914	2226	1.02169	0.00197262
1914	2227	1.02169	0.00197262
1914	2228	1.02169	0.00197262
1914	2229	1.02169	0.00197262
1914	2230	1.02169	0.00197262
1914	2231	1.02169	0.00197262
1914	2232	1.02169	0.00197262
1914	2233	1.02169	0.00197262
1914	2234	1.02169	0.00197262
1914	2235	1.02169	0.00197262
1914	2236	1.02169	0.00197262
1914	2237	1.02169	0.00197262
1914	2238	1.02169	0.00197262
1914	2239	1.02169	0.00197262
1914	2240	1.02169	0.00197262
1914	2241	1.02169	0.00197262
1914	2242	1.02169	0.00197262
1914	2243	1.02169	0.00197262
1914	2244	1.02169	0.00197262
1914	2245	1.02169	0.00197262
1914	2246	1.02169	0.00197262
1914	2247	1.02169	0.00197262
1914	2248	1.02169	0.00197262
1914	2249	1.02169	0.00197262
1914	2250	1.02169	0.00197262
1914	2251	1.02169	0.00197262
1914	2252	1.02169	0.00197262
1914	2253	1.02169	0.00197262
1914	2254	1.02169	0.00197262
1914	2255	1.02169	0.00197262
1914	2256	1.02169	0.00197262
1914	2257	1.02169	0.00197262
1914	2258	1.02169	0.00197262
1914	2259	1.02169	0.00197262
1914	2260	1.02169	0.00197262
1914	2261	1.02169	0.00197262
1914	2262	1.02169	0.00197262
1914	2263	1.02169	0.00197262
1914	2264	1.02169	0.00197262
1914	2265	1.02169	0.00197262
1914	2266	1.02169	0.00197262
1914	2267	1.02169	0.00197262
1914	2268	1.02169	0.00197262
1914	2269	1.02169	0.00197262
1914	2270	1.02169	0.00197262
1914	2271	1.02169	0.00197262
1914	2272	1.02169	0.00197262
1914	2273	1.02169	0.00197262
1914	2274	1.02169	0.00197262
1914	2275	1.02169	0.00197262
1914	2276	1.02169	0.00197262
1914	2277	1.02169	0.00197262
1914	2278	1.02169	0.00197262
1914	2279	1.02169	0.00197262
1914	2280	1.02169	0.00197262
1914	2281	1.02169	0.00197262
1914	2282	1.02169	0.00197262
1914	2283	1.02169	0.00197262
1914	2284	1.02169	0.00197262
1914	2285	1.02169	0.00197262
1914	2286	1.02169	0.00197262
1914	2287	1.02169	0.00197262
1914	2288	1.02169	0.00197262
1914	2289	1.02169	0.00197262
1914	2290	1.02169	0.00197262
1914	2291	1.02169	0.00197262
1914	2292	1.02169	0.00197262
1914	2293	1.02169	0.00197262
1914	2294	1.02169	0.00197262
1914	2295	1.02169	0.00197262
1914	2296	1.02169	0.00197262
1914	2297	1.02169	0.00197262
1914	2298	1.02169	0.00197262
1914	2299	1.02169	0.00197262
1914	2300	1.02169	0.00197262
1914	2301	1.02169	0.00197262
1914	2302	1.02169	0.00197262
1914	2303	1.02169	0.00197262
1914	2304	1.02169	0.00197262
1914	2305	1.02169	0.00197262
1914	2306	1.02169	0.00197262
1914	2307	1.02169	0.00197262
1914	2308	1.02169	0.00197262
1914	2309	1.02169	0.00197262
1914	2310	1.02169	0.00197262
1914	2311	1.02169	0.00197262
1914	2312	1.02169	0.00197262
1914	2313	1.02169	0.00197262
1914	2314	1.02169	0.00197262
1914	2315	1.02169	0.00197262
1914	2316	1.02169	0.00197262
1914	2317	1.02169	0.00197262
1914	2318	1.02169	0.00197262
1914	2319	1.02169	0.00197262
1914	2320	1.02169	0.00197262
1914	2321	1.02169	0.00197262
1914	2322	1.02169	0.00197262
1914	2323	1.02169	0.00197262
1914	2324	1.02169	0.00197262
1914	2325	1.02169	0.00197262
1914	2326	1.02169	0.00197262
1914	2327	1.02169	0.00197262
1914	2328	1.02169	0.00197262
1914	2329	1.02169	0.00197262
1914	2330	1.02169	0.00197262
1914	2331	1.02169	0.00197262
1914	2332	1.02169	0.00197262
1914	2333	1.02169	0.00197262
1914	2334	1.02169	0.00197262
1914	2335	1.02169	0.00197262
1914	2336	1.02169	0.00197262
1914	2337	1.02169	0.00197262
1914	2338	1.02169	0.00197262
1914	2339	1.02169	0.00197262
1914	2340	1.02169	0.00197262
1914	2341	1.02169	0.00197262
1914	2342	1.02169	0.00197262
1914	2343	1.02169	0.00197262
1914	2344	1.02169	0.00197262
1914	2345	1.02169	0.00197262
1914	2346	1.02169	0.00197262
1914	2347	1.02169	0.00197262
1914	2348	1.02169	0.00197262
1914	2349	1.02169	0.00197262
1914	2350	1.02169	0.00197262
1914	2351	1.02169	0.00197262
1914	2352	1.02169	0.00197262
1914	2353	1.02169	0.00197262
1914	2354	1.02169	0.00197262
1914	2355	1.02169	0.00197262
1914	2356	1.02169	0.00197262
1914	2357	1.02169	0.00197262
1914	2358	1.02169	0.00197262
1914	2359	1.02169	0.00197262
1914	2360	1.02169	0.00197262
1914	2361	1.02169	0.00197262
1914	2362	1.02169	0.00197262
1914	2363	1.02169	0.00197262
1914	2364	1.02169	0.00197262
1914	2365	1.02169	0.00197262
1914	2366	1.02169	0.00197262
1914	2367	1.02169	0.00197262
1914	2368	1.02169	0.00197262
1914	2369	1.02169	0.00197262
1914	2370	1.02169	0.00197262
1914	2371	1.02169	0.00197262
1914	2372	1.02169	0.00197262
1914	2373	1.02169	0.00197262
1914	2374	1.02169	0.00197262
1914	2375	1.02169	0.00197262
1914	2376	1.02169	0.00197262
1914	2377	1.02169	0.00197262
1914	2378	1.02169	0.00197262
1914	2379	1.02169	0.00197262
1914	2380	1.02169	0.00197262
1914	2381	1.02169	0.00197262
1914	2382	1.02169	0.00197262
1914	2383	1.02169	0.00197262
1914	2384	1.02169	0.00197262
1914	2385	1.02169	0.00197262
1914	2386	1.02169	0.00197262
1914	2387	1.02169	0.00197262
1914	2388	1.02169	0.00197262
1914	2389	1.02169	0.00197262
1914	2390	1.02169	0.00197262
1914	2391	1.02169	0.00197262
1914	2392	1.02169	0.00197262
1914	2393	1.02169	0.00197262
1914	2394	1.02169	0.00197262
1914	2395	1.02169	0.00197262
1914	2396	1.02169	0.00197262
1914	2397	1.02169	0.00197262
1914	2398	1.02169	0.00197262
1914	2399	1.02169	0.00197262
1914	2400	1.02169	0.00197262
1914	2401	1.02169	0.00197262
1914	2402	1.02169	0.00197262
1914	2403	1.02169	0.00197262
1914	2404	1.02169	0.00197262
1914	2405	1.02169	0.00197262
1914	2406	1.02169	0.00197262
1914	2407	1.02169	0.00197262
1914	2408	1.02169	0.00197262
1914	2409	1.02169	0.00197262
1914	2410	1.02169	0.00197262
1914	2411	1.02169	0.00197262
1914	2412	1.02169	0.00197262
1914	2413	1.02169	0.00197262
1914	2414	1.02169	0.00197262
1914	2415	1.02169	0.00197262
1914	2416	1.02169	0.00197262
1914	2417	1.02169	0.00197262
1914	2418	1.02169	0.00197262
1914	2419	1.02169	0.00197262
1914	2420	1.02169	0.00197262
1914	2421	1.02169	0.00197262
1914	2422	1.02169	0.00197262
1914	2423	1.02169	0.00197262
1914	2424	1.02169	0.00197262
1914	2425	1.02169	0.00197262
1914	2426	1.02169	0.00197262
1914	2427	1.02169	0.00197262
1914	2428	1.02169	0.00197262
1914	2429	1.02169	0.00197262
1914	2430	1.02169	0.00197262
1914	2431	1.02169	0.00197262
1914	2432	1.02169	0.00197262
1914	2433	1.02169	0.00197262
1914	2434	1.02169	0.00197262
1914	2435	1.02169	0.00197262
1914	2436	1.02169	0.00197262
1914	2437	1.02169	0.00197262
1914	2438	1.02169	0.00197262
1914	2439	1.02169	0.00197262
1914	2440	1.02169	0.00197262
1914	2441	1.02169	0.00197262
1914	2442	1.02169	0.00197262
1914	2443	1.02169	0.00197262
1914	2444	1.02169	0.00197262
1914	2445	1.02169	0.00197262
1914	2446	1.02169	0.00197262
1914	2447	1.02169	0.00197262
1914	2448	1.02169	0.00197262
1914	2449	1.02169	0.00197262
1914	2450	1.02169	0.00197262
1914	2451	1.02169	0.00197262
1914	2452	1.02169	0.00197262
1914	2453	1.02169	0.00197262
1914	2454	1.02169	0.00197262
1914	2455	1.02169	0.00197262
1914	2456	1.02169	0.00197262
1914	2457	1.02169	0.00197262
1914	2458	1.02169	0.00197262
1914	2459	1.02169	0.00197262
1914	2460	1.02169	0.00197262
1914	2461	1.02169	0.00197262
1914	2462	1.02169	0.00197262
1914	2463	1.02169	0.00197262
1914	2464	1.02169	0.00197262
1914	2465	1.02169	0.00197262
1914	2466	1.02169	0.00197262
1914	2467	1.02169	0.00197262
1914	2468	1.02169	0.00197262
1914	2469	1.02169	0.00197262
1914	2470	1.02169	0.00197262
1914	2471	1.02169	0.00197262
1914	2472	1.02169	0.00197262
1914	2473	1.02169	0.00197262
1914	2474	1.02169	0.00197262
1914	2475	1.02169	0.00197262
1914	2476	1.02169	0.00197262
1914	2477	1.02169	0.00197262
1914	2478	1.02169	0.00197262
1914	2479	1.02169	0.00197262
1914	2480	1.02169	0.00197262
1914	2481	1.02169	0.00197262
1914	2482	1.02169	0.00197262
1914	2483	1.02169	0.00197262
1914	2484	1.02169	0.00197262
1914	2485	1.02169	0.00197262
1914	2486	1.02169	0.00197262
1914	2487	1.02169	0.00197262
1914	2488	1.02169	0.00197262
1914	2489	1.02169	0.00197262
1914	2490	1.02169	0.00197262
1914	2491	1.02169	0.00197262
1914	2492	1.02169	0.00197262
1914	2493	1.02169	0.00197262
1914	2494	1.02169	0.00197262
1914	2495	1.02169	0.00197262
1914	2496	1.02169	0.00197262
1914	2497	1.02169	0.00197262
1914	2498	1.02169	0.00197262
1914	2499	1.02169	0.00197262
1914	2500	1.02169	0.00197262
1914	2501	1.02169	0.00197262
1914	2502	1.02169	0.00197262
1914	2503	1.02169	0.00197262
1914	2504	1.02169	0.00197262
1914	2505	1.02169	0.00197262
1914	2506	1.02169	0.00197262
1914	2507	1.02169	0.00197262
1914	2508	1.02169	0.00197262
1914	2509	1.02169	0.00197262
1914	2510	1.02169	0.00197262
1914	2511	1.02169	0.00197262
1914	2512	1.02169	0.00197262
1914	2513	1.02169	0.00197262
1914	2514	1.02169	0.00197262
1914	2515	1.02169	0.00197262
1914	2516	1.02169	0.00197262
1914	2517	1.02169	0.00197262
1914	2518	1.02169	0.00197262
1914	2519	1.02169	0.00197262
1914	2520	1.02169	0.00197262
1914	2521	1.02169	0.00197262
1914	2522	1.02169	0.00197262
1914	2523	1.02169	0.00197262
1914	2524	1.02169	0.00197262
1914	2525	1.02169	0.00197262
1914	2526	1.02169	0.00197262
1914	2527	1.02169	0.00197262
1914	2528	1.02169	0.00197262
1914	2529	1.02169	0.00197262
1914	2530	1.02169	0.00197262
1914	2531	1.02169	0.00197262
1914	2532	1.02169	0.00197262
1914	2533	1.02169	0.00197262
1914	2534	1.02169	0.00197262
1914	2535	1.02169	0.00197262
1914	2536	1.02169	0.00197262
1914	2537	1.02169	0.00197262
1914	2538	1.02169	0.00197262
1914	2539	1.02169	0.00197262
1914	2540	1.02169	0.00197262
1914	2541	1.02169	0.00197262
1914	2542	1.02169	0.00197262
1914	2543	1.02169	0.00197262
1914	2544	1.02169	0.00197262
1914	2545	1.02169	0.00197262
1914	2546	1.02169	0.00197262
1914	2547	1.02169	0.00197262
1914	2548	1.02169	0.00197262
1914	2549	1.02169	0.00197262
1914	2550	1.02169	0.00197262
1914	2551	1.02169	0.00197262
1914	2552	1.02169	0.00197262
1914	2553	1.02169	0.00197262
1914	2554	1.02169	0.00197262
1914	2555	1.02169	0.00197262
1914	2556	1.02169	0.00197262
1914	2557	1.02169	0.00197262
1914	2558	1.02169	0.00197262
1914	2559	1.02169	0.00197262
1914	2560	1.02169	0.00197262
1914	2561	1.02169	0.00197262
1914	2562	1.02169	0.00197262
1914	2563	1.02169	0.00197262
1914	2564	1.02169	0.00197262
1914	2565	1.02169	0.00197262
1914	2566	1.02169	0.00197262
1914	2567	1.02169	0.00197262
1914	2568	1.02169	0.00197262
1914	2569	1.02169	0.00197262
1914	2570	1.02169	0.00197262
1914	2571	1.02169	0.00197262
1914	2572	1.02169	0.00197262
1914	2573	1.02169	0.00197262
1914	2574	1.02169	0.00197262
1914	2575	1.02169	0.00197262
1914	2576	1.02169	0.00197262
1914	2577	1.02169	0.00197262
1914	2578	1.02169	0.00197262
1914	2579	1.02169	0.00197262
1914	2580	1.02169	0.00197262
1914	2581	1.02169	0.00197262
1914	2582	1.02169	0.00197262
1914	2583	1.02169	0.00197262
1914	2584	1.02169	0.00197262
1914	2585	1.02169	0.00197262
1914	2586	1.02169	0.00197262
1914	2587	1.02169	0.00197262
1914	2588	1.02169	0.00197262
1914	2589	1.02169	0.00197262
1914	2590	1.02169	0.00197262
1914	2591	1.02169	0.00197262
1914	2592	1.02169	0.00197262
1914	2593	1.02169	0.00197262
1914	2594	1.02169	0.00197262
1914	2595	1.02169	0.00197262
1914	2596	1.02169	0.00197262
1914	2597	1.02169	0.00197262
1914	2598	1.02169	0.00197262
1914	2599	1.02169	0.00197262
1914	2600	1.02169	0.00197262
1914	2601	1.02169	0.00197262
1914	2602	1.02169	0.00197262
1914	2603	1.02169	0.00197262
1914	2604	1.02169	0.00197262
1914	2605	1.02169	0.00197262
1914	2606	1.02169	0.00197262
1914	2607	1.02169	0.00197262
1914	2608	1.02169	0.00197262
1914	2609	1.02169	0.00197262
1914	2610	1.02169	0.00197262
1914	2611	1.02169	0.00197262
1914	2612	1.02169	0.00197262
1914	2613	1.02169	0.00197262
1914	2614	1.02169	0.00197262
1914	2615	1.02169	0.00197262
1914	2616	1.02169	0.00197262
1914	2617	1.02169	0.00197262
1914	2618	1.02169	0.00197262
1914	2619	1.02169	0.00197262
1914	2620	1.02169	0.00197262
1914	2621	1.02169	0.00197262
1914	2622	1.02169	0.00197262
1914	2623	1.02169	0.00197262
1914	2624	1.02169	0.00197262
1914	2625	1.02169	0.00197262
1914	2626	1.02169	0.00197262
1914	2627	1.02169	0.00197262
1914	2628	1.02169	0.00197262
1914	2629	1.02169	0.00197262
1914	2630	1.02169	0.00197262
1914	2631	1.02169	0.00197262
1914	2632	1.02169	0.00197262
1914	2633	1.02169	0.00197262
1914	2634	1.02169	0.00197262
1914	2635	1.02169	0.00197262
1914	2636	1.02169	0.00197262
1914	2637	1.02169	0.00197262
1914	2638	1.02169	0.00197262
1914	2639	1.02169	0.00197262
1914	2640	1.02169	0.00197262
1914	2641	1.02169	0.00197262
1914	2642	1.02169	0.00197262
1914	2643	1.02169	0.00197262
1914	2644	1.02169	0.00197262
1914	2645	1.02169	0.00197262
1914	2646	1.02169	0.00197262
1914	2647	1.02169	0.00197262
1914	2648	1.02169	0.00197262
1914	2649	1.02169	0.00197262
1914	2650	1.02169	0.00197262
1914	2651	1.02169	0.00197262
1914	2652	1.02169	0.00197262
1914	2653	1.02169	0.00197262
1914	2654	1.02169	0.00197262
1914	2655	1.02169	0.00197262
1914	2656	1.02169	0.00197262
1914	2657	1.02169	0.00197262
1914	2658	1.02169	0.00197262
1914	2659	1.02169	0.00197262
1914	2660	1.02169	0.00197262
1914	2661	1.02169	0.00197262
1914	2662	1.02169	0.00197262
1914	2663	1.02169	0.00197262
1914	2664	1.02169	0.00197262
1914	2665	1.02169	0.00197262
1914	2666	1.02169	0.00197262
1914	2667	1.02169	0.00197262
1914	2668	1.02169	0.00197262
1914	2669	1.02169	0.00197262
1914	2670	1.02169	0.00197262
1914	2671	1.02169	0.00197262
1914	2672	1.02169	0.00197262
1914	2673	1.02169	0.00197262
1914	2674	1.02169	0.00197262
1914	2675	1.02169	0.00197262
1914	2676	1.02169	0.00197262
1914	2677	1.02169	0.00197262
1914	2678	1.02169	0.00197262
1914	2679	1.02169	0.00197262
1914	2680	1.02169	0.00197262
1914	2681	1.02169	0.00197262
1914	2682	1.02169	0.00197262
1914	2683	1.02169	0.00197262
1914	2684	1.02169	0.00197262
1914	2685	1.02169	0.00197262
1914	2686	1.02169	0.00197262
1914	2687	1.02169	0.00197262
1914	2688	1.02169	0.00197262
1914	2689	1.02169	0.00197262
1914	2690	1.02169	0.00197262
1914	2691	1.02169	0.00197262
1914	2692	1.02169	0.00197262
1914	2693	1.02169	0.00197262
1914	2694	1.02169	0.00197262
1914	2695	1.02169	0.00197262
1914	2696	1.02169	0.00197262
1914	2697	1.02169	0.00197262
1914	2698	1.02169	0.00197262
1914	2699	1.02169	0.00197262
1914	2700	1.02169	0.00197262
1914	2701	1.02169	0.00197262
1914	2702	1.02169	0.00197262
1914	2703	1.02169	0.00197262
1914	2704	1.02169	0.00197262
1914	2705	1.02169	0.00197262
1914	2706	1.02169	0.00197262
1914	2707	1.02169	0.00197262
1914	2708	1.02169	0.00197262
1914	2709	1.02169	0.00197262
1914	2710	1.02169	0.00197262
1914	2711	1.02169	0.00197262
1914	2712	1.02169	0.00197262
1914	2713	1.02169	0.00197262
1914	2714	1.02169	0.00197262
1914	2715	1.02169	0.00197262
1914	2716	1.02169	0.00197262
1914	2717	1.02169	0.00197262
1914	2718	1.02169	0.00197262
1914	2719	1.02169	0.00197262
1914	2720	1.02169	0.00197262
1914	2721	1.02169	0.00197262
1914	2722	1.02169	0.00197262
1914	2723	1.02169	0.00197262
1914	2724	1.02169	0.00197262
1914	2725	1.02169	0.00197262
1914	2726	1.02169	0.00197262
1914	2727	1.02169	0.00197262
1914	2728	1.02169	0.00197262
1914	2729	1.02169	0.00197262
1914	2730	1.02169	0.00197262
1914	2731	1.02169	0.00197262
1914	2732	1.02169	0.00197262
1914	2733	1.02169	0.00197262
1914	2734	1.02169	0.00197262
1914	2735	1.02169	0.00197262
1914	2736	1.02169	0.00197262
1914	2737	1.02169	0.00197262
1914	2738	1.02169	0.00197262
1914	2739	1.02169	0.00197262
1914	2740	1.02169	0.00197262
1914	2741	1.02169	0.00197262
1914	2742	1.02169	0.00197262
1914	2743	1.02169	0.00197262
1914	2744	1.02169	0.00197262
1914	2745	1.02169	0.00197262
1914	2746	1.02169	0.00197262
1914	2747	1.02169	0.00197262
1914	2748	1.02169	0.00197262
1914	2749	1.02169	0.00197262
1914	2750	1.02169	0.00197262
1914	2751	1.02169	0.00197262
1914	2752	1.02169	0.00197262
1914	2753	1.02169	0.00197262
1914	2754	1.02169	0.00197262
1914	2755	1.02169	0.00197262
1914	2756	1.02169	0.00197262
1914	2757	1.02169	0.00197262
1914	2758	1.02169	0.00197262
1914	2759	1.02169	0.00197262
1914	2760	1.02169	0.00197262
1914	2761	1.02169	0.00197262
1914	2762	1.02169	0.00197262
1914	2763	1.02169	0.00197262
1914	2764	1.02169	0.00197262
1914	2765	1.02169	0.00197262
1914	2766	1.02169	0.00197262
1914	2767	1.02169	0.00197262
1914	2768	1.02169	0.00197262
1914	2769	1.02169	0.00197262
1914	2770	1.02169	0.00197262
1914	2771	1.02169	0.00197262
1914	2772	1.02169	0.00197262
1914	2773	1.02169	0.00197262
1914	2774	1.02169	0.00197262
1914	2775	1.02169	0.00197262
1914	2776	1.02169	0.00197262
1914	2777	1.02169	0.00197262
1914	2778	1.02169	0.00197262
1914	2779	1.02169	0.00197262
1914	2780	1.02169	0.00197262
1914	2781	1.02169	0.00197262
1914	2782	1.02169	0.00197262
1914	2783	1.02169	0.00197262
1914	2784	1.02169	0.00197262
1914	2785	1.02169	0.00197262
1914	2786	1.02169	0.00197262
1914	2787	1.02169	0.00197262
1914	2788	1.02169	0.00197262
1914	2789	1.02169	0.00197262
1914	2790	1.02169	0.00197262
1914	2791	1.02169	0.00197262
1914	2792	1.02169	0.00197262
1914	2793	1.02169	0.00197262
1914	2794	1.02169	0.00197262
1914	2795	1.02169	0.00197262
1914	2796	1.02169	0.00197262
1914	2797	1.02169	0.00197262
1914	2798	1.02169	0.00197262
1914	2799	1.02169	0.00197262
1914	2800	1.02169	0.00197262
1914	2801	1.02169	0.00197262
1914	2802	1.02169	0.00197262
1914	2803	1.02169	0.00197262
1914	2804	1.02169	0.00197262
1914	2805	1.02169	0.00197262
1914	2806	1.02169	0.00197262
1914	2807	1.02169	0.00197262
1914	2808	1.02169	0.00197262
1914	2809	1.02169	0.00197262
1914	2810	1.02169	0.00197262
1914	2811	1.02169	0.00197262
1914	2812	1.02169	0.00197262
1914	2813	1.02169	0.00197262
1914	2814	1.02169	0.00197262
1914	2815	1.02169	0.00197262
1914	2816	1.02169	0.00197262
1914	2817	1.02169	0.00197262
1914	2818	1.02169	0.00197262
1914	2819	1.02169	0.00197262
1914	2820	1.02169	0.00197262
1914	2821	1.02169	0.00197262
1914	2822	1.02169	0.00197262
1914	2823	1.02169	0.00197262
1914	2824	1.02169	0.00197262
1914	2825	1.02169	0.00197262
1914	2826	1.02169	0.00197262
1914	2827	1.02169	0.00197262
1914	2828	1.02169	0.00197262
1914	2829	1.02169	0.00197262
1914	2830	1.02169	0.00197262
1914	2831	1.02169	0.00197262
1914	2832	1.02169	0.00197262
1914	2833	1.02169	0.00197262
1914	2834	1.02169	0.00197262
1914	2835	1.02169	0.00197262
1914	2836	1.02169	0.00197262
1914	2837	1.02169	0.00197262
1914	2838	1.02169	0.00197262
1914	2839	1.02169	0.00197262
1914	2840	1.02169	0.00197262
1914	2841	1.02169	0.00197262
1914	2842	1.02169	0.00197262
1914	2843	1.02169	0.00197262
1914	2844	1.02169	0.00197262
1914	2845	1.02169	0.00197262
1914	2846	1.02169	0.00197262
1914	2847	1.02169	0.00197262
1914	2848	1.02169	0.00197262
1914	2849	1.02169	0.00197262
1914	2850	1.02169	0.00197262
1914	2851	1.02169	0.00197262
1914	2852	1.02169	0.00197262
1914	2853	1.02169	0.00197262
1914	2854	1.02169	0.00197262
1914	2855	1.02169	0.00197262
1914	2856	1.02169	0.00197262
1914	2857	1.02169	0.00197262
1914	2858	1.02169	0.00197262
1914	2859	1.02169	0.00197262
1914	2860	1.02169	0.00197262
1914	2861	1.02169	0.00197262
1914	2862	1.02169	0.00197262
1914	2863	1.02169	0.00197262
1914	2864	1.02169	0.00197262
1914	2865	1.02169	0.00197262
1914	2866	1.02169	0.00197262
1914	2867	1.02169	0.00197262
1914	2868	1.02169	0.00197262
1914	2869	1.02169	0.00197262
1914	2870	1.02169	0.00197262
1914	2871	1.02169	0.00197262
1914	2872	1.02169	0.00197262
1914	2873	1.02169	0.00197262
1914	2874	1.02169	0.00197262
1914	2875	1.02169	0.00197262
1914	2876	1.02169	0.00197262
1914	2877	1.02169	0.00197262
1914	2878	1.02169	0.00197262
1914	2879	1.02169	0.00197262
1914	2880	1.02169	0.00197262
1914	2881	1.02169	0.00197262
1914	2882	1.02169	0.00197262
1914	2883	1.02169	0.00197262
1914	2884	1.02169	0.00197262
1914	2885	1.02169	0.00197262
1914	2886	1.02169	0.00197262
1914	2887	1.02169	0.00197262
1914	2888	1.02169	0.00197262
1914	2889	1.02169	0.00197262
1914	2890	1.02169	0.00197262
1914	2891	1.02169	0.00197262
1914	2892	1.02169	0.00197262
1914	2893	1.02169	0.00197262
1914	2894	1.02169	0.00197262
1914	2895	1.02169	0.00197262
1914	2896	1.02169	0.00197262
1914	2897	1.02169	0.00197262
1914	2898	1.02169	0.00197262
1914	2899	1.02169	0.00197262
1914	2900	1.02169	0.00197262
1914	2901	1.02169	0.00197262
1914	2902	1.02169	0.00197262
1914	2903	1.02169	0.00197262
1914	2904	1.02169	0.00197262
1914	2905	1.02169	0.00197262
1914	2906	1.02169	0.00197262
1914	2907	1.02169	0.00197262
1914	2908	1.02169	0.00197262
1914	2909	1.02169	0.00197262
1914	2910	1.02169	0.00197262
1914	2911	1.02169	0.00197262
1914	2912	1.02169	0.00197262
1914	2913	1.02169	0.00197262
1914	2914	1.02169	0.00197262
1914	2915	1.02169	0.00197262
1914	2916	1.02169	0.00197262
1914	2917	1.02169	0.00197262
1914	2918	1.02169	0.00197262
1914	2919	1.02169	0.00197262
1914	2920	1.02169	0.00197262
1914	2921	1.02169	0.00197262
1914	2922	1.02169	0.00197262
1914	2923	1.02169	0.00197262
1914	2924	1.02169	0.00197262
1914	2925	1.02169	0.00197262
1914	2926	1.02169	0.00197262
1914	2927	1.02169	0.00197262
1914	2928	1.02169	0.00197262
1914	2929	1.02169	0.00197262
1914	2930	1.02169	0.00197262
1914	2931	1.02169	0.00197262
1914	2932	1.02169	0.00197262
1914	2933	1.02169	0.00197262
1914	2934	1.02169	0.00197262
1914	2935	1.02169	0.00197262
1914	2936	1.02169	0.00197262
1914	2937	1.02169	0.00197262
1914	2938	1.02169	0.00197262
1914	2939	1.02169	0.00197262
1914	2940	1.02169	0.00197262
1914	2941	1.02169	0.00197262
1914	2942	1.02169	0.00197262
1914	2943	1.02169	0.00197262
1914	2944	1.02169	0.00197262
1914	2945	1.02169	0.00197262
1914	2946	1.02169	0.00197262
1914	2947	1.02169	0.00197262
1914	2948	1.02169	0.00197262
1914	2949	1.02169	0.00197262
1914	2950	1.02169	0.00197262
1914	2951	1.02169	0.00197262
1914	2952	1.02169	0.00197262
1914	2953	1.02169	0.00197262
1914	2954	1.02169	0.00197262
1914	2955	1.02169	0.00197262
1914	2956	1.02169	0.00197262
1914	2957	1.02169	0.00197262
1914	2958	1.02169	0.00197262
1914	2959	1.02169	0.00197262
1914	2960	1.02169	0.00197262
1914	2961	1.02169	0.00197262
1914	2962	1.02169	0.00197262
1914	2963	1.02169	0.00197262
1914	2964	1.02169	0.00197262
1914	2965	1.02169	0.00197262
1914	2966	1.02169	0.00197262
1914	2967	1.02169	0.00197262
1914	2968	1.02169	0.00197262
1914	2969	1.02169	0.00197262
1914	2970	1.02169	0.00197262
1914	2971	1.02169	0.00197262
1914	2972	1.02169	0.00197262
1914	2973	1.02169	0.00197262
1914	2974	1.02169	0.00197262
1914	2975	1.02169	0.00197262
1914	2976	1.02169	0.00197262
1914	2977	1.02169	0.00197262
1914	2978	1.02169	0.00197262
1914	2979	1.02169	0.00197262
1914	2980	1.02169	0.00197262
1914	2981	1.02169	0.00197262
1914	2982	1.02169	0.00197262
1914	2983	1.02169	0.00197262
1914	2984	1.02169	0.00197262
1914	2985	1.02169	0.00197262
1914	2986	1.02169	0.00197262
1914	2987	1.02169	0.00197262
1914	2988	1.02169	0.00197262
1914	2989	1.02169	0.00197262
1914	2990	1.02169	0.00197262
1914	2991	1.02169	0.00197262
1914	2992	1.02169	0.00197262
1914	2993	1.02169	0.00197262
1914	2994	1.02169	0.00197262
1914	2995	1.02169	0.00197262
1914	2996	1.02169	0.00197262
1914	2997	1.02169	0.00197262
1914	2998	1.02169	0.00197262
1914	2999	1.02169	0.00197262
1914	3000	1.02169	0.00197262
1914	3001	1.02169	0.00197262
1914	3002	1.02169	0.00197262
1914	3003	1.02169	0.00197262
1914	3004	1.02169	0.00197262
1914	3005	1.02169	0.00197262
1914	3006	1.02169	0.00197262
1914	3007	1.02169	0.00197262
1914	3008	1.02169	0.00197262
1914	3009	1.02169	0.00197262
1914	3010	1.02169	0.00197262
1914	3011	1.02169	0.00197262
1914	3012	1.02169	0.00197262
1914	3013	1.02169	0.00197262
1914	3014	1.02169	0.00197262
1914	3015	1.02169	0.00197262
1914	3016	1.02169	0.00197262
1914	3017	1.02169	0.00197262
1914	3018	1.02169	0.00197262
1914	3019	1.02169	0.00197262
1914	3020	1.02169	0.00197262
1914	3021	1.02169	0.00197262
1914	3022	1.02169	0.00197262
1914	3023	1.02169	0.00197262
1914	3024	1.02169	0.00197262
1914	3025	1.02169	0.00197262
1914	3026	1.02169	0.00197262
1914	3027	1.02169	0.00197262
1914	3028	1.02169	0.00197262
1914	3029	1.02169	0.00197262
1914	3030	1.02169	0.00197262
1914	3031	1.02169	0.00197262
1914	3032	1.02169	0.00197262
1914	3033	1.02169	0.00197262
1914	3034	1.02169	0.00197262
1914	3035	1.02169	0.00197262
1914	3036	1.02169	0.00197262
1914	3037	1.02169	0.00197262
1914	3038	1.02169	0.00197262
1914	3039	1.02169	0.00197262
1914	3040	1.02169	0.00197262
1914	3041	1.02169	0.00197262
1914	3042	1.02169	0.00197262
1914	3043	1.02169	0.00197262
1914	3044	1.02169	0.00197262
1914	3045	1.02169	0.00197262
1914	3046	1.02169	0.00197262
1914	3047	1.02169	0.00197262
1914	3048	1.02169	0.00197262
1914	3049	1.02169	0.00197262
1914	3050	1.02169	0.00197262
1914	3051	1.02169	0.00197262
1914	3052	1.02169	0.00197262
1914	3053	1.02169	0.00197262
1914	3054	1.02169	0.00197262
1914	3055	1.02169	0.00197262
1914	3056	1.02169	0.00197262
1914	3057	1.02169	0.00197262
1914	3058	1.02169	0.00197262
1914	3059	1.02169	0.00197262
1914	3060	1.02169	0.00197262
1914	3061	1.02169	0.00197262
1914	3062	1.02169	0.00197262
1914	3063	1.02169	0.00197262
1914	3064	1.02169	0.00197262
1914	3065	1.02169	0.00197262
1914	3066	1.02169	0.00197262
1914	3067	1.02169	0.00197262
1914	3068	1.02169	0.00197262
1914	3069	1.02169	0.00197262
1914	3070	1.02169	0.00197262
1914	3071	1.02169	0.00197262
1914	3072	1.02169	0.00197262
1914	3073	1.02169	0.00197262
1914	3074	1.02169	0.00197262
1914	3075	1.02169	0.00197262
1914	3076	1.02169	0.00197262
1914	3077	1.02169	0.00197262
1914	3078	1.02169	0.00197262
1914	3079	1.02169	0.00197262
1914	3080	1.02169	0.00197262
1914	3081	1.02169	0.00197262
1914	3082	1.02169	0.00197262
1914	3083	1.02169	0.00197262
1914	3084	1.02169	0.00197262
1914	3085	1.02169	0.00197262
1914	3086	1.02169	0.00197262
1914	3087	1.02169	0.00197262
1914	3088	1.02169	0.00197262
1914	3089	1.02169	0.00197262
1914	3090	1.02169	0.00197262
1914	3091	1.02169	0.00197262
1914	3092	1.02169	0.00197262
1914	3093	1.02169	0.00197262
1914	3094	1.02169	0.00197262
1914	3095	1.02169	0.00197262
1914	3096	1.02169	0.00197262
1914	3097	1.02169	0.00197262
1914	3098	1.02169	0.00197262
1914	3099	1.02169	0.00197262
1914	3100	1.02169	0.00197262
1914	3101	1.02169	0.00197262
1914	3102	1.02169	0.00197262
1914	3103	1.02169	0.00197262
1914	3104	1.02169	0.00197262
1914	3105	1.02169	0.00197262
1914	3106	1.02169	0.00197262
1914	3107	1.02169	0.00197262
1914	3108	1.02169	0.00197262
1914	3109	1.02169	0.00197262
1914	3110	1.02169	0.00197262
1914	3111	1.02169	0.00197262
1914	3112	1.02169	0.00197262
1914	3113	1.02169	0.00197262
1914	3114	1.02169	0.00197262
1914	3115	1.02169	0.00197262
1914	3116	1.02169	0.00197262
1914	3117	1.02169	0.00197262
1914	3118	1.02169	0.00197262
1914	3119	1.02169	0.00197262
1914	3120	1.02169	0.00197262
1914	3121	1.02169	0.00197262
1914	3122	1.02169	0.00197262
1914	3123	1.02169	0.00197262
1914	3124	1.02169	0.00197262
1914	3125	1.02169	0.00197262
1914	3126	1.02169	0.00197262
1914	3127	1.02169	0.00197262
1914	3128	1.02169	0.00197262
1914	3129	1.02169	0.00197262
1914	3130	1.02169	0.00197262
1914	3131	1.02169	0.00197262
1914	3132	1.02169	0.00197262
1914	3133	1.02169	0.00197262
1914	3134	1.02169	0.00197262
1914	3135	1.02169	0.00197262
1914	3136	1.02169	0.00197262
1914	3137	1.02169	0.00197262
1914	3138	1.02169	0.00197262
1914	3139	1.02169	0.00197262
1914	3140	1.02169	0.00197262
1914	3141	1.02169	0.00197262
1914	3142	1.02169	0.00197262
1914	3143	1.02169	0.00197262
1914	3144	1.02169	0.00197262
1914	3145	1.02169	0.00197262
1914	3146	1.02169	0.00197262
1914	3147	1.02169	0.00197262
1914	3148	1.02169	0.00197262
1914	3149	1.02169	0.00197262
1914	3150	1.02169	0.00197262
1914	3151	1.02169	0.00197262
1914	3152	1.02169	0.00197262
1914	3153	1.02169	0.00197262
1914	3154	1.02169	0.00197262
1914	3155	1.02169	0.00197262
1914	3156	1.02169	0.00197262
1914	3157	1.02169	0.00197262
1914	3158	1.02169	0.00197262
1914	3159	1.02169	0.00197262
1914	3160	1.02169	0.00197262
1914	3161	1.02169	0.00197262
1914	3162	1.02169	0.00197262
1914	3163	1.02169	0.00197262
1914	3164	1.02169	0.00197262
1914	3165	1.02169	0.00197262
1914	3166	1.02169	0.00197262
1914	3167	1.02169	0.00197262
1914	3168	1.02169	0.00197262
1914	3169	1.02169	0.00197262
1914	3170	1.02169	0.00197262
1914	3171	1.02169	0.00197262
1914	3172	1.02169	0.00197262
1914	3173	1.02169	0.00197262
1914	3174	1.02169	0.00197262
1914	3175	1.02169	0.00197262
1914	3176	1.02169	0.00197262
1914	3177	1.02169	0.00197262
1914	3178	1.02169	0.00197262
1914	3179	1.02169	0.00197262
1914	3180	1.02169	0.00197262
1914	3181	1.02169	0.00197262
1914	3182	1.02169	0.00197262
1914	3183	1.02169	0.00197262
1914	3184	1.02169	0.00197262
1914	3185	1.02169	0.00197262
1914	3186	1.02169	0.00197262
1914	3187	1.02169	0.00197262
1914	3188	1.02169	0.00197262
1914	3189	1.02169	0.00197262
1914	3190	1.02169	0.00197262
1914	3191	1.02169	0.00197262
1914	3192	1.02169	0.00197262
1914	3193	1.02169	0.00197262
1914	3194	1.02169	0.00197262
1914	3195	1.02169	0.00197262
1914	3196	1.02169	0.00197262
1914	3197	1.02169	0.00197262
1914	3198	1.02169	0.00197262
1914	3199	1.02169	0.00197262
1914	3200	1.02169	0.00197262
1914	3201	1.02169	0.00197262
1914	3202	1.02169	0.00197262
1914	3203	1.02169	0.00197262
1914	3204	1.02169	0.00197262
1914	3205	1.02169	0.00197262
1914	3206	1.02169	0.00197262
1914	3207	1.02169	0.00197262
1914	3208	1.02169	0.00197262
1914	3209	1.02169	0.00197262
1914	3210	1.02169	0.00197262
1914	3211	1.02169	0.00197262
1914	3212	1.02169	0.00197262
1914	3213	1.02169	0.00197262
1914	3214	1.02169	0.00197262
1914	3215	1.02169	0.00197262
1914	3216	1.02169	0.00197262
1914	3217	1.02169	0.00197262
1914	3218	1.02169	0.00197262
1914	3219	1.02169	0.00197262
1914	3220	1.02169	0.00197262
1914	3221	1.02169	0.00197262
1914	3222	1.02169	0.00197262
1914	3223	1.02169	0.00197262
1914	3224	1.02169	0.00197262
1914	3225	1.02169	0.00197262
1914	3226	1.02169	0.00197262
1914	3227	1.02169	0.00197262
1914	3228	1.02169	0.00197262
1914	3229	1.02169	0.00197262
1914	3230	1.02169	0.00197262
1914	3231	1.02169	0.00197262
1914	3232	1.02169	0.00197262
1914	3233	1.02169	0.00197262
1914	3234	1.02169	0.00197262
1914	3235	1.02169	0.00197262
1914	3236	1.02169	0.00197262
1914	3237	1.02169	0.00197262
