1818	0	1.00674	0.00195108
1818	1	1.00674	0.00195108
1818	2	1.00674	0.00195108
1818	3	1.00674	0.00195108
1818	4	1.00674	0.00195108
1818	5	1.00674	0.00195108
1818	6	1.00674	0.00195108
1818	7	1.00674	0.00195108
1818	8	1.00674	0.00195108
1818	9	1.00674	0.00195108
1818	10	1.00674	0.00195108
1818	11	1.00674	0.00195108
1818	12	1.00674	0.00195108
1818	13	1.00674	0.00195108
1818	14	1.00674	0.00195108
1818	15	1.00674	0.00195108
1818	16	1.00674	0.00195108
1818	17	1.00674	0.00195108
1818	18	1.00674	0.00195108
1818	19	1.00674	0.00195108
1818	20	1.00674	0.00195108
1818	21	1.00674	0.00195108
1818	22	1.00674	0.00195108
1818	23	1.00674	0.00195108
1818	24	1.00674	0.00195108
1818	25	1.00674	0.00195108
1818	26	1.00674	0.00195108
1818	27	1.00674	0.00195108
1818	28	1.00674	0.00195108
1818	29	1.00674	0.00195108
1818	30	1.00674	0.00195108
1818	31	1.00674	0.00195108
1818	32	1.00674	0.00195108
1818	33	1.00674	0.00195108
1818	34	1.00674	0.00195108
1818	35	1.00674	0.00195108
1818	36	1.00674	0.00195108
1818	37	1.00674	0.00195108
1818	38	1.00674	0.00195108
1818	39	1.00674	0.00195108
1818	40	1.00674	0.00195108
1818	41	1.00674	0.00195108
1818	42	1.00674	0.00195108
1818	43	1.00674	0.00195108
1818	44	1.00674	0.00195108
1818	45	1.00674	0.00195108
1818	46	1.00674	0.00195108
1818	47	1.00674	0.00195108
1818	48	1.00674	0.00195108
1818	49	1.00674	0.00195108
1818	50	1.00674	0.00195108
1818	51	1.00674	0.00195108
1818	52	1.00674	0.00195108
1818	53	1.00674	0.00195108
1818	54	1.00674	0.00195108
1818	55	1.00674	0.00195108
1818	56	1.00674	0.00195108
1818	57	1.00674	0.00195108
1818	58	1.00674	0.00195108
1818	59	1.00674	0.00195108
1818	60	1.00674	0.00195108
1818	61	1.00674	0.00195108
1818	62	1.00674	0.00195108
1818	63	1.00674	0.00195108
1818	64	1.00674	0.00195108
1818	65	1.00674	0.00195108
1818	66	1.00674	0.00195108
1818	67	1.00674	0.00195108
1818	68	1.00674	0.00195108
1818	69	1.00674	0.00195108
1818	70	1.00674	0.00195108
1818	71	1.00674	0.00195108
1818	72	1.00674	0.00195108
1818	73	1.00674	0.00195108
1818	74	1.00674	0.00195108
1818	75	1.00674	0.00195108
1818	76	1.00674	0.00195108
1818	77	1.00674	0.00195108
1818	78	1.00674	0.00195108
1818	79	1.00674	0.00195108
1818	80	1.00674	0.00195108
1818	81	1.00674	0.00195108
1818	82	1.00674	0.00195108
1818	83	1.00674	0.00195108
1818	84	1.00674	0.00195108
1818	85	1.00674	0.00195108
1818	86	1.00674	0.00195108
1818	87	1.00674	0.00195108
1818	88	1.00674	0.00195108
1818	89	1.00674	0.00195108
1818	90	1.00674	0.00195108
1818	91	1.00674	0.00195108
1818	92	1.00674	0.00195108
1818	93	1.00674	0.00195108
1818	94	1.00674	0.00195108
1818	95	1.00674	0.00195108
1818	96	1.00674	0.00195108
1818	97	1.00674	0.00195108
1818	98	1.00674	0.00195108
1818	99	1.00674	0.00195108
1818	100	1.00674	0.00195108
1818	101	1.00674	0.00195108
1818	102	1.00674	0.00195108
1818	103	1.00674	0.00195108
1818	104	1.00674	0.00195108
1818	105	1.00674	0.00195108
1818	106	1.00674	0.00195108
1818	107	1.00674	0.00195108
1818	108	1.00674	0.00195108
1818	109	1.00674	0.00195108
1818	110	1.00674	0.00195108
1818	111	1.00674	0.00195108
1818	112	1.00674	0.00195108
1818	113	1.00674	0.00195108
1818	114	1.00674	0.00195108
1818	115	1.00674	0.00195108
1818	116	1.00674	0.00195108
1818	117	1.00674	0.00195108
1818	118	1.00674	0.00195108
1818	119	1.00674	0.00195108
1818	120	1.00674	0.00195108
1818	121	1.00674	0.00195108
1818	122	1.00674	0.00195108
1818	123	1.00674	0.00195108
1818	124	1.00674	0.00195108
1818	125	1.00674	0.00195108
1818	126	1.00674	0.00195108
1818	127	1.00674	0.00195108
1818	128	1.00674	0.00195108
1818	129	1.00674	0.00195108
1818	130	1.00674	0.00195108
1818	131	1.00674	0.00195108
1818	132	1.00674	0.00195108
1818	133	1.00674	0.00195108
1818	134	1.00674	0.00195108
1818	135	1.00674	0.00195108
1818	136	1.00674	0.00195108
1818	137	1.00674	0.00195108
1818	138	1.00674	0.00195108
1818	139	1.00674	0.00195108
1818	140	1.00674	0.00195108
1818	141	1.00674	0.00195108
1818	142	1.00674	0.00195108
1818	143	1.00674	0.00195108
1818	144	1.00674	0.00195108
1818	145	1.00674	0.00195108
1818	146	1.00674	0.00195108
1818	147	1.00674	0.00195108
1818	148	1.00674	0.00195108
1818	149	1.00674	0.00195108
1818	150	1.00674	0.00195108
1818	151	1.00674	0.00195108
1818	152	1.00674	0.00195108
1818	153	1.00674	0.00195108
1818	154	1.00674	0.00195108
1818	155	1.00674	0.00195108
1818	156	1.00674	0.00195108
1818	157	1.00674	0.00195108
1818	158	1.00674	0.00195108
1818	159	1.00674	0.00195108
1818	160	1.00674	0.00195108
1818	161	1.00674	0.00195108
1818	162	1.00674	0.00195108
1818	163	1.00674	0.00195108
1818	164	1.00674	0.00195108
1818	165	1.00674	0.00195108
1818	166	1.00674	0.00195108
1818	167	1.00674	0.00195108
1818	168	1.00674	0.00195108
1818	169	1.00674	0.00195108
1818	170	1.00674	0.00195108
1818	171	1.00674	0.00195108
1818	172	1.00674	0.00195108
1818	173	1.00674	0.00195108
1818	174	1.00674	0.00195108
1818	175	1.00674	0.00195108
1818	176	1.00674	0.00195108
1818	177	1.00674	0.00195108
1818	178	1.00674	0.00195108
1818	179	1.00674	0.00195108
1818	180	1.00674	0.00195108
1818	181	1.00674	0.00195108
1818	182	1.00674	0.00195108
1818	183	1.00674	0.00195108
1818	184	1.00674	0.00195108
1818	185	1.00674	0.00195108
1818	186	1.00674	0.00195108
1818	187	1.00674	0.00195108
1818	188	1.00674	0.00195108
1818	189	1.00674	0.00195108
1818	190	1.00674	0.00195108
1818	191	1.00674	0.00195108
1818	192	1.00674	0.00195108
1818	193	1.00674	0.00195108
1818	194	1.00674	0.00195108
1818	195	1.00674	0.00195108
1818	196	1.00674	0.00195108
1818	197	1.00674	0.00195108
1818	198	1.00674	0.00195108
1818	199	1.00674	0.00195108
1818	200	1.00674	0.00195108
1818	201	1.00674	0.00195108
1818	202	1.00674	0.00195108
1818	203	1.00674	0.00195108
1818	204	1.00674	0.00195108
1818	205	1.00674	0.00195108
1818	206	1.00674	0.00195108
1818	207	1.00674	0.00195108
1818	208	1.00674	0.00195108
1818	209	1.00674	0.00195108
1818	210	1.00674	0.00195108
1818	211	1.00674	0.00195108
1818	212	1.00674	0.00195108
1818	213	1.00674	0.00195108
1818	214	1.00674	0.00195108
1818	215	1.00674	0.00195108
1818	216	1.00674	0.00195108
1818	217	1.00674	0.00195108
1818	218	1.00674	0.00195108
1818	219	1.00674	0.00195108
1818	220	1.00674	0.00195108
1818	221	1.00674	0.00195108
1818	222	1.00674	0.00195108
1818	223	1.00674	0.00195108
1818	224	1.00674	0.00195108
1818	225	1.00674	0.00195108
1818	226	1.00674	0.00195108
1818	227	1.00674	0.00195108
1818	228	1.00674	0.00195108
1818	229	1.00674	0.00195108
1818	230	1.00674	0.00195108
1818	231	1.00674	0.00195108
1818	232	1.00674	0.00195108
1818	233	1.00674	0.00195108
1818	234	1.00674	0.00195108
1818	235	1.00674	0.00195108
1818	236	1.00674	0.00195108
1818	237	1.00674	0.00195108
1818	238	1.00674	0.00195108
1818	239	1.00674	0.00195108
1818	240	1.00674	0.00195108
1818	241	1.00674	0.00195108
1818	242	1.00674	0.00195108
1818	243	1.00674	0.00195108
1818	244	1.00674	0.00195108
1818	245	1.00674	0.00195108
1818	246	1.00674	0.00195108
1818	247	1.00674	0.00195108
1818	248	1.00674	0.00195108
1818	249	1.00674	0.00195108
1818	250	1.00674	0.00195108
1818	251	1.00674	0.00195108
1818	252	1.00674	0.00195108
1818	253	1.00674	0.00195108
1818	254	1.00674	0.00195108
1818	255	1.00674	0.00195108
1818	256	1.00674	0.00195108
1818	257	1.00674	0.00195108
1818	258	1.00674	0.00195108
1818	259	1.00674	0.00195108
1818	260	1.00674	0.00195108
1818	261	1.00674	0.00195108
1818	262	1.00674	0.00195108
1818	263	1.00674	0.00195108
1818	264	1.00674	0.00195108
1818	265	1.00674	0.00195108
1818	266	1.00674	0.00195108
1818	267	1.00674	0.00195108
1818	268	1.00674	0.00195108
1818	269	1.00674	0.00195108
1818	270	1.00674	0.00195108
1818	271	1.00674	0.00195108
1818	272	1.00674	0.00195108
1818	273	1.00674	0.00195108
1818	274	1.00674	0.00195108
1818	275	1.00674	0.00195108
1818	276	1.00674	0.00195108
1818	277	1.00674	0.00195108
1818	278	1.00674	0.00195108
1818	279	1.00674	0.00195108
1818	280	1.00674	0.00195108
1818	281	1.00674	0.00195108
1818	282	1.00674	0.00195108
1818	283	1.00674	0.00195108
1818	284	1.00674	0.00195108
1818	285	1.00674	0.00195108
1818	286	1.00674	0.00195108
1818	287	1.00674	0.00195108
1818	288	1.00674	0.00195108
1818	289	1.00674	0.00195108
1818	290	1.00674	0.00195108
1818	291	1.00674	0.00195108
1818	292	1.00674	0.00195108
1818	293	1.00674	0.00195108
1818	294	1.00674	0.00195108
1818	295	1.00674	0.00195108
1818	296	1.00674	0.00195108
1818	297	1.00674	0.00195108
1818	298	1.00674	0.00195108
1818	299	1.00674	0.00195108
1818	300	1.00674	0.00195108
1818	301	1.00674	0.00195108
1818	302	1.00674	0.00195108
1818	303	1.00674	0.00195108
1818	304	1.00674	0.00195108
1818	305	1.00674	0.00195108
1818	306	1.00674	0.00195108
1818	307	1.00674	0.00195108
1818	308	1.00674	0.00195108
1818	309	1.00674	0.00195108
1818	310	1.00674	0.00195108
1818	311	1.00674	0.00195108
1818	312	1.00674	0.00195108
1818	313	1.00674	0.00195108
1818	314	1.00674	0.00195108
1818	315	1.00674	0.00195108
1818	316	1.00674	0.00195108
1818	317	1.00674	0.00195108
1818	318	1.00674	0.00195108
1818	319	1.00674	0.00195108
1818	320	1.00674	0.00195108
1818	321	1.00674	0.00195108
1818	322	1.00674	0.00195108
1818	323	1.00674	0.00195108
1818	324	1.00674	0.00195108
1818	325	1.00674	0.00195108
1818	326	1.00674	0.00195108
1818	327	1.00674	0.00195108
1818	328	1.00674	0.00195108
1818	329	1.00674	0.00195108
1818	330	1.00674	0.00195108
1818	331	1.00674	0.00195108
1818	332	1.00674	0.00195108
1818	333	1.00674	0.00195108
1818	334	1.00674	0.00195108
1818	335	1.00674	0.00195108
1818	336	1.00674	0.00195108
1818	337	1.00674	0.00195108
1818	338	1.00674	0.00195108
1818	339	1.00674	0.00195108
1818	340	1.00674	0.00195108
1818	341	1.00674	0.00195108
1818	342	1.00674	0.00195108
1818	343	1.00674	0.00195108
1818	344	1.00674	0.00195108
1818	345	1.00674	0.00195108
1818	346	1.00674	0.00195108
1818	347	1.00674	0.00195108
1818	348	1.00674	0.00195108
1818	349	1.00674	0.00195108
1818	350	1.00674	0.00195108
1818	351	1.00674	0.00195108
1818	352	1.00674	0.00195108
1818	353	1.00674	0.00195108
1818	354	1.00674	0.00195108
1818	355	1.00674	0.00195108
1818	356	1.00674	0.00195108
1818	357	1.00674	0.00195108
1818	358	1.00674	0.00195108
1818	359	1.00674	0.00195108
1818	360	1.00674	0.00195108
1818	361	1.00674	0.00195108
1818	362	1.00674	0.00195108
1818	363	1.00674	0.00195108
1818	364	1.00674	0.00195108
1818	365	1.00674	0.00195108
1818	366	1.00674	0.00195108
1818	367	1.00674	0.00195108
1818	368	1.00674	0.00195108
1818	369	1.00674	0.00195108
1818	370	1.00674	0.00195108
1818	371	1.00674	0.00195108
1818	372	1.00674	0.00195108
1818	373	1.00674	0.00195108
1818	374	1.00674	0.00195108
1818	375	1.00674	0.00195108
1818	376	1.00674	0.00195108
1818	377	1.00674	0.00195108
1818	378	1.00674	0.00195108
1818	379	1.00674	0.00195108
1818	380	1.00674	0.00195108
1818	381	1.00674	0.00195108
1818	382	1.00674	0.00195108
1818	383	1.00674	0.00195108
1818	384	1.00674	0.00195108
1818	385	1.00674	0.00195108
1818	386	1.00674	0.00195108
1818	387	1.00674	0.00195108
1818	388	1.00674	0.00195108
1818	389	1.00674	0.00195108
1818	390	1.00674	0.00195108
1818	391	1.00674	0.00195108
1818	392	1.00674	0.00195108
1818	393	1.00674	0.00195108
1818	394	1.00674	0.00195108
1818	395	1.00674	0.00195108
1818	396	1.00674	0.00195108
1818	397	1.00674	0.00195108
1818	398	1.00674	0.00195108
1818	399	1.00674	0.00195108
1818	400	1.00674	0.00195108
1818	401	1.00674	0.00195108
1818	402	1.00674	0.00195108
1818	403	1.00674	0.00195108
1818	404	1.00674	0.00195108
1818	405	1.00674	0.00195108
1818	406	1.00674	0.00195108
1818	407	1.00674	0.00195108
1818	408	1.00674	0.00195108
1818	409	1.00674	0.00195108
1818	410	1.00674	0.00195108
1818	411	1.00674	0.00195108
1818	412	1.00674	0.00195108
1818	413	1.00674	0.00195108
1818	414	1.00674	0.00195108
1818	415	1.00674	0.00195108
1818	416	1.00674	0.00195108
1818	417	1.00674	0.00195108
1818	418	1.00674	0.00195108
1818	419	1.00674	0.00195108
1818	420	1.00674	0.00195108
1818	421	1.00674	0.00195108
1818	422	1.00674	0.00195108
1818	423	1.00674	0.00195108
1818	424	1.00674	0.00195108
1818	425	1.00674	0.00195108
1818	426	1.00674	0.00195108
1818	427	1.00674	0.00195108
1818	428	1.00674	0.00195108
1818	429	1.00674	0.00195108
1818	430	1.00674	0.00195108
1818	431	1.00674	0.00195108
1818	432	1.00674	0.00195108
1818	433	1.00674	0.00195108
1818	434	1.00674	0.00195108
1818	435	1.00674	0.00195108
1818	436	1.00674	0.00195108
1818	437	1.00674	0.00195108
1818	438	1.00674	0.00195108
1818	439	1.00674	0.00195108
1818	440	1.00674	0.00195108
1818	441	1.00674	0.00195108
1818	442	1.00674	0.00195108
1818	443	1.00674	0.00195108
1818	444	1.00674	0.00195108
1818	445	1.00674	0.00195108
1818	446	1.00674	0.00195108
1818	447	1.00674	0.00195108
1818	448	1.00674	0.00195108
1818	449	1.00674	0.00195108
1818	450	1.00674	0.00195108
1818	451	1.00674	0.00195108
1818	452	1.00674	0.00195108
1818	453	1.00674	0.00195108
1818	454	1.00674	0.00195108
1818	455	1.00674	0.00195108
1818	456	1.00674	0.00195108
1818	457	1.00674	0.00195108
1818	458	1.00674	0.00195108
1818	459	1.00674	0.00195108
1818	460	1.00674	0.00195108
1818	461	1.00674	0.00195108
1818	462	1.00674	0.00195108
1818	463	1.00674	0.00195108
1818	464	1.00674	0.00195108
1818	465	1.00674	0.00195108
1818	466	1.00674	0.00195108
1818	467	1.00674	0.00195108
1818	468	1.00674	0.00195108
1818	469	1.00674	0.00195108
1818	470	1.00674	0.00195108
1818	471	1.00674	0.00195108
1818	472	1.00674	0.00195108
1818	473	1.00674	0.00195108
1818	474	1.00674	0.00195108
1818	475	1.00674	0.00195108
1818	476	1.00674	0.00195108
1818	477	1.00674	0.00195108
1818	478	1.00674	0.00195108
1818	479	1.00674	0.00195108
1818	480	1.00674	0.00195108
1818	481	1.00674	0.00195108
1818	482	1.00674	0.00195108
1818	483	1.00674	0.00195108
1818	484	1.00674	0.00195108
1818	485	1.00674	0.00195108
1818	486	1.00674	0.00195108
1818	487	1.00674	0.00195108
1818	488	1.00674	0.00195108
1818	489	1.00674	0.00195108
1818	490	1.00674	0.00195108
1818	491	1.00674	0.00195108
1818	492	1.00674	0.00195108
1818	493	1.00674	0.00195108
1818	494	1.00674	0.00195108
1818	495	1.00674	0.00195108
1818	496	1.00674	0.00195108
1818	497	1.00674	0.00195108
1818	498	1.00674	0.00195108
1818	499	1.00674	0.00195108
1818	500	1.00674	0.00195108
1818	501	1.00674	0.00195108
1818	502	1.00674	0.00195108
1818	503	1.00674	0.00195108
1818	504	1.00674	0.00195108
1818	505	1.00674	0.00195108
1818	506	1.00674	0.00195108
1818	507	1.00674	0.00195108
1818	508	1.00674	0.00195108
1818	509	1.00674	0.00195108
1818	510	1.00674	0.00195108
1818	511	1.00674	0.00195108
1818	512	1.00674	0.00195108
1818	513	1.00674	0.00195108
1818	514	1.00674	0.00195108
1818	515	1.00674	0.00195108
1818	516	1.00674	0.00195108
1818	517	1.00674	0.00195108
1818	518	1.00674	0.00195108
1818	519	1.00674	0.00195108
1818	520	1.00674	0.00195108
1818	521	1.00674	0.00195108
1818	522	1.00674	0.00195108
1818	523	1.00674	0.00195108
1818	524	1.00674	0.00195108
1818	525	1.00674	0.00195108
1818	526	1.00674	0.00195108
1818	527	1.00674	0.00195108
1818	528	1.00674	0.00195108
1818	529	1.00674	0.00195108
1818	530	1.00674	0.00195108
1818	531	1.00674	0.00195108
1818	532	1.00674	0.00195108
1818	533	1.00674	0.00195108
1818	534	1.00674	0.00195108
1818	535	1.00674	0.00195108
1818	536	1.00674	0.00195108
1818	537	1.00674	0.00195108
1818	538	1.00674	0.00195108
1818	539	1.00674	0.00195108
1818	540	1.00674	0.00195108
1818	541	1.00674	0.00195108
1818	542	1.00674	0.00195108
1818	543	1.00674	0.00195108
1818	544	1.00674	0.00195108
1818	545	1.00674	0.00195108
1818	546	1.00674	0.00195108
1818	547	1.00674	0.00195108
1818	548	1.00674	0.00195108
1818	549	1.00674	0.00195108
1818	550	1.00674	0.00195108
1818	551	1.00674	0.00195108
1818	552	1.00674	0.00195108
1818	553	1.00674	0.00195108
1818	554	1.00674	0.00195108
1818	555	1.00674	0.00195108
1818	556	1.00674	0.00195108
1818	557	1.00674	0.00195108
1818	558	1.00674	0.00195108
1818	559	1.00674	0.00195108
1818	560	1.00674	0.00195108
1818	561	1.00674	0.00195108
1818	562	1.00674	0.00195108
1818	563	1.00674	0.00195108
1818	564	1.00674	0.00195108
1818	565	1.00674	0.00195108
1818	566	1.00674	0.00195108
1818	567	1.00674	0.00195108
1818	568	1.00674	0.00195108
1818	569	1.00674	0.00195108
1818	570	1.00674	0.00195108
1818	571	1.00674	0.00195108
1818	572	1.00674	0.00195108
1818	573	1.00674	0.00195108
1818	574	1.00674	0.00195108
1818	575	1.00674	0.00195108
1818	576	1.00674	0.00195108
1818	577	1.00674	0.00195108
1818	578	1.00674	0.00195108
1818	579	1.00674	0.00195108
1818	580	1.00674	0.00195108
1818	581	1.00674	0.00195108
1818	582	1.00674	0.00195108
1818	583	1.00674	0.00195108
1818	584	1.00674	0.00195108
1818	585	1.00674	0.00195108
1818	586	1.00674	0.00195108
1818	587	1.00674	0.00195108
1818	588	1.00674	0.00195108
1818	589	1.00674	0.00195108
1818	590	1.00674	0.00195108
1818	591	1.00674	0.00195108
1818	592	1.00674	0.00195108
1818	593	1.00674	0.00195108
1818	594	1.00674	0.00195108
1818	595	1.00674	0.00195108
1818	596	1.00674	0.00195108
1818	597	1.00674	0.00195108
1818	598	1.00674	0.00195108
1818	599	1.00674	0.00195108
1818	600	1.00674	0.00195108
1818	601	1.00674	0.00195108
1818	602	1.00674	0.00195108
1818	603	1.00674	0.00195108
1818	604	1.00674	0.00195108
1818	605	1.00674	0.00195108
1818	606	1.00674	0.00195108
1818	607	1.00674	0.00195108
1818	608	1.00674	0.00195108
1818	609	1.00674	0.00195108
1818	610	1.00674	0.00195108
1818	611	1.00674	0.00195108
1818	612	1.00674	0.00195108
1818	613	1.00674	0.00195108
1818	614	1.00674	0.00195108
1818	615	1.00674	0.00195108
1818	616	1.00674	0.00195108
1818	617	1.00674	0.00195108
1818	618	1.00674	0.00195108
1818	619	1.00674	0.00195108
1818	620	1.00674	0.00195108
1818	621	1.00674	0.00195108
1818	622	1.00674	0.00195108
1818	623	1.00674	0.00195108
1818	624	1.00674	0.00195108
1818	625	1.00674	0.00195108
1818	626	1.00674	0.00195108
1818	627	1.00674	0.00195108
1818	628	1.00674	0.00195108
1818	629	1.00674	0.00195108
1818	630	1.00674	0.00195108
1818	631	1.00674	0.00195108
1818	632	1.00674	0.00195108
1818	633	1.00674	0.00195108
1818	634	1.00674	0.00195108
1818	635	1.00674	0.00195108
1818	636	1.00674	0.00195108
1818	637	1.00674	0.00195108
1818	638	1.00674	0.00195108
1818	639	1.00674	0.00195108
1818	640	1.00674	0.00195108
1818	641	1.00674	0.00195108
1818	642	1.00674	0.00195108
1818	643	1.00674	0.00195108
1818	644	1.00674	0.00195108
1818	645	1.00674	0.00195108
1818	646	1.00674	0.00195108
1818	647	1.00674	0.00195108
1818	648	1.00674	0.00195108
1818	649	1.00674	0.00195108
1818	650	1.00674	0.00195108
1818	651	1.00674	0.00195108
1818	652	1.00674	0.00195108
1818	653	1.00674	0.00195108
1818	654	1.00674	0.00195108
1818	655	1.00674	0.00195108
1818	656	1.00674	0.00195108
1818	657	1.00674	0.00195108
1818	658	1.00674	0.00195108
1818	659	1.00674	0.00195108
1818	660	1.00674	0.00195108
1818	661	1.00674	0.00195108
1818	662	1.00674	0.00195108
1818	663	1.00674	0.00195108
1818	664	1.00674	0.00195108
1818	665	1.00674	0.00195108
1818	666	1.00674	0.00195108
1818	667	1.00674	0.00195108
1818	668	1.00674	0.00195108
1818	669	1.00674	0.00195108
1818	670	1.00674	0.00195108
1818	671	1.00674	0.00195108
1818	672	1.00674	0.00195108
1818	673	1.00674	0.00195108
1818	674	1.00674	0.00195108
1818	675	1.00674	0.00195108
1818	676	1.00674	0.00195108
1818	677	1.00674	0.00195108
1818	678	1.00674	0.00195108
1818	679	1.00674	0.00195108
1818	680	1.00674	0.00195108
1818	681	1.00674	0.00195108
1818	682	1.00674	0.00195108
1818	683	1.00674	0.00195108
1818	684	1.00674	0.00195108
1818	685	1.00674	0.00195108
1818	686	1.00674	0.00195108
1818	687	1.00674	0.00195108
1818	688	1.00674	0.00195108
1818	689	1.00674	0.00195108
1818	690	1.00674	0.00195108
1818	691	1.00674	0.00195108
1818	692	1.00674	0.00195108
1818	693	1.00674	0.00195108
1818	694	1.00674	0.00195108
1818	695	1.00674	0.00195108
1818	696	1.00674	0.00195108
1818	697	1.00674	0.00195108
1818	698	1.00674	0.00195108
1818	699	1.00674	0.00195108
1818	700	1.00674	0.00195108
1818	701	1.00674	0.00195108
1818	702	1.00674	0.00195108
1818	703	1.00674	0.00195108
1818	704	1.00674	0.00195108
1818	705	1.00674	0.00195108
1818	706	1.00674	0.00195108
1818	707	1.00674	0.00195108
1818	708	1.00674	0.00195108
1818	709	1.00674	0.00195108
1818	710	1.00674	0.00195108
1818	711	1.00674	0.00195108
1818	712	1.00674	0.00195108
1818	713	1.00674	0.00195108
1818	714	1.00674	0.00195108
1818	715	1.00674	0.00195108
1818	716	1.00674	0.00195108
1818	717	1.00674	0.00195108
1818	718	1.00674	0.00195108
1818	719	1.00674	0.00195108
1818	720	1.00674	0.00195108
1818	721	1.00674	0.00195108
1818	722	1.00674	0.00195108
1818	723	1.00674	0.00195108
1818	724	1.00674	0.00195108
1818	725	1.00674	0.00195108
1818	726	1.00674	0.00195108
1818	727	1.00674	0.00195108
1818	728	1.00674	0.00195108
1818	729	1.00674	0.00195108
1818	730	1.00674	0.00195108
1818	731	1.00674	0.00195108
1818	732	1.00674	0.00195108
1818	733	1.00674	0.00195108
1818	734	1.00674	0.00195108
1818	735	1.00674	0.00195108
1818	736	1.00674	0.00195108
1818	737	1.00674	0.00195108
1818	738	1.00674	0.00195108
1818	739	1.00674	0.00195108
1818	740	1.00674	0.00195108
1818	741	1.00674	0.00195108
1818	742	1.00674	0.00195108
1818	743	1.00674	0.00195108
1818	744	1.00674	0.00195108
1818	745	1.00674	0.00195108
1818	746	1.00674	0.00195108
1818	747	1.00674	0.00195108
1818	748	1.00674	0.00195108
1818	749	1.00674	0.00195108
1818	750	1.00674	0.00195108
1818	751	1.00674	0.00195108
1818	752	1.00674	0.00195108
1818	753	1.00674	0.00195108
1818	754	1.00674	0.00195108
1818	755	1.00674	0.00195108
1818	756	1.00674	0.00195108
1818	757	1.00674	0.00195108
1818	758	1.00674	0.00195108
1818	759	1.00674	0.00195108
1818	760	1.00674	0.00195108
1818	761	1.00674	0.00195108
1818	762	1.00674	0.00195108
1818	763	1.00674	0.00195108
1818	764	1.00674	0.00195108
1818	765	1.00674	0.00195108
1818	766	1.00674	0.00195108
1818	767	1.00674	0.00195108
1818	768	1.00674	0.00195108
1818	769	1.00674	0.00195108
1818	770	1.00674	0.00195108
1818	771	1.00674	0.00195108
1818	772	1.00674	0.00195108
1818	773	1.00674	0.00195108
1818	774	1.00674	0.00195108
1818	775	1.00674	0.00195108
1818	776	1.00674	0.00195108
1818	777	1.00674	0.00195108
1818	778	1.00674	0.00195108
1818	779	1.00674	0.00195108
1818	780	1.00674	0.00195108
1818	781	1.00674	0.00195108
1818	782	1.00674	0.00195108
1818	783	1.00674	0.00195108
1818	784	1.00674	0.00195108
1818	785	1.00674	0.00195108
1818	786	1.00674	0.00195108
1818	787	1.00674	0.00195108
1818	788	1.00674	0.00195108
1818	789	1.00674	0.00195108
1818	790	1.00674	0.00195108
1818	791	1.00674	0.00195108
1818	792	1.00674	0.00195108
1818	793	1.00674	0.00195108
1818	794	1.00674	0.00195108
1818	795	1.00674	0.00195108
1818	796	1.00674	0.00195108
1818	797	1.00674	0.00195108
1818	798	1.00674	0.00195108
1818	799	1.00674	0.00195108
1818	800	1.00674	0.00195108
1818	801	1.00674	0.00195108
1818	802	1.00674	0.00195108
1818	803	1.00674	0.00195108
1818	804	1.00674	0.00195108
1818	805	1.00674	0.00195108
1818	806	1.00674	0.00195108
1818	807	1.00674	0.00195108
1818	808	1.00674	0.00195108
1818	809	1.00674	0.00195108
1818	810	1.00674	0.00195108
1818	811	1.00674	0.00195108
1818	812	1.00674	0.00195108
1818	813	1.00674	0.00195108
1818	814	1.00674	0.00195108
1818	815	1.00674	0.00195108
1818	816	1.00674	0.00195108
1818	817	1.00674	0.00195108
1818	818	1.00674	0.00195108
1818	819	1.00674	0.00195108
1818	820	1.00674	0.00195108
1818	821	1.00674	0.00195108
1818	822	1.00674	0.00195108
1818	823	1.00674	0.00195108
1818	824	1.00674	0.00195108
1818	825	1.00674	0.00195108
1818	826	1.00674	0.00195108
1818	827	1.00674	0.00195108
1818	828	1.00674	0.00195108
1818	829	1.00674	0.00195108
1818	830	1.00674	0.00195108
1818	831	1.00674	0.00195108
1818	832	1.00674	0.00195108
1818	833	1.00674	0.00195108
1818	834	1.00674	0.00195108
1818	835	1.00674	0.00195108
1818	836	1.00674	0.00195108
1818	837	1.00674	0.00195108
1818	838	1.00674	0.00195108
1818	839	1.00674	0.00195108
1818	840	1.00674	0.00195108
1818	841	1.00674	0.00195108
1818	842	1.00674	0.00195108
1818	843	1.00674	0.00195108
1818	844	1.00674	0.00195108
1818	845	1.00674	0.00195108
1818	846	1.00674	0.00195108
1818	847	1.00674	0.00195108
1818	848	1.00674	0.00195108
1818	849	1.00674	0.00195108
1818	850	1.00674	0.00195108
1818	851	1.00674	0.00195108
1818	852	1.00674	0.00195108
1818	853	1.00674	0.00195108
1818	854	1.00674	0.00195108
1818	855	1.00674	0.00195108
1818	856	1.00674	0.00195108
1818	857	1.00674	0.00195108
1818	858	1.00674	0.00195108
1818	859	1.00674	0.00195108
1818	860	1.00674	0.00195108
1818	861	1.00674	0.00195108
1818	862	1.00674	0.00195108
1818	863	1.00674	0.00195108
1818	864	1.00674	0.00195108
1818	865	1.00674	0.00195108
1818	866	1.00674	0.00195108
1818	867	1.00674	0.00195108
1818	868	1.00674	0.00195108
1818	869	1.00674	0.00195108
1818	870	1.00674	0.00195108
1818	871	1.00674	0.00195108
1818	872	1.00674	0.00195108
1818	873	1.00674	0.00195108
1818	874	1.00674	0.00195108
1818	875	1.00674	0.00195108
1818	876	1.00674	0.00195108
1818	877	1.00674	0.00195108
1818	878	1.00674	0.00195108
1818	879	1.00674	0.00195108
1818	880	1.00674	0.00195108
1818	881	1.00674	0.00195108
1818	882	1.00674	0.00195108
1818	883	1.00674	0.00195108
1818	884	1.00674	0.00195108
1818	885	1.00674	0.00195108
1818	886	1.00674	0.00195108
1818	887	1.00674	0.00195108
1818	888	1.00674	0.00195108
1818	889	1.00674	0.00195108
1818	890	1.00674	0.00195108
1818	891	1.00674	0.00195108
1818	892	1.00674	0.00195108
1818	893	1.00674	0.00195108
1818	894	1.00674	0.00195108
1818	895	1.00674	0.00195108
1818	896	1.00674	0.00195108
1818	897	1.00674	0.00195108
1818	898	1.00674	0.00195108
1818	899	1.00674	0.00195108
1818	900	1.00674	0.00195108
1818	901	1.00674	0.00195108
1818	902	1.00674	0.00195108
1818	903	1.00674	0.00195108
1818	904	1.00674	0.00195108
1818	905	1.00674	0.00195108
1818	906	1.00674	0.00195108
1818	907	1.00674	0.00195108
1818	908	1.00674	0.00195108
1818	909	1.00674	0.00195108
1818	910	1.00674	0.00195108
1818	911	1.00674	0.00195108
1818	912	1.00674	0.00195108
1818	913	1.00674	0.00195108
1818	914	1.00674	0.00195108
1818	915	1.00674	0.00195108
1818	916	1.00674	0.00195108
1818	917	1.00674	0.00195108
1818	918	1.00674	0.00195108
1818	919	1.00674	0.00195108
1818	920	1.00674	0.00195108
1818	921	1.00674	0.00195108
1818	922	1.00674	0.00195108
1818	923	1.00674	0.00195108
1818	924	1.00674	0.00195108
1818	925	1.00674	0.00195108
1818	926	1.00674	0.00195108
1818	927	1.00674	0.00195108
1818	928	1.00674	0.00195108
1818	929	1.00674	0.00195108
1818	930	1.00674	0.00195108
1818	931	1.00674	0.00195108
1818	932	1.00674	0.00195108
1818	933	1.00674	0.00195108
1818	934	1.00674	0.00195108
1818	935	1.00674	0.00195108
1818	936	1.00674	0.00195108
1818	937	1.00674	0.00195108
1818	938	1.00674	0.00195108
1818	939	1.00674	0.00195108
1818	940	1.00674	0.00195108
1818	941	1.00674	0.00195108
1818	942	1.00674	0.00195108
1818	943	1.00674	0.00195108
1818	944	1.00674	0.00195108
1818	945	1.00674	0.00195108
1818	946	1.00674	0.00195108
1818	947	1.00674	0.00195108
1818	948	1.00674	0.00195108
1818	949	1.00674	0.00195108
1818	950	1.00674	0.00195108
1818	951	1.00674	0.00195108
1818	952	1.00674	0.00195108
1818	953	1.00674	0.00195108
1818	954	1.00674	0.00195108
1818	955	1.00674	0.00195108
1818	956	1.00674	0.00195108
1818	957	1.00674	0.00195108
1818	958	1.00674	0.00195108
1818	959	1.00674	0.00195108
1818	960	1.00674	0.00195108
1818	961	1.00674	0.00195108
1818	962	1.00674	0.00195108
1818	963	1.00674	0.00195108
1818	964	1.00674	0.00195108
1818	965	1.00674	0.00195108
1818	966	1.00674	0.00195108
1818	967	1.00674	0.00195108
1818	968	1.00674	0.00195108
1818	969	1.00674	0.00195108
1818	970	1.00674	0.00195108
1818	971	1.00674	0.00195108
1818	972	1.00674	0.00195108
1818	973	1.00674	0.00195108
1818	974	1.00674	0.00195108
1818	975	1.00674	0.00195108
1818	976	1.00674	0.00195108
1818	977	1.00674	0.00195108
1818	978	1.00674	0.00195108
1818	979	1.00674	0.00195108
1818	980	1.00674	0.00195108
1818	981	1.00674	0.00195108
1818	982	1.00674	0.00195108
1818	983	1.00674	0.00195108
1818	984	1.00674	0.00195108
1818	985	1.00674	0.00195108
1818	986	1.00674	0.00195108
1818	987	1.00674	0.00195108
1818	988	1.00674	0.00195108
1818	989	1.00674	0.00195108
1818	990	1.00674	0.00195108
1818	991	1.00674	0.00195108
1818	992	1.00674	0.00195108
1818	993	1.00674	0.00195108
1818	994	1.00674	0.00195108
1818	995	1.00674	0.00195108
1818	996	1.00674	0.00195108
1818	997	1.00674	0.00195108
1818	998	1.00674	0.00195108
1818	999	1.00674	0.00195108
1818	1000	1.00674	0.00195108
1818	1001	1.00674	0.00195108
1818	1002	1.00674	0.00195108
1818	1003	1.00674	0.00195108
1818	1004	1.00674	0.00195108
1818	1005	1.00674	0.00195108
1818	1006	1.00674	0.00195108
1818	1007	1.00674	0.00195108
1818	1008	1.00674	0.00195108
1818	1009	1.00674	0.00195108
1818	1010	1.00674	0.00195108
1818	1011	1.00674	0.00195108
1818	1012	1.00674	0.00195108
1818	1013	1.00674	0.00195108
1818	1014	1.00674	0.00195108
1818	1015	1.00674	0.00195108
1818	1016	1.00674	0.00195108
1818	1017	1.00674	0.00195108
1818	1018	1.00674	0.00195108
1818	1019	1.00674	0.00195108
1818	1020	1.00674	0.00195108
1818	1021	1.00674	0.00195108
1818	1022	1.00674	0.00195108
1818	1023	1.00674	0.00195108
1818	1024	1.00674	0.00195108
1818	1025	1.00674	0.00195108
1818	1026	1.00674	0.00195108
1818	1027	1.00674	0.00195108
1818	1028	1.00674	0.00195108
1818	1029	1.00674	0.00195108
1818	1030	1.00674	0.00195108
1818	1031	1.00674	0.00195108
1818	1032	1.00674	0.00195108
1818	1033	1.00674	0.00195108
1818	1034	1.00674	0.00195108
1818	1035	1.00674	0.00195108
1818	1036	1.00674	0.00195108
1818	1037	1.00674	0.00195108
1818	1038	1.00674	0.00195108
1818	1039	1.00674	0.00195108
1818	1040	1.00674	0.00195108
1818	1041	1.00674	0.00195108
1818	1042	1.00674	0.00195108
1818	1043	1.00674	0.00195108
1818	1044	1.00674	0.00195108
1818	1045	1.00674	0.00195108
1818	1046	1.00674	0.00195108
1818	1047	1.00674	0.00195108
1818	1048	1.00674	0.00195108
1818	1049	1.00674	0.00195108
1818	1050	1.00674	0.00195108
1818	1051	1.00674	0.00195108
1818	1052	1.00674	0.00195108
1818	1053	1.00674	0.00195108
1818	1054	1.00674	0.00195108
1818	1055	1.00674	0.00195108
1818	1056	1.00674	0.00195108
1818	1057	1.00674	0.00195108
1818	1058	1.00674	0.00195108
1818	1059	1.00674	0.00195108
1818	1060	1.00674	0.00195108
1818	1061	1.00674	0.00195108
1818	1062	1.00674	0.00195108
1818	1063	1.00674	0.00195108
1818	1064	1.00674	0.00195108
1818	1065	1.00674	0.00195108
1818	1066	1.00674	0.00195108
1818	1067	1.00674	0.00195108
1818	1068	1.00674	0.00195108
1818	1069	1.00674	0.00195108
1818	1070	1.00674	0.00195108
1818	1071	1.00674	0.00195108
1818	1072	1.00674	0.00195108
1818	1073	1.00674	0.00195108
1818	1074	1.00674	0.00195108
1818	1075	1.00674	0.00195108
1818	1076	1.00674	0.00195108
1818	1077	1.00674	0.00195108
1818	1078	1.00674	0.00195108
1818	1079	1.00674	0.00195108
1818	1080	1.00674	0.00195108
1818	1081	1.00674	0.00195108
1818	1082	1.00674	0.00195108
1818	1083	1.00674	0.00195108
1818	1084	1.00674	0.00195108
1818	1085	1.00674	0.00195108
1818	1086	1.00674	0.00195108
1818	1087	1.00674	0.00195108
1818	1088	1.00674	0.00195108
1818	1089	1.00674	0.00195108
1818	1090	1.00674	0.00195108
1818	1091	1.00674	0.00195108
1818	1092	1.00674	0.00195108
1818	1093	1.00674	0.00195108
1818	1094	1.00674	0.00195108
1818	1095	1.00674	0.00195108
1818	1096	1.00674	0.00195108
1818	1097	1.00674	0.00195108
1818	1098	1.00674	0.00195108
1818	1099	1.00674	0.00195108
1818	1100	1.00674	0.00195108
1818	1101	1.00674	0.00195108
1818	1102	1.00674	0.00195108
1818	1103	1.00674	0.00195108
1818	1104	1.00674	0.00195108
1818	1105	1.00674	0.00195108
1818	1106	1.00674	0.00195108
1818	1107	1.00674	0.00195108
1818	1108	1.00674	0.00195108
1818	1109	1.00674	0.00195108
1818	1110	1.00674	0.00195108
1818	1111	1.00674	0.00195108
1818	1112	1.00674	0.00195108
1818	1113	1.00674	0.00195108
1818	1114	1.00674	0.00195108
1818	1115	1.00674	0.00195108
1818	1116	1.00674	0.00195108
1818	1117	1.00674	0.00195108
1818	1118	1.00674	0.00195108
1818	1119	1.00674	0.00195108
1818	1120	1.00674	0.00195108
1818	1121	1.00674	0.00195108
1818	1122	1.00674	0.00195108
1818	1123	1.00674	0.00195108
1818	1124	1.00674	0.00195108
1818	1125	1.00674	0.00195108
1818	1126	1.00674	0.00195108
1818	1127	1.00674	0.00195108
1818	1128	1.00674	0.00195108
1818	1129	1.00674	0.00195108
1818	1130	1.00674	0.00195108
1818	1131	1.00674	0.00195108
1818	1132	1.00674	0.00195108
1818	1133	1.00674	0.00195108
1818	1134	1.00674	0.00195108
1818	1135	1.00674	0.00195108
1818	1136	1.00674	0.00195108
1818	1137	1.00674	0.00195108
1818	1138	1.00674	0.00195108
1818	1139	1.00674	0.00195108
1818	1140	1.00674	0.00195108
1818	1141	1.00674	0.00195108
1818	1142	1.00674	0.00195108
1818	1143	1.00674	0.00195108
1818	1144	1.00674	0.00195108
1818	1145	1.00674	0.00195108
1818	1146	1.00674	0.00195108
1818	1147	1.00674	0.00195108
1818	1148	1.00674	0.00195108
1818	1149	1.00674	0.00195108
1818	1150	1.00674	0.00195108
1818	1151	1.00674	0.00195108
1818	1152	1.00674	0.00195108
1818	1153	1.00674	0.00195108
1818	1154	1.00674	0.00195108
1818	1155	1.00674	0.00195108
1818	1156	1.00674	0.00195108
1818	1157	1.00674	0.00195108
1818	1158	1.00674	0.00195108
1818	1159	1.00674	0.00195108
1818	1160	1.00674	0.00195108
1818	1161	1.00674	0.00195108
1818	1162	1.00674	0.00195108
1818	1163	1.00674	0.00195108
1818	1164	1.00674	0.00195108
1818	1165	1.00674	0.00195108
1818	1166	1.00674	0.00195108
1818	1167	1.00674	0.00195108
1818	1168	1.00674	0.00195108
1818	1169	1.00674	0.00195108
1818	1170	1.00674	0.00195108
1818	1171	1.00674	0.00195108
1818	1172	1.00674	0.00195108
1818	1173	1.00674	0.00195108
1818	1174	1.00674	0.00195108
1818	1175	1.00674	0.00195108
1818	1176	1.00674	0.00195108
1818	1177	1.00674	0.00195108
1818	1178	1.00674	0.00195108
1818	1179	1.00674	0.00195108
1818	1180	1.00674	0.00195108
1818	1181	1.00674	0.00195108
1818	1182	1.00674	0.00195108
1818	1183	1.00674	0.00195108
1818	1184	1.00674	0.00195108
1818	1185	1.00674	0.00195108
1818	1186	1.00674	0.00195108
1818	1187	1.00674	0.00195108
1818	1188	1.00674	0.00195108
1818	1189	1.00674	0.00195108
1818	1190	1.00674	0.00195108
1818	1191	1.00674	0.00195108
1818	1192	1.00674	0.00195108
1818	1193	1.00674	0.00195108
1818	1194	1.00674	0.00195108
1818	1195	1.00674	0.00195108
1818	1196	1.00674	0.00195108
1818	1197	1.00674	0.00195108
1818	1198	1.00674	0.00195108
1818	1199	1.00674	0.00195108
1818	1200	1.00674	0.00195108
1818	1201	1.00674	0.00195108
1818	1202	1.00674	0.00195108
1818	1203	1.00674	0.00195108
1818	1204	1.00674	0.00195108
1818	1205	1.00674	0.00195108
1818	1206	1.00674	0.00195108
1818	1207	1.00674	0.00195108
1818	1208	1.00674	0.00195108
1818	1209	1.00674	0.00195108
1818	1210	1.00674	0.00195108
1818	1211	1.00674	0.00195108
1818	1212	1.00674	0.00195108
1818	1213	1.00674	0.00195108
1818	1214	1.00674	0.00195108
1818	1215	1.00674	0.00195108
1818	1216	1.00674	0.00195108
1818	1217	1.00674	0.00195108
1818	1218	1.00674	0.00195108
1818	1219	1.00674	0.00195108
1818	1220	1.00674	0.00195108
1818	1221	1.00674	0.00195108
1818	1222	1.00674	0.00195108
1818	1223	1.00674	0.00195108
1818	1224	1.00674	0.00195108
1818	1225	1.00674	0.00195108
1818	1226	1.00674	0.00195108
1818	1227	1.00674	0.00195108
1818	1228	1.00674	0.00195108
1818	1229	1.00674	0.00195108
1818	1230	1.00674	0.00195108
1818	1231	1.00674	0.00195108
1818	1232	1.00674	0.00195108
1818	1233	1.00674	0.00195108
1818	1234	1.00674	0.00195108
1818	1235	1.00674	0.00195108
1818	1236	1.00674	0.00195108
1818	1237	1.00674	0.00195108
1818	1238	1.00674	0.00195108
1818	1239	1.00674	0.00195108
1818	1240	1.00674	0.00195108
1818	1241	1.00674	0.00195108
1818	1242	1.00674	0.00195108
1818	1243	1.00674	0.00195108
1818	1244	1.00674	0.00195108
1818	1245	1.00674	0.00195108
1818	1246	1.00674	0.00195108
1818	1247	1.00674	0.00195108
1818	1248	1.00674	0.00195108
1818	1249	1.00674	0.00195108
1818	1250	1.00674	0.00195108
1818	1251	1.00674	0.00195108
1818	1252	1.00674	0.00195108
1818	1253	1.00674	0.00195108
1818	1254	1.00674	0.00195108
1818	1255	1.00674	0.00195108
1818	1256	1.00674	0.00195108
1818	1257	1.00674	0.00195108
1818	1258	1.00674	0.00195108
1818	1259	1.00674	0.00195108
1818	1260	1.00674	0.00195108
1818	1261	1.00674	0.00195108
1818	1262	1.00674	0.00195108
1818	1263	1.00674	0.00195108
1818	1264	1.00674	0.00195108
1818	1265	1.00674	0.00195108
1818	1266	1.00674	0.00195108
1818	1267	1.00674	0.00195108
1818	1268	1.00674	0.00195108
1818	1269	1.00674	0.00195108
1818	1270	1.00674	0.00195108
1818	1271	1.00674	0.00195108
1818	1272	1.00674	0.00195108
1818	1273	1.00674	0.00195108
1818	1274	1.00674	0.00195108
1818	1275	1.00674	0.00195108
1818	1276	1.00674	0.00195108
1818	1277	1.00674	0.00195108
1818	1278	1.00674	0.00195108
1818	1279	1.00674	0.00195108
1818	1280	1.00674	0.00195108
1818	1281	1.00674	0.00195108
1818	1282	1.00674	0.00195108
1818	1283	1.00674	0.00195108
1818	1284	1.00674	0.00195108
1818	1285	1.00674	0.00195108
1818	1286	1.00674	0.00195108
1818	1287	1.00674	0.00195108
1818	1288	1.00674	0.00195108
1818	1289	1.00674	0.00195108
1818	1290	1.00674	0.00195108
1818	1291	1.00674	0.00195108
1818	1292	1.00674	0.00195108
1818	1293	1.00674	0.00195108
1818	1294	1.00674	0.00195108
1818	1295	1.00674	0.00195108
1818	1296	1.00674	0.00195108
1818	1297	1.00674	0.00195108
1818	1298	1.00674	0.00195108
1818	1299	1.00674	0.00195108
1818	1300	1.00674	0.00195108
1818	1301	1.00674	0.00195108
1818	1302	1.00674	0.00195108
1818	1303	1.00674	0.00195108
1818	1304	1.00674	0.00195108
1818	1305	1.00674	0.00195108
1818	1306	1.00674	0.00195108
1818	1307	1.00674	0.00195108
1818	1308	1.00674	0.00195108
1818	1309	1.00674	0.00195108
1818	1310	1.00674	0.00195108
1818	1311	1.00674	0.00195108
1818	1312	1.00674	0.00195108
1818	1313	1.00674	0.00195108
1818	1314	1.00674	0.00195108
1818	1315	1.00674	0.00195108
1818	1316	1.00674	0.00195108
1818	1317	1.00674	0.00195108
1818	1318	1.00674	0.00195108
1818	1319	1.00674	0.00195108
1818	1320	1.00674	0.00195108
1818	1321	1.00674	0.00195108
1818	1322	1.00674	0.00195108
1818	1323	1.00674	0.00195108
1818	1324	1.00674	0.00195108
1818	1325	1.00674	0.00195108
1818	1326	1.00674	0.00195108
1818	1327	1.00674	0.00195108
1818	1328	1.00674	0.00195108
1818	1329	1.00674	0.00195108
1818	1330	1.00674	0.00195108
1818	1331	1.00674	0.00195108
1818	1332	1.00674	0.00195108
1818	1333	1.00674	0.00195108
1818	1334	1.00674	0.00195108
1818	1335	1.00674	0.00195108
1818	1336	1.00674	0.00195108
1818	1337	1.00674	0.00195108
1818	1338	1.00674	0.00195108
1818	1339	1.00674	0.00195108
1818	1340	1.00674	0.00195108
1818	1341	1.00674	0.00195108
1818	1342	1.00674	0.00195108
1818	1343	1.00674	0.00195108
1818	1344	1.00674	0.00195108
1818	1345	1.00674	0.00195108
1818	1346	1.00674	0.00195108
1818	1347	1.00674	0.00195108
1818	1348	1.00674	0.00195108
1818	1349	1.00674	0.00195108
1818	1350	1.00674	0.00195108
1818	1351	1.00674	0.00195108
1818	1352	1.00674	0.00195108
1818	1353	1.00674	0.00195108
1818	1354	1.00674	0.00195108
1818	1355	1.00674	0.00195108
1818	1356	1.00674	0.00195108
1818	1357	1.00674	0.00195108
1818	1358	1.00674	0.00195108
1818	1359	1.00674	0.00195108
1818	1360	1.00674	0.00195108
1818	1361	1.00674	0.00195108
1818	1362	1.00674	0.00195108
1818	1363	1.00674	0.00195108
1818	1364	1.00674	0.00195108
1818	1365	1.00674	0.00195108
1818	1366	1.00674	0.00195108
1818	1367	1.00674	0.00195108
1818	1368	1.00674	0.00195108
1818	1369	1.00674	0.00195108
1818	1370	1.00674	0.00195108
1818	1371	1.00674	0.00195108
1818	1372	1.00674	0.00195108
1818	1373	1.00674	0.00195108
1818	1374	1.00674	0.00195108
1818	1375	1.00674	0.00195108
1818	1376	1.00674	0.00195108
1818	1377	1.00674	0.00195108
1818	1378	1.00674	0.00195108
1818	1379	1.00674	0.00195108
1818	1380	1.00674	0.00195108
1818	1381	1.00674	0.00195108
1818	1382	1.00674	0.00195108
1818	1383	1.00674	0.00195108
1818	1384	1.00674	0.00195108
1818	1385	1.00674	0.00195108
1818	1386	1.00674	0.00195108
1818	1387	1.00674	0.00195108
1818	1388	1.00674	0.00195108
1818	1389	1.00674	0.00195108
1818	1390	1.00674	0.00195108
1818	1391	1.00674	0.00195108
1818	1392	1.00674	0.00195108
1818	1393	1.00674	0.00195108
1818	1394	1.00674	0.00195108
1818	1395	1.00674	0.00195108
1818	1396	1.00674	0.00195108
1818	1397	1.00674	0.00195108
1818	1398	1.00674	0.00195108
1818	1399	1.00674	0.00195108
1818	1400	1.00674	0.00195108
1818	1401	1.00674	0.00195108
1818	1402	1.00674	0.00195108
1818	1403	1.00674	0.00195108
1818	1404	1.00674	0.00195108
1818	1405	1.00674	0.00195108
1818	1406	1.00674	0.00195108
1818	1407	1.00674	0.00195108
1818	1408	1.00674	0.00195108
1818	1409	1.00674	0.00195108
1818	1410	1.00674	0.00195108
1818	1411	1.00674	0.00195108
1818	1412	1.00674	0.00195108
1818	1413	1.00674	0.00195108
1818	1414	1.00674	0.00195108
1818	1415	1.00674	0.00195108
1818	1416	1.00674	0.00195108
1818	1417	1.00674	0.00195108
1818	1418	1.00674	0.00195108
1818	1419	1.00674	0.00195108
1818	1420	1.00674	0.00195108
1818	1421	1.00674	0.00195108
1818	1422	1.00674	0.00195108
1818	1423	1.00674	0.00195108
1818	1424	1.00674	0.00195108
1818	1425	1.00674	0.00195108
1818	1426	1.00674	0.00195108
1818	1427	1.00674	0.00195108
1818	1428	1.00674	0.00195108
1818	1429	1.00674	0.00195108
1818	1430	1.00674	0.00195108
1818	1431	1.00674	0.00195108
1818	1432	1.00674	0.00195108
1818	1433	1.00674	0.00195108
1818	1434	1.00674	0.00195108
1818	1435	1.00674	0.00195108
1818	1436	1.00674	0.00195108
1818	1437	1.00674	0.00195108
1818	1438	1.00674	0.00195108
1818	1439	1.00674	0.00195108
1818	1440	1.00674	0.00195108
1818	1441	1.00674	0.00195108
1818	1442	1.00674	0.00195108
1818	1443	1.00674	0.00195108
1818	1444	1.00674	0.00195108
1818	1445	1.00674	0.00195108
1818	1446	1.00674	0.00195108
1818	1447	1.00674	0.00195108
1818	1448	1.00674	0.00195108
1818	1449	1.00674	0.00195108
1818	1450	1.00674	0.00195108
1818	1451	1.00674	0.00195108
1818	1452	1.00674	0.00195108
1818	1453	1.00674	0.00195108
1818	1454	1.00674	0.00195108
1818	1455	1.00674	0.00195108
1818	1456	1.00674	0.00195108
1818	1457	1.00674	0.00195108
1818	1458	1.00674	0.00195108
1818	1459	1.00674	0.00195108
1818	1460	1.00674	0.00195108
1818	1461	1.00674	0.00195108
1818	1462	1.00674	0.00195108
1818	1463	1.00674	0.00195108
1818	1464	1.00674	0.00195108
1818	1465	1.00674	0.00195108
1818	1466	1.00674	0.00195108
1818	1467	1.00674	0.00195108
1818	1468	1.00674	0.00195108
1818	1469	1.00674	0.00195108
1818	1470	1.00674	0.00195108
1818	1471	1.00674	0.00195108
1818	1472	1.00674	0.00195108
1818	1473	1.00674	0.00195108
1818	1474	1.00674	0.00195108
1818	1475	1.00674	0.00195108
1818	1476	1.00674	0.00195108
1818	1477	1.00674	0.00195108
1818	1478	1.00674	0.00195108
1818	1479	1.00674	0.00195108
1818	1480	1.00674	0.00195108
1818	1481	1.00674	0.00195108
1818	1482	1.00674	0.00195108
1818	1483	1.00674	0.00195108
1818	1484	1.00674	0.00195108
1818	1485	1.00674	0.00195108
1818	1486	1.00674	0.00195108
1818	1487	1.00674	0.00195108
1818	1488	1.00674	0.00195108
1818	1489	1.00674	0.00195108
1818	1490	1.00674	0.00195108
1818	1491	1.00674	0.00195108
1818	1492	1.00674	0.00195108
1818	1493	1.00674	0.00195108
1818	1494	1.00674	0.00195108
1818	1495	1.00674	0.00195108
1818	1496	1.00674	0.00195108
1818	1497	1.00674	0.00195108
1818	1498	1.00674	0.00195108
1818	1499	1.00674	0.00195108
1818	1500	1.00674	0.00195108
1818	1501	1.00674	0.00195108
1818	1502	1.00674	0.00195108
1818	1503	1.00674	0.00195108
1818	1504	1.00674	0.00195108
1818	1505	1.00674	0.00195108
1818	1506	1.00674	0.00195108
1818	1507	1.00674	0.00195108
1818	1508	1.00674	0.00195108
1818	1509	1.00674	0.00195108
1818	1510	1.00674	0.00195108
1818	1511	1.00674	0.00195108
1818	1512	1.00674	0.00195108
1818	1513	1.00674	0.00195108
1818	1514	1.00674	0.00195108
1818	1515	1.00674	0.00195108
1818	1516	1.00674	0.00195108
1818	1517	1.00674	0.00195108
1818	1518	1.00674	0.00195108
1818	1519	1.00674	0.00195108
1818	1520	1.00674	0.00195108
1818	1521	1.00674	0.00195108
1818	1522	1.00674	0.00195108
1818	1523	1.00674	0.00195108
1818	1524	1.00674	0.00195108
1818	1525	1.00674	0.00195108
1818	1526	1.00674	0.00195108
1818	1527	1.00674	0.00195108
1818	1528	1.00674	0.00195108
1818	1529	1.00674	0.00195108
1818	1530	1.00674	0.00195108
1818	1531	1.00674	0.00195108
1818	1532	1.00674	0.00195108
1818	1533	1.00674	0.00195108
1818	1534	1.00674	0.00195108
1818	1535	1.00674	0.00195108
1818	1536	1.00674	0.00195108
1818	1537	1.00674	0.00195108
1818	1538	1.00674	0.00195108
1818	1539	1.00674	0.00195108
1818	1540	1.00674	0.00195108
1818	1541	1.00674	0.00195108
1818	1542	1.00674	0.00195108
1818	1543	1.00674	0.00195108
1818	1544	1.00674	0.00195108
1818	1545	1.00674	0.00195108
1818	1546	1.00674	0.00195108
1818	1547	1.00674	0.00195108
1818	1548	1.00674	0.00195108
1818	1549	1.00674	0.00195108
1818	1550	1.00674	0.00195108
1818	1551	1.00674	0.00195108
1818	1552	1.00674	0.00195108
1818	1553	1.00674	0.00195108
1818	1554	1.00674	0.00195108
1818	1555	1.00674	0.00195108
1818	1556	1.00674	0.00195108
1818	1557	1.00674	0.00195108
1818	1558	1.00674	0.00195108
1818	1559	1.00674	0.00195108
1818	1560	1.00674	0.00195108
1818	1561	1.00674	0.00195108
1818	1562	1.00674	0.00195108
1818	1563	1.00674	0.00195108
1818	1564	1.00674	0.00195108
1818	1565	1.00674	0.00195108
1818	1566	1.00674	0.00195108
1818	1567	1.00674	0.00195108
1818	1568	1.00674	0.00195108
1818	1569	1.00674	0.00195108
1818	1570	1.00674	0.00195108
1818	1571	1.00674	0.00195108
1818	1572	1.00674	0.00195108
1818	1573	1.00674	0.00195108
1818	1574	1.00674	0.00195108
1818	1575	1.00674	0.00195108
1818	1576	1.00674	0.00195108
1818	1577	1.00674	0.00195108
1818	1578	1.00674	0.00195108
1818	1579	1.00674	0.00195108
1818	1580	1.00674	0.00195108
1818	1581	1.00674	0.00195108
1818	1582	1.00674	0.00195108
1818	1583	1.00674	0.00195108
1818	1584	1.00674	0.00195108
1818	1585	1.00674	0.00195108
1818	1586	1.00674	0.00195108
1818	1587	1.00674	0.00195108
1818	1588	1.00674	0.00195108
1818	1589	1.00674	0.00195108
1818	1590	1.00674	0.00195108
1818	1591	1.00674	0.00195108
1818	1592	1.00674	0.00195108
1818	1593	1.00674	0.00195108
1818	1594	1.00674	0.00195108
1818	1595	1.00674	0.00195108
1818	1596	1.00674	0.00195108
1818	1597	1.00674	0.00195108
1818	1598	1.00674	0.00195108
1818	1599	1.00674	0.00195108
1818	1600	1.00674	0.00195108
1818	1601	1.00674	0.00195108
1818	1602	1.00674	0.00195108
1818	1603	1.00674	0.00195108
1818	1604	1.00674	0.00195108
1818	1605	1.00674	0.00195108
1818	1606	1.00674	0.00195108
1818	1607	1.00674	0.00195108
1818	1608	1.00674	0.00195108
1818	1609	1.00674	0.00195108
1818	1610	1.00674	0.00195108
1818	1611	1.00674	0.00195108
1818	1612	1.00674	0.00195108
1818	1613	1.00674	0.00195108
1818	1614	1.00674	0.00195108
1818	1615	1.00674	0.00195108
1818	1616	1.00674	0.00195108
1818	1617	1.00674	0.00195108
1818	1618	1.00674	0.00195108
1818	1619	1.00674	0.00195108
1818	1620	1.00674	0.00195108
1818	1621	1.00674	0.00195108
1818	1622	1.00674	0.00195108
1818	1623	1.00674	0.00195108
1818	1624	1.00674	0.00195108
1818	1625	1.00674	0.00195108
1818	1626	1.00674	0.00195108
1818	1627	1.00674	0.00195108
1818	1628	1.00674	0.00195108
1818	1629	1.00674	0.00195108
1818	1630	1.00674	0.00195108
1818	1631	1.00674	0.00195108
1818	1632	1.00674	0.00195108
1818	1633	1.00674	0.00195108
1818	1634	1.00674	0.00195108
1818	1635	1.00674	0.00195108
1818	1636	1.00674	0.00195108
1818	1637	1.00674	0.00195108
1818	1638	1.00674	0.00195108
1818	1639	1.00674	0.00195108
1818	1640	1.00674	0.00195108
1818	1641	1.00674	0.00195108
1818	1642	1.00674	0.00195108
1818	1643	1.00674	0.00195108
1818	1644	1.00674	0.00195108
1818	1645	1.00674	0.00195108
1818	1646	1.00674	0.00195108
1818	1647	1.00674	0.00195108
1818	1648	1.00674	0.00195108
1818	1649	1.00674	0.00195108
