1726	0	1.01241	0.00190672
1726	1	1.01241	0.00190672
1726	2	1.01241	0.00190672
1726	3	1.01241	0.00190672
1726	4	1.01241	0.00190672
1726	5	1.01241	0.00190672
1726	6	1.01241	0.00190672
1726	7	1.01241	0.00190672
1726	8	1.01241	0.00190672
1726	9	1.01241	0.00190672
1726	10	1.01241	0.00190672
1726	11	1.01241	0.00190672
1726	12	1.01241	0.00190672
1726	13	1.01241	0.00190672
1726	14	1.01241	0.00190672
1726	15	1.01241	0.00190672
1726	16	1.01241	0.00190672
1726	17	1.01241	0.00190672
1726	18	1.01241	0.00190672
1726	19	1.01241	0.00190672
1726	20	1.01241	0.00190672
1726	21	1.01241	0.00190672
1726	22	1.01241	0.00190672
1726	23	1.01241	0.00190672
1726	24	1.01241	0.00190672
1726	25	1.01241	0.00190672
1726	26	1.01241	0.00190672
1726	27	1.01241	0.00190672
1726	28	1.01241	0.00190672
1726	29	1.01241	0.00190672
1726	30	1.01241	0.00190672
1726	31	1.01241	0.00190672
1726	32	1.01241	0.00190672
1726	33	1.01241	0.00190672
1726	34	1.01241	0.00190672
1726	35	1.01241	0.00190672
1726	36	1.01241	0.00190672
1726	37	1.01241	0.00190672
1726	38	1.01241	0.00190672
1726	39	1.01241	0.00190672
1726	40	1.01241	0.00190672
1726	41	1.01241	0.00190672
1726	42	1.01241	0.00190672
1726	43	1.01241	0.00190672
1726	44	1.01241	0.00190672
1726	45	1.01241	0.00190672
1726	46	1.01241	0.00190672
1726	47	1.01241	0.00190672
1726	48	1.01241	0.00190672
1726	49	1.01241	0.00190672
1726	50	1.01241	0.00190672
1726	51	1.01241	0.00190672
1726	52	1.01241	0.00190672
1726	53	1.01241	0.00190672
1726	54	1.01241	0.00190672
1726	55	1.01241	0.00190672
1726	56	1.01241	0.00190672
1726	57	1.01241	0.00190672
1726	58	1.01241	0.00190672
1726	59	1.01241	0.00190672
1726	60	1.01241	0.00190672
1726	61	1.01241	0.00190672
1726	62	1.01241	0.00190672
1726	63	1.01241	0.00190672
1726	64	1.01241	0.00190672
1726	65	1.01241	0.00190672
1726	66	1.01241	0.00190672
1726	67	1.01241	0.00190672
1726	68	1.01241	0.00190672
1726	69	1.01241	0.00190672
1726	70	1.01241	0.00190672
1726	71	1.01241	0.00190672
1726	72	1.01241	0.00190672
1726	73	1.01241	0.00190672
1726	74	1.01241	0.00190672
1726	75	1.01241	0.00190672
1726	76	1.01241	0.00190672
1726	77	1.01241	0.00190672
1726	78	1.01241	0.00190672
1726	79	1.01241	0.00190672
1726	80	1.01241	0.00190672
1726	81	1.01241	0.00190672
1726	82	1.01241	0.00190672
1726	83	1.01241	0.00190672
1726	84	1.01241	0.00190672
1726	85	1.01241	0.00190672
1726	86	1.01241	0.00190672
1726	87	1.01241	0.00190672
1726	88	1.01241	0.00190672
1726	89	1.01241	0.00190672
1726	90	1.01241	0.00190672
1726	91	1.01241	0.00190672
1726	92	1.01241	0.00190672
1726	93	1.01241	0.00190672
1726	94	1.01241	0.00190672
1726	95	1.01241	0.00190672
1726	96	1.01241	0.00190672
1726	97	1.01241	0.00190672
1726	98	1.01241	0.00190672
1726	99	1.01241	0.00190672
1726	100	1.01241	0.00190672
1726	101	1.01241	0.00190672
1726	102	1.01241	0.00190672
1726	103	1.01241	0.00190672
1726	104	1.01241	0.00190672
1726	105	1.01241	0.00190672
1726	106	1.01241	0.00190672
1726	107	1.01241	0.00190672
1726	108	1.01241	0.00190672
1726	109	1.01241	0.00190672
1726	110	1.01241	0.00190672
1726	111	1.01241	0.00190672
1726	112	1.01241	0.00190672
1726	113	1.01241	0.00190672
1726	114	1.01241	0.00190672
1726	115	1.01241	0.00190672
1726	116	1.01241	0.00190672
1726	117	1.01241	0.00190672
1726	118	1.01241	0.00190672
1726	119	1.01241	0.00190672
1726	120	1.01241	0.00190672
1726	121	1.01241	0.00190672
1726	122	1.01241	0.00190672
1726	123	1.01241	0.00190672
1726	124	1.01241	0.00190672
1726	125	1.01241	0.00190672
1726	126	1.01241	0.00190672
1726	127	1.01241	0.00190672
1726	128	1.01241	0.00190672
1726	129	1.01241	0.00190672
1726	130	1.01241	0.00190672
1726	131	1.01241	0.00190672
1726	132	1.01241	0.00190672
1726	133	1.01241	0.00190672
1726	134	1.01241	0.00190672
1726	135	1.01241	0.00190672
1726	136	1.01241	0.00190672
1726	137	1.01241	0.00190672
1726	138	1.01241	0.00190672
1726	139	1.01241	0.00190672
1726	140	1.01241	0.00190672
1726	141	1.01241	0.00190672
1726	142	1.01241	0.00190672
1726	143	1.01241	0.00190672
1726	144	1.01241	0.00190672
1726	145	1.01241	0.00190672
1726	146	1.01241	0.00190672
1726	147	1.01241	0.00190672
1726	148	1.01241	0.00190672
1726	149	1.01241	0.00190672
1726	150	1.01241	0.00190672
1726	151	1.01241	0.00190672
1726	152	1.01241	0.00190672
1726	153	1.01241	0.00190672
1726	154	1.01241	0.00190672
1726	155	1.01241	0.00190672
1726	156	1.01241	0.00190672
1726	157	1.01241	0.00190672
1726	158	1.01241	0.00190672
1726	159	1.01241	0.00190672
1726	160	1.01241	0.00190672
1726	161	1.01241	0.00190672
1726	162	1.01241	0.00190672
1726	163	1.01241	0.00190672
1726	164	1.01241	0.00190672
1726	165	1.01241	0.00190672
1726	166	1.01241	0.00190672
1726	167	1.01241	0.00190672
1726	168	1.01241	0.00190672
1726	169	1.01241	0.00190672
1726	170	1.01241	0.00190672
1726	171	1.01241	0.00190672
1726	172	1.01241	0.00190672
1726	173	1.01241	0.00190672
1726	174	1.01241	0.00190672
1726	175	1.01241	0.00190672
1726	176	1.01241	0.00190672
1726	177	1.01241	0.00190672
1726	178	1.01241	0.00190672
1726	179	1.01241	0.00190672
1726	180	1.01241	0.00190672
1726	181	1.01241	0.00190672
1726	182	1.01241	0.00190672
1726	183	1.01241	0.00190672
1726	184	1.01241	0.00190672
1726	185	1.01241	0.00190672
1726	186	1.01241	0.00190672
1726	187	1.01241	0.00190672
1726	188	1.01241	0.00190672
1726	189	1.01241	0.00190672
1726	190	1.01241	0.00190672
1726	191	1.01241	0.00190672
1726	192	1.01241	0.00190672
1726	193	1.01241	0.00190672
1726	194	1.01241	0.00190672
1726	195	1.01241	0.00190672
1726	196	1.01241	0.00190672
1726	197	1.01241	0.00190672
1726	198	1.01241	0.00190672
1726	199	1.01241	0.00190672
1726	200	1.01241	0.00190672
1726	201	1.01241	0.00190672
1726	202	1.01241	0.00190672
1726	203	1.01241	0.00190672
1726	204	1.01241	0.00190672
1726	205	1.01241	0.00190672
1726	206	1.01241	0.00190672
1726	207	1.01241	0.00190672
1726	208	1.01241	0.00190672
1726	209	1.01241	0.00190672
1726	210	1.01241	0.00190672
1726	211	1.01241	0.00190672
1726	212	1.01241	0.00190672
1726	213	1.01241	0.00190672
1726	214	1.01241	0.00190672
1726	215	1.01241	0.00190672
1726	216	1.01241	0.00190672
1726	217	1.01241	0.00190672
1726	218	1.01241	0.00190672
1726	219	1.01241	0.00190672
1726	220	1.01241	0.00190672
1726	221	1.01241	0.00190672
1726	222	1.01241	0.00190672
1726	223	1.01241	0.00190672
1726	224	1.01241	0.00190672
1726	225	1.01241	0.00190672
1726	226	1.01241	0.00190672
1726	227	1.01241	0.00190672
1726	228	1.01241	0.00190672
1726	229	1.01241	0.00190672
1726	230	1.01241	0.00190672
1726	231	1.01241	0.00190672
1726	232	1.01241	0.00190672
1726	233	1.01241	0.00190672
1726	234	1.01241	0.00190672
1726	235	1.01241	0.00190672
1726	236	1.01241	0.00190672
1726	237	1.01241	0.00190672
1726	238	1.01241	0.00190672
1726	239	1.01241	0.00190672
1726	240	1.01241	0.00190672
1726	241	1.01241	0.00190672
1726	242	1.01241	0.00190672
1726	243	1.01241	0.00190672
1726	244	1.01241	0.00190672
1726	245	1.01241	0.00190672
1726	246	1.01241	0.00190672
1726	247	1.01241	0.00190672
1726	248	1.01241	0.00190672
1726	249	1.01241	0.00190672
1726	250	1.01241	0.00190672
1726	251	1.01241	0.00190672
1726	252	1.01241	0.00190672
1726	253	1.01241	0.00190672
1726	254	1.01241	0.00190672
1726	255	1.01241	0.00190672
1726	256	1.01241	0.00190672
1726	257	1.01241	0.00190672
1726	258	1.01241	0.00190672
1726	259	1.01241	0.00190672
1726	260	1.01241	0.00190672
1726	261	1.01241	0.00190672
1726	262	1.01241	0.00190672
1726	263	1.01241	0.00190672
1726	264	1.01241	0.00190672
1726	265	1.01241	0.00190672
1726	266	1.01241	0.00190672
1726	267	1.01241	0.00190672
1726	268	1.01241	0.00190672
1726	269	1.01241	0.00190672
1726	270	1.01241	0.00190672
1726	271	1.01241	0.00190672
1726	272	1.01241	0.00190672
1726	273	1.01241	0.00190672
1726	274	1.01241	0.00190672
1726	275	1.01241	0.00190672
1726	276	1.01241	0.00190672
1726	277	1.01241	0.00190672
1726	278	1.01241	0.00190672
1726	279	1.01241	0.00190672
1726	280	1.01241	0.00190672
1726	281	1.01241	0.00190672
1726	282	1.01241	0.00190672
1726	283	1.01241	0.00190672
1726	284	1.01241	0.00190672
1726	285	1.01241	0.00190672
1726	286	1.01241	0.00190672
1726	287	1.01241	0.00190672
1726	288	1.01241	0.00190672
1726	289	1.01241	0.00190672
1726	290	1.01241	0.00190672
1726	291	1.01241	0.00190672
1726	292	1.01241	0.00190672
1726	293	1.01241	0.00190672
1726	294	1.01241	0.00190672
1726	295	1.01241	0.00190672
1726	296	1.01241	0.00190672
1726	297	1.01241	0.00190672
1726	298	1.01241	0.00190672
1726	299	1.01241	0.00190672
1726	300	1.01241	0.00190672
1726	301	1.01241	0.00190672
1726	302	1.01241	0.00190672
1726	303	1.01241	0.00190672
1726	304	1.01241	0.00190672
1726	305	1.01241	0.00190672
1726	306	1.01241	0.00190672
1726	307	1.01241	0.00190672
1726	308	1.01241	0.00190672
1726	309	1.01241	0.00190672
1726	310	1.01241	0.00190672
1726	311	1.01241	0.00190672
1726	312	1.01241	0.00190672
1726	313	1.01241	0.00190672
1726	314	1.01241	0.00190672
1726	315	1.01241	0.00190672
1726	316	1.01241	0.00190672
1726	317	1.01241	0.00190672
1726	318	1.01241	0.00190672
1726	319	1.01241	0.00190672
1726	320	1.01241	0.00190672
1726	321	1.01241	0.00190672
1726	322	1.01241	0.00190672
1726	323	1.01241	0.00190672
1726	324	1.01241	0.00190672
1726	325	1.01241	0.00190672
1726	326	1.01241	0.00190672
1726	327	1.01241	0.00190672
1726	328	1.01241	0.00190672
1726	329	1.01241	0.00190672
1726	330	1.01241	0.00190672
1726	331	1.01241	0.00190672
1726	332	1.01241	0.00190672
1726	333	1.01241	0.00190672
1726	334	1.01241	0.00190672
1726	335	1.01241	0.00190672
1726	336	1.01241	0.00190672
1726	337	1.01241	0.00190672
1726	338	1.01241	0.00190672
1726	339	1.01241	0.00190672
1726	340	1.01241	0.00190672
1726	341	1.01241	0.00190672
1726	342	1.01241	0.00190672
1726	343	1.01241	0.00190672
1726	344	1.01241	0.00190672
1726	345	1.01241	0.00190672
1726	346	1.01241	0.00190672
1726	347	1.01241	0.00190672
1726	348	1.01241	0.00190672
1726	349	1.01241	0.00190672
1726	350	1.01241	0.00190672
1726	351	1.01241	0.00190672
1726	352	1.01241	0.00190672
1726	353	1.01241	0.00190672
1726	354	1.01241	0.00190672
1726	355	1.01241	0.00190672
1726	356	1.01241	0.00190672
1726	357	1.01241	0.00190672
1726	358	1.01241	0.00190672
1726	359	1.01241	0.00190672
1726	360	1.01241	0.00190672
1726	361	1.01241	0.00190672
1726	362	1.01241	0.00190672
1726	363	1.01241	0.00190672
1726	364	1.01241	0.00190672
1726	365	1.01241	0.00190672
1726	366	1.01241	0.00190672
1726	367	1.01241	0.00190672
1726	368	1.01241	0.00190672
1726	369	1.01241	0.00190672
1726	370	1.01241	0.00190672
1726	371	1.01241	0.00190672
1726	372	1.01241	0.00190672
1726	373	1.01241	0.00190672
1726	374	1.01241	0.00190672
1726	375	1.01241	0.00190672
1726	376	1.01241	0.00190672
1726	377	1.01241	0.00190672
1726	378	1.01241	0.00190672
1726	379	1.01241	0.00190672
1726	380	1.01241	0.00190672
1726	381	1.01241	0.00190672
1726	382	1.01241	0.00190672
1726	383	1.01241	0.00190672
1726	384	1.01241	0.00190672
1726	385	1.01241	0.00190672
1726	386	1.01241	0.00190672
1726	387	1.01241	0.00190672
1726	388	1.01241	0.00190672
1726	389	1.01241	0.00190672
1726	390	1.01241	0.00190672
1726	391	1.01241	0.00190672
1726	392	1.01241	0.00190672
1726	393	1.01241	0.00190672
1726	394	1.01241	0.00190672
1726	395	1.01241	0.00190672
1726	396	1.01241	0.00190672
1726	397	1.01241	0.00190672
1726	398	1.01241	0.00190672
1726	399	1.01241	0.00190672
1726	400	1.01241	0.00190672
1726	401	1.01241	0.00190672
1726	402	1.01241	0.00190672
1726	403	1.01241	0.00190672
1726	404	1.01241	0.00190672
1726	405	1.01241	0.00190672
1726	406	1.01241	0.00190672
1726	407	1.01241	0.00190672
1726	408	1.01241	0.00190672
1726	409	1.01241	0.00190672
1726	410	1.01241	0.00190672
1726	411	1.01241	0.00190672
1726	412	1.01241	0.00190672
1726	413	1.01241	0.00190672
1726	414	1.01241	0.00190672
1726	415	1.01241	0.00190672
1726	416	1.01241	0.00190672
1726	417	1.01241	0.00190672
1726	418	1.01241	0.00190672
1726	419	1.01241	0.00190672
1726	420	1.01241	0.00190672
1726	421	1.01241	0.00190672
1726	422	1.01241	0.00190672
1726	423	1.01241	0.00190672
1726	424	1.01241	0.00190672
1726	425	1.01241	0.00190672
1726	426	1.01241	0.00190672
1726	427	1.01241	0.00190672
1726	428	1.01241	0.00190672
1726	429	1.01241	0.00190672
1726	430	1.01241	0.00190672
1726	431	1.01241	0.00190672
1726	432	1.01241	0.00190672
1726	433	1.01241	0.00190672
1726	434	1.01241	0.00190672
1726	435	1.01241	0.00190672
1726	436	1.01241	0.00190672
1726	437	1.01241	0.00190672
1726	438	1.01241	0.00190672
1726	439	1.01241	0.00190672
1726	440	1.01241	0.00190672
1726	441	1.01241	0.00190672
1726	442	1.01241	0.00190672
1726	443	1.01241	0.00190672
1726	444	1.01241	0.00190672
1726	445	1.01241	0.00190672
1726	446	1.01241	0.00190672
1726	447	1.01241	0.00190672
1726	448	1.01241	0.00190672
1726	449	1.01241	0.00190672
1726	450	1.01241	0.00190672
1726	451	1.01241	0.00190672
1726	452	1.01241	0.00190672
1726	453	1.01241	0.00190672
1726	454	1.01241	0.00190672
1726	455	1.01241	0.00190672
1726	456	1.01241	0.00190672
1726	457	1.01241	0.00190672
1726	458	1.01241	0.00190672
1726	459	1.01241	0.00190672
1726	460	1.01241	0.00190672
1726	461	1.01241	0.00190672
1726	462	1.01241	0.00190672
1726	463	1.01241	0.00190672
1726	464	1.01241	0.00190672
1726	465	1.01241	0.00190672
1726	466	1.01241	0.00190672
1726	467	1.01241	0.00190672
1726	468	1.01241	0.00190672
1726	469	1.01241	0.00190672
1726	470	1.01241	0.00190672
1726	471	1.01241	0.00190672
1726	472	1.01241	0.00190672
1726	473	1.01241	0.00190672
1726	474	1.01241	0.00190672
1726	475	1.01241	0.00190672
1726	476	1.01241	0.00190672
1726	477	1.01241	0.00190672
1726	478	1.01241	0.00190672
1726	479	1.01241	0.00190672
1726	480	1.01241	0.00190672
1726	481	1.01241	0.00190672
1726	482	1.01241	0.00190672
1726	483	1.01241	0.00190672
1726	484	1.01241	0.00190672
1726	485	1.01241	0.00190672
1726	486	1.01241	0.00190672
1726	487	1.01241	0.00190672
1726	488	1.01241	0.00190672
1726	489	1.01241	0.00190672
1726	490	1.01241	0.00190672
1726	491	1.01241	0.00190672
1726	492	1.01241	0.00190672
1726	493	1.01241	0.00190672
1726	494	1.01241	0.00190672
1726	495	1.01241	0.00190672
1726	496	1.01241	0.00190672
1726	497	1.01241	0.00190672
1726	498	1.01241	0.00190672
1726	499	1.01241	0.00190672
1726	500	1.01241	0.00190672
1726	501	1.01241	0.00190672
1726	502	1.01241	0.00190672
1726	503	1.01241	0.00190672
1726	504	1.01241	0.00190672
1726	505	1.01241	0.00190672
1726	506	1.01241	0.00190672
1726	507	1.01241	0.00190672
1726	508	1.01241	0.00190672
1726	509	1.01241	0.00190672
1726	510	1.01241	0.00190672
1726	511	1.01241	0.00190672
1726	512	1.01241	0.00190672
1726	513	1.01241	0.00190672
1726	514	1.01241	0.00190672
1726	515	1.01241	0.00190672
1726	516	1.01241	0.00190672
1726	517	1.01241	0.00190672
1726	518	1.01241	0.00190672
1726	519	1.01241	0.00190672
1726	520	1.01241	0.00190672
1726	521	1.01241	0.00190672
1726	522	1.01241	0.00190672
1726	523	1.01241	0.00190672
1726	524	1.01241	0.00190672
1726	525	1.01241	0.00190672
1726	526	1.01241	0.00190672
1726	527	1.01241	0.00190672
1726	528	1.01241	0.00190672
1726	529	1.01241	0.00190672
1726	530	1.01241	0.00190672
1726	531	1.01241	0.00190672
1726	532	1.01241	0.00190672
1726	533	1.01241	0.00190672
1726	534	1.01241	0.00190672
1726	535	1.01241	0.00190672
1726	536	1.01241	0.00190672
1726	537	1.01241	0.00190672
1726	538	1.01241	0.00190672
1726	539	1.01241	0.00190672
1726	540	1.01241	0.00190672
1726	541	1.01241	0.00190672
1726	542	1.01241	0.00190672
1726	543	1.01241	0.00190672
1726	544	1.01241	0.00190672
1726	545	1.01241	0.00190672
1726	546	1.01241	0.00190672
1726	547	1.01241	0.00190672
1726	548	1.01241	0.00190672
1726	549	1.01241	0.00190672
1726	550	1.01241	0.00190672
1726	551	1.01241	0.00190672
1726	552	1.01241	0.00190672
1726	553	1.01241	0.00190672
1726	554	1.01241	0.00190672
1726	555	1.01241	0.00190672
1726	556	1.01241	0.00190672
1726	557	1.01241	0.00190672
1726	558	1.01241	0.00190672
1726	559	1.01241	0.00190672
1726	560	1.01241	0.00190672
1726	561	1.01241	0.00190672
1726	562	1.01241	0.00190672
1726	563	1.01241	0.00190672
1726	564	1.01241	0.00190672
1726	565	1.01241	0.00190672
1726	566	1.01241	0.00190672
1726	567	1.01241	0.00190672
1726	568	1.01241	0.00190672
1726	569	1.01241	0.00190672
1726	570	1.01241	0.00190672
1726	571	1.01241	0.00190672
1726	572	1.01241	0.00190672
1726	573	1.01241	0.00190672
1726	574	1.01241	0.00190672
1726	575	1.01241	0.00190672
1726	576	1.01241	0.00190672
1726	577	1.01241	0.00190672
1726	578	1.01241	0.00190672
1726	579	1.01241	0.00190672
1726	580	1.01241	0.00190672
1726	581	1.01241	0.00190672
1726	582	1.01241	0.00190672
1726	583	1.01241	0.00190672
1726	584	1.01241	0.00190672
1726	585	1.01241	0.00190672
1726	586	1.01241	0.00190672
1726	587	1.01241	0.00190672
1726	588	1.01241	0.00190672
1726	589	1.01241	0.00190672
1726	590	1.01241	0.00190672
1726	591	1.01241	0.00190672
1726	592	1.01241	0.00190672
1726	593	1.01241	0.00190672
1726	594	1.01241	0.00190672
1726	595	1.01241	0.00190672
1726	596	1.01241	0.00190672
1726	597	1.01241	0.00190672
1726	598	1.01241	0.00190672
1726	599	1.01241	0.00190672
1726	600	1.01241	0.00190672
1726	601	1.01241	0.00190672
1726	602	1.01241	0.00190672
1726	603	1.01241	0.00190672
1726	604	1.01241	0.00190672
1726	605	1.01241	0.00190672
1726	606	1.01241	0.00190672
1726	607	1.01241	0.00190672
1726	608	1.01241	0.00190672
1726	609	1.01241	0.00190672
1726	610	1.01241	0.00190672
1726	611	1.01241	0.00190672
1726	612	1.01241	0.00190672
1726	613	1.01241	0.00190672
1726	614	1.01241	0.00190672
1726	615	1.01241	0.00190672
1726	616	1.01241	0.00190672
1726	617	1.01241	0.00190672
1726	618	1.01241	0.00190672
1726	619	1.01241	0.00190672
1726	620	1.01241	0.00190672
1726	621	1.01241	0.00190672
1726	622	1.01241	0.00190672
1726	623	1.01241	0.00190672
1726	624	1.01241	0.00190672
1726	625	1.01241	0.00190672
1726	626	1.01241	0.00190672
1726	627	1.01241	0.00190672
1726	628	1.01241	0.00190672
1726	629	1.01241	0.00190672
1726	630	1.01241	0.00190672
1726	631	1.01241	0.00190672
1726	632	1.01241	0.00190672
1726	633	1.01241	0.00190672
1726	634	1.01241	0.00190672
1726	635	1.01241	0.00190672
1726	636	1.01241	0.00190672
1726	637	1.01241	0.00190672
1726	638	1.01241	0.00190672
1726	639	1.01241	0.00190672
1726	640	1.01241	0.00190672
1726	641	1.01241	0.00190672
1726	642	1.01241	0.00190672
1726	643	1.01241	0.00190672
1726	644	1.01241	0.00190672
1726	645	1.01241	0.00190672
1726	646	1.01241	0.00190672
1726	647	1.01241	0.00190672
1726	648	1.01241	0.00190672
1726	649	1.01241	0.00190672
1726	650	1.01241	0.00190672
1726	651	1.01241	0.00190672
1726	652	1.01241	0.00190672
1726	653	1.01241	0.00190672
1726	654	1.01241	0.00190672
1726	655	1.01241	0.00190672
1726	656	1.01241	0.00190672
1726	657	1.01241	0.00190672
1726	658	1.01241	0.00190672
1726	659	1.01241	0.00190672
1726	660	1.01241	0.00190672
1726	661	1.01241	0.00190672
1726	662	1.01241	0.00190672
1726	663	1.01241	0.00190672
1726	664	1.01241	0.00190672
1726	665	1.01241	0.00190672
1726	666	1.01241	0.00190672
1726	667	1.01241	0.00190672
1726	668	1.01241	0.00190672
1726	669	1.01241	0.00190672
1726	670	1.01241	0.00190672
1726	671	1.01241	0.00190672
1726	672	1.01241	0.00190672
1726	673	1.01241	0.00190672
1726	674	1.01241	0.00190672
1726	675	1.01241	0.00190672
1726	676	1.01241	0.00190672
1726	677	1.01241	0.00190672
1726	678	1.01241	0.00190672
1726	679	1.01241	0.00190672
1726	680	1.01241	0.00190672
1726	681	1.01241	0.00190672
1726	682	1.01241	0.00190672
1726	683	1.01241	0.00190672
1726	684	1.01241	0.00190672
1726	685	1.01241	0.00190672
1726	686	1.01241	0.00190672
1726	687	1.01241	0.00190672
1726	688	1.01241	0.00190672
1726	689	1.01241	0.00190672
1726	690	1.01241	0.00190672
1726	691	1.01241	0.00190672
1726	692	1.01241	0.00190672
1726	693	1.01241	0.00190672
1726	694	1.01241	0.00190672
1726	695	1.01241	0.00190672
1726	696	1.01241	0.00190672
1726	697	1.01241	0.00190672
1726	698	1.01241	0.00190672
1726	699	1.01241	0.00190672
1726	700	1.01241	0.00190672
1726	701	1.01241	0.00190672
1726	702	1.01241	0.00190672
1726	703	1.01241	0.00190672
1726	704	1.01241	0.00190672
1726	705	1.01241	0.00190672
1726	706	1.01241	0.00190672
1726	707	1.01241	0.00190672
1726	708	1.01241	0.00190672
1726	709	1.01241	0.00190672
1726	710	1.01241	0.00190672
1726	711	1.01241	0.00190672
1726	712	1.01241	0.00190672
1726	713	1.01241	0.00190672
1726	714	1.01241	0.00190672
1726	715	1.01241	0.00190672
1726	716	1.01241	0.00190672
1726	717	1.01241	0.00190672
1726	718	1.01241	0.00190672
1726	719	1.01241	0.00190672
1726	720	1.01241	0.00190672
1726	721	1.01241	0.00190672
1726	722	1.01241	0.00190672
1726	723	1.01241	0.00190672
1726	724	1.01241	0.00190672
1726	725	1.01241	0.00190672
1726	726	1.01241	0.00190672
1726	727	1.01241	0.00190672
1726	728	1.01241	0.00190672
1726	729	1.01141	0.00192708
1726	730	1.01141	0.00192708
1726	731	1.01141	0.00192708
1726	732	1.01141	0.00192708
1726	733	1.01141	0.00192708
1726	734	1.01141	0.00192708
1726	735	1.01141	0.00192708
1726	736	1.01141	0.00192708
1726	737	1.01141	0.00192708
1726	738	1.01141	0.00192708
1726	739	1.01141	0.00192708
1726	740	1.01141	0.00192708
1726	741	1.01141	0.00192708
1726	742	1.01141	0.00192708
1726	743	1.01141	0.00192708
1726	744	1.01141	0.00192708
1726	745	1.01141	0.00192708
1726	746	1.01141	0.00192708
1726	747	1.01141	0.00192708
1726	748	1.01141	0.00192708
1726	749	1.01141	0.00192708
1726	750	1.01141	0.00192708
1726	751	1.01141	0.00192708
1726	752	1.01141	0.00192708
1726	753	1.01141	0.00192708
1726	754	1.01141	0.00192708
1726	755	1.01141	0.00192708
1726	756	1.01141	0.00192708
1726	757	1.01141	0.00192708
1726	758	1.01141	0.00192708
1726	759	1.01141	0.00192708
1726	760	1.01141	0.00192708
1726	761	1.01141	0.00192708
1726	762	1.01141	0.00192708
1726	763	1.01141	0.00192708
1726	764	1.01141	0.00192708
1726	765	1.01141	0.00192708
1726	766	1.01141	0.00192708
1726	767	1.01141	0.00192708
1726	768	1.01141	0.00192708
1726	769	1.01141	0.00192708
1726	770	1.01141	0.00192708
1726	771	1.01141	0.00192708
1726	772	1.01141	0.00192708
1726	773	1.01141	0.00192708
1726	774	1.01141	0.00192708
1726	775	1.01141	0.00192708
1726	776	1.01141	0.00192708
1726	777	1.01141	0.00192708
1726	778	1.01141	0.00192708
1726	779	1.01141	0.00192708
1726	780	1.01141	0.00192708
1726	781	1.01141	0.00192708
1726	782	1.01141	0.00192708
1726	783	1.01141	0.00192708
1726	784	1.01141	0.00192708
1726	785	1.01141	0.00192708
1726	786	1.01141	0.00192708
1726	787	1.01141	0.00192708
1726	788	1.01141	0.00192708
1726	789	1.01141	0.00192708
1726	790	1.01141	0.00192708
1726	791	1.01141	0.00192708
1726	792	1.01141	0.00192708
1726	793	1.01141	0.00192708
1726	794	1.01141	0.00192708
1726	795	1.01141	0.00192708
1726	796	1.01141	0.00192708
1726	797	1.01141	0.00192708
1726	798	1.01141	0.00192708
1726	799	1.01141	0.00192708
1726	800	1.01141	0.00192708
1726	801	1.01141	0.00192708
1726	802	1.01141	0.00192708
1726	803	1.01141	0.00192708
1726	804	1.01141	0.00192708
1726	805	1.01141	0.00192708
1726	806	1.01141	0.00192708
1726	807	1.01141	0.00192708
1726	808	1.01141	0.00192708
1726	809	1.01141	0.00192708
1726	810	1.01141	0.00192708
1726	811	1.01141	0.00192708
1726	812	1.01141	0.00192708
1726	813	1.01141	0.00192708
1726	814	1.01141	0.00192708
1726	815	1.01141	0.00192708
1726	816	1.01141	0.00192708
1726	817	1.01141	0.00192708
1726	818	1.01141	0.00192708
1726	819	1.01141	0.00192708
1726	820	1.01141	0.00192708
1726	821	1.01141	0.00192708
1726	822	1.01141	0.00192708
1726	823	1.01141	0.00192708
1726	824	1.01141	0.00192708
1726	825	1.01141	0.00192708
1726	826	1.01141	0.00192708
1726	827	1.01141	0.00192708
1726	828	1.01141	0.00192708
1726	829	1.01141	0.00192708
1726	830	1.01141	0.00192708
1726	831	1.01141	0.00192708
1726	832	1.01141	0.00192708
1726	833	1.01141	0.00192708
1726	834	1.01141	0.00192708
1726	835	1.01141	0.00192708
1726	836	1.01141	0.00192708
1726	837	1.01141	0.00192708
1726	838	1.01141	0.00192708
1726	839	1.01141	0.00192708
1726	840	1.01141	0.00192708
1726	841	1.01141	0.00192708
1726	842	1.01141	0.00192708
1726	843	1.01141	0.00192708
1726	844	1.01141	0.00192708
1726	845	1.01141	0.00192708
1726	846	1.01141	0.00192708
1726	847	1.01141	0.00192708
1726	848	1.01141	0.00192708
1726	849	1.01141	0.00192708
1726	850	1.01141	0.00192708
1726	851	1.01141	0.00192708
1726	852	1.01141	0.00192708
1726	853	1.01141	0.00192708
1726	854	1.01141	0.00192708
1726	855	1.01141	0.00192708
1726	856	1.01141	0.00192708
1726	857	1.01141	0.00192708
1726	858	1.01141	0.00192708
1726	859	1.01141	0.00192708
1726	860	1.01141	0.00192708
1726	861	1.01141	0.00192708
1726	862	1.01141	0.00192708
1726	863	1.01141	0.00192708
1726	864	1.01141	0.00192708
1726	865	1.01141	0.00192708
1726	866	1.01141	0.00192708
1726	867	1.01141	0.00192708
1726	868	1.01141	0.00192708
1726	869	1.01141	0.00192708
1726	870	1.01141	0.00192708
1726	871	1.01141	0.00192708
1726	872	1.01141	0.00192708
1726	873	1.01141	0.00192708
1726	874	1.01141	0.00192708
1726	875	1.01141	0.00192708
1726	876	1.01141	0.00192708
1726	877	1.01141	0.00192708
1726	878	1.01141	0.00192708
1726	879	1.01141	0.00192708
1726	880	1.01141	0.00192708
1726	881	1.01141	0.00192708
1726	882	1.01141	0.00192708
1726	883	1.01141	0.00192708
1726	884	1.01141	0.00192708
1726	885	1.01141	0.00192708
1726	886	1.01141	0.00192708
1726	887	1.01141	0.00192708
1726	888	1.01141	0.00192708
1726	889	1.01141	0.00192708
1726	890	1.01141	0.00192708
1726	891	1.01141	0.00192708
1726	892	1.01141	0.00192708
1726	893	1.01141	0.00192708
1726	894	1.01141	0.00192708
1726	895	1.01141	0.00192708
1726	896	1.01141	0.00192708
1726	897	1.01141	0.00192708
1726	898	1.01141	0.00192708
1726	899	1.01141	0.00192708
1726	900	1.01141	0.00192708
1726	901	1.01141	0.00192708
1726	902	1.01141	0.00192708
1726	903	1.01141	0.00192708
1726	904	1.01141	0.00192708
1726	905	1.01141	0.00192708
1726	906	1.01141	0.00192708
1726	907	1.01141	0.00192708
1726	908	1.01141	0.00192708
1726	909	1.01141	0.00192708
1726	910	1.01141	0.00192708
1726	911	1.01141	0.00192708
1726	912	1.01141	0.00192708
1726	913	1.01141	0.00192708
1726	914	1.01141	0.00192708
1726	915	1.01141	0.00192708
1726	916	1.01141	0.00192708
1726	917	1.01141	0.00192708
1726	918	1.01141	0.00192708
1726	919	1.01141	0.00192708
1726	920	1.01141	0.00192708
1726	921	1.01141	0.00192708
1726	922	1.01141	0.00192708
1726	923	1.01141	0.00192708
1726	924	1.01141	0.00192708
1726	925	1.01141	0.00192708
1726	926	1.01141	0.00192708
1726	927	1.01141	0.00192708
1726	928	1.01141	0.00192708
1726	929	1.01141	0.00192708
1726	930	1.01141	0.00192708
1726	931	1.01141	0.00192708
1726	932	1.01141	0.00192708
1726	933	1.01141	0.00192708
1726	934	1.01141	0.00192708
1726	935	1.01141	0.00192708
1726	936	1.01141	0.00192708
1726	937	1.01141	0.00192708
1726	938	1.01141	0.00192708
1726	939	1.01141	0.00192708
1726	940	1.01141	0.00192708
1726	941	1.01141	0.00192708
1726	942	1.01141	0.00192708
1726	943	1.01141	0.00192708
1726	944	1.01141	0.00192708
1726	945	1.01141	0.00192708
1726	946	1.01141	0.00192708
1726	947	1.01141	0.00192708
1726	948	1.01141	0.00192708
1726	949	1.01141	0.00192708
1726	950	1.01141	0.00192708
1726	951	1.01141	0.00192708
1726	952	1.01141	0.00192708
1726	953	1.01141	0.00192708
1726	954	1.01141	0.00192708
1726	955	1.01141	0.00192708
1726	956	1.01141	0.00192708
1726	957	1.01141	0.00192708
1726	958	1.01141	0.00192708
1726	959	1.01141	0.00192708
1726	960	1.01141	0.00192708
1726	961	1.01141	0.00192708
1726	962	1.01141	0.00192708
1726	963	1.01141	0.00192708
1726	964	1.01141	0.00192708
1726	965	1.01141	0.00192708
1726	966	1.01141	0.00192708
1726	967	1.01141	0.00192708
1726	968	1.01141	0.00192708
1726	969	1.01141	0.00192708
1726	970	1.01141	0.00192708
1726	971	1.01141	0.00192708
1726	972	1.01141	0.00192708
1726	973	1.01141	0.00192708
1726	974	1.01141	0.00192708
1726	975	1.01141	0.00192708
1726	976	1.01141	0.00192708
1726	977	1.01141	0.00192708
1726	978	1.01141	0.00192708
1726	979	1.01141	0.00192708
1726	980	1.01141	0.00192708
1726	981	1.01141	0.00192708
1726	982	1.01141	0.00192708
1726	983	1.01141	0.00192708
1726	984	1.01141	0.00192708
1726	985	1.01141	0.00192708
1726	986	1.01141	0.00192708
1726	987	1.01141	0.00192708
1726	988	1.01141	0.00192708
1726	989	1.01141	0.00192708
1726	990	1.01141	0.00192708
1726	991	1.01141	0.00192708
1726	992	1.01141	0.00192708
1726	993	1.01141	0.00192708
1726	994	1.01141	0.00192708
1726	995	1.01141	0.00192708
1726	996	1.01141	0.00192708
1726	997	1.01141	0.00192708
1726	998	1.01141	0.00192708
1726	999	1.01141	0.00192708
1726	1000	1.01141	0.00192708
1726	1001	1.01141	0.00192708
1726	1002	1.01141	0.00192708
1726	1003	1.01141	0.00192708
1726	1004	1.01141	0.00192708
1726	1005	1.01141	0.00192708
1726	1006	1.01141	0.00192708
1726	1007	1.01141	0.00192708
1726	1008	1.01141	0.00192708
1726	1009	1.01141	0.00192708
1726	1010	1.01141	0.00192708
1726	1011	1.01141	0.00192708
1726	1012	1.01141	0.00192708
1726	1013	1.01141	0.00192708
1726	1014	1.01141	0.00192708
1726	1015	1.01141	0.00192708
1726	1016	1.01141	0.00192708
1726	1017	1.01141	0.00192708
1726	1018	1.01141	0.00192708
1726	1019	1.01141	0.00192708
1726	1020	1.01141	0.00192708
1726	1021	1.01141	0.00192708
1726	1022	1.01141	0.00192708
1726	1023	1.01141	0.00192708
1726	1024	1.01141	0.00192708
1726	1025	1.01141	0.00192708
1726	1026	1.01141	0.00192708
1726	1027	1.01141	0.00192708
1726	1028	1.01141	0.00192708
1726	1029	1.01141	0.00192708
1726	1030	1.01141	0.00192708
1726	1031	1.01141	0.00192708
1726	1032	1.01141	0.00192708
1726	1033	1.01141	0.00192708
1726	1034	1.01141	0.00192708
1726	1035	1.01141	0.00192708
1726	1036	1.01141	0.00192708
1726	1037	1.01141	0.00192708
1726	1038	1.01141	0.00192708
1726	1039	1.01141	0.00192708
1726	1040	1.01141	0.00192708
1726	1041	1.01141	0.00192708
1726	1042	1.01141	0.00192708
1726	1043	1.01141	0.00192708
1726	1044	1.01141	0.00192708
1726	1045	1.01141	0.00192708
1726	1046	1.01141	0.00192708
1726	1047	1.01141	0.00192708
1726	1048	1.01141	0.00192708
1726	1049	1.01141	0.00192708
1726	1050	1.01141	0.00192708
1726	1051	1.01141	0.00192708
1726	1052	1.01141	0.00192708
1726	1053	1.01141	0.00192708
1726	1054	1.01141	0.00192708
1726	1055	1.01141	0.00192708
1726	1056	1.01141	0.00192708
1726	1057	1.01141	0.00192708
1726	1058	1.01141	0.00192708
1726	1059	1.01141	0.00192708
1726	1060	1.01141	0.00192708
1726	1061	1.01141	0.00192708
1726	1062	1.01141	0.00192708
1726	1063	1.01141	0.00192708
1726	1064	1.01141	0.00192708
1726	1065	1.01141	0.00192708
1726	1066	1.01141	0.00192708
1726	1067	1.01141	0.00192708
1726	1068	1.01141	0.00192708
1726	1069	1.01141	0.00192708
1726	1070	1.01141	0.00192708
1726	1071	1.01141	0.00192708
1726	1072	1.01141	0.00192708
1726	1073	1.01141	0.00192708
1726	1074	1.01141	0.00192708
1726	1075	1.01141	0.00192708
1726	1076	1.01141	0.00192708
1726	1077	1.01141	0.00192708
1726	1078	1.01141	0.00192708
1726	1079	1.01141	0.00192708
1726	1080	1.01141	0.00192708
1726	1081	1.01141	0.00192708
1726	1082	1.01141	0.00192708
1726	1083	1.01141	0.00192708
1726	1084	1.01141	0.00192708
1726	1085	1.01141	0.00192708
1726	1086	1.01141	0.00192708
1726	1087	1.01141	0.00192708
1726	1088	1.01141	0.00192708
1726	1089	1.01141	0.00192708
1726	1090	1.01141	0.00192708
1726	1091	1.01141	0.00192708
1726	1092	1.01141	0.00192708
1726	1093	1.01141	0.00192708
1726	1094	1.01141	0.00192708
1726	1095	1.01141	0.00192708
1726	1096	1.01141	0.00192708
1726	1097	1.01141	0.00192708
1726	1098	1.01141	0.00192708
1726	1099	1.01141	0.00192708
1726	1100	1.01141	0.00192708
1726	1101	1.01141	0.00192708
1726	1102	1.01141	0.00192708
1726	1103	1.01141	0.00192708
1726	1104	1.01141	0.00192708
1726	1105	1.01141	0.00192708
1726	1106	1.01141	0.00192708
1726	1107	1.01141	0.00192708
1726	1108	1.01141	0.00192708
1726	1109	1.01141	0.00192708
1726	1110	1.01141	0.00192708
1726	1111	1.01141	0.00192708
1726	1112	1.01141	0.00192708
1726	1113	1.01141	0.00192708
1726	1114	1.01141	0.00192708
1726	1115	1.01141	0.00192708
1726	1116	1.01141	0.00192708
1726	1117	1.01141	0.00192708
1726	1118	1.01141	0.00192708
1726	1119	1.01141	0.00192708
1726	1120	1.01141	0.00192708
1726	1121	1.01141	0.00192708
1726	1122	1.01141	0.00192708
1726	1123	1.01141	0.00192708
1726	1124	1.01141	0.00192708
1726	1125	1.01141	0.00192708
1726	1126	1.01141	0.00192708
1726	1127	1.01141	0.00192708
1726	1128	1.01141	0.00192708
1726	1129	1.01141	0.00192708
1726	1130	1.01141	0.00192708
1726	1131	1.01141	0.00192708
1726	1132	1.01141	0.00192708
1726	1133	1.01141	0.00192708
1726	1134	1.01141	0.00192708
1726	1135	1.01141	0.00192708
1726	1136	1.01141	0.00192708
1726	1137	1.01141	0.00192708
1726	1138	1.01141	0.00192708
1726	1139	1.01141	0.00192708
1726	1140	1.01141	0.00192708
1726	1141	1.01141	0.00192708
1726	1142	1.01141	0.00192708
1726	1143	1.01141	0.00192708
1726	1144	1.01141	0.00192708
1726	1145	1.01141	0.00192708
1726	1146	1.01141	0.00192708
1726	1147	1.01141	0.00192708
1726	1148	1.01141	0.00192708
1726	1149	1.01141	0.00192708
1726	1150	1.01141	0.00192708
1726	1151	1.01141	0.00192708
1726	1152	1.01141	0.00192708
1726	1153	1.01141	0.00192708
1726	1154	1.01141	0.00192708
1726	1155	1.01141	0.00192708
1726	1156	1.01141	0.00192708
1726	1157	1.01141	0.00192708
1726	1158	1.01141	0.00192708
1726	1159	1.01141	0.00192708
1726	1160	1.01141	0.00192708
1726	1161	1.01141	0.00192708
1726	1162	1.01141	0.00192708
1726	1163	1.01141	0.00192708
1726	1164	1.01141	0.00192708
1726	1165	1.01141	0.00192708
1726	1166	1.01141	0.00192708
1726	1167	1.01141	0.00192708
1726	1168	1.01141	0.00192708
1726	1169	1.01141	0.00192708
1726	1170	1.01141	0.00192708
1726	1171	1.01141	0.00192708
1726	1172	1.01141	0.00192708
1726	1173	1.01141	0.00192708
1726	1174	1.01141	0.00192708
1726	1175	1.01141	0.00192708
1726	1176	1.01141	0.00192708
1726	1177	1.01141	0.00192708
1726	1178	1.01141	0.00192708
1726	1179	1.01141	0.00192708
1726	1180	1.01141	0.00192708
1726	1181	1.01141	0.00192708
1726	1182	1.01141	0.00192708
1726	1183	1.01141	0.00192708
1726	1184	1.01141	0.00192708
1726	1185	1.01141	0.00192708
1726	1186	1.01141	0.00192708
1726	1187	1.01141	0.00192708
1726	1188	1.01141	0.00192708
1726	1189	1.01141	0.00192708
1726	1190	1.01141	0.00192708
1726	1191	1.01141	0.00192708
1726	1192	1.01141	0.00192708
1726	1193	1.01141	0.00192708
1726	1194	1.01141	0.00192708
1726	1195	1.01141	0.00192708
1726	1196	1.01141	0.00192708
1726	1197	1.01141	0.00192708
1726	1198	1.01141	0.00192708
1726	1199	1.01141	0.00192708
1726	1200	1.01141	0.00192708
1726	1201	1.01141	0.00192708
1726	1202	1.01141	0.00192708
1726	1203	1.01141	0.00192708
1726	1204	1.01141	0.00192708
1726	1205	1.01141	0.00192708
1726	1206	1.01141	0.00192708
1726	1207	1.01141	0.00192708
1726	1208	1.01141	0.00192708
1726	1209	1.01141	0.00192708
1726	1210	1.01141	0.00192708
1726	1211	1.01141	0.00192708
1726	1212	1.01141	0.00192708
1726	1213	1.01141	0.00192708
1726	1214	1.01141	0.00192708
1726	1215	1.01141	0.00192708
1726	1216	1.01141	0.00192708
1726	1217	1.01141	0.00192708
1726	1218	1.01141	0.00192708
1726	1219	1.01141	0.00192708
1726	1220	1.01141	0.00192708
1726	1221	1.01141	0.00192708
1726	1222	1.01141	0.00192708
1726	1223	1.01141	0.00192708
1726	1224	1.01141	0.00192708
1726	1225	1.01141	0.00192708
1726	1226	1.01141	0.00192708
1726	1227	1.01141	0.00192708
1726	1228	1.01141	0.00192708
1726	1229	1.01141	0.00192708
1726	1230	1.01141	0.00192708
1726	1231	1.01141	0.00192708
1726	1232	1.01141	0.00192708
1726	1233	1.01141	0.00192708
1726	1234	1.01141	0.00192708
1726	1235	1.01141	0.00192708
1726	1236	1.01141	0.00192708
1726	1237	1.01141	0.00192708
1726	1238	1.01141	0.00192708
1726	1239	1.01141	0.00192708
1726	1240	1.01141	0.00192708
1726	1241	1.01141	0.00192708
1726	1242	1.01141	0.00192708
1726	1243	1.01141	0.00192708
1726	1244	1.01141	0.00192708
1726	1245	1.01141	0.00192708
1726	1246	1.01141	0.00192708
1726	1247	1.01141	0.00192708
1726	1248	1.01141	0.00192708
1726	1249	1.01141	0.00192708
1726	1250	1.01141	0.00192708
1726	1251	1.01141	0.00192708
1726	1252	1.01141	0.00192708
1726	1253	1.01141	0.00192708
1726	1254	1.01141	0.00192708
1726	1255	1.01141	0.00192708
1726	1256	1.01141	0.00192708
1726	1257	1.01141	0.00192708
1726	1258	1.01141	0.00192708
1726	1259	1.01141	0.00192708
1726	1260	1.01141	0.00192708
1726	1261	1.01141	0.00192708
1726	1262	1.01141	0.00192708
1726	1263	1.01141	0.00192708
1726	1264	1.01141	0.00192708
1726	1265	1.01141	0.00192708
1726	1266	1.01141	0.00192708
1726	1267	1.01141	0.00192708
1726	1268	1.01141	0.00192708
1726	1269	1.01141	0.00192708
1726	1270	1.01141	0.00192708
1726	1271	1.01141	0.00192708
1726	1272	1.01141	0.00192708
1726	1273	1.01141	0.00192708
1726	1274	1.01141	0.00192708
1726	1275	1.01141	0.00192708
1726	1276	1.01141	0.00192708
1726	1277	1.01141	0.00192708
1726	1278	1.01141	0.00192708
1726	1279	1.01141	0.00192708
1726	1280	1.01141	0.00192708
1726	1281	1.01141	0.00192708
1726	1282	1.01141	0.00192708
1726	1283	1.01141	0.00192708
1726	1284	1.01141	0.00192708
1726	1285	1.01141	0.00192708
1726	1286	1.01141	0.00192708
1726	1287	1.01141	0.00192708
1726	1288	1.01141	0.00192708
1726	1289	1.01141	0.00192708
1726	1290	1.01141	0.00192708
1726	1291	1.01141	0.00192708
1726	1292	1.01141	0.00192708
1726	1293	1.01141	0.00192708
1726	1294	1.01141	0.00192708
1726	1295	1.01141	0.00192708
1726	1296	1.01141	0.00192708
1726	1297	1.01141	0.00192708
1726	1298	1.01141	0.00192708
1726	1299	1.01141	0.00192708
1726	1300	1.01141	0.00192708
1726	1301	1.01141	0.00192708
1726	1302	1.01141	0.00192708
1726	1303	1.01141	0.00192708
1726	1304	1.01141	0.00192708
1726	1305	1.01141	0.00192708
1726	1306	1.01141	0.00192708
1726	1307	1.01141	0.00192708
1726	1308	1.01141	0.00192708
1726	1309	1.01141	0.00192708
1726	1310	1.01141	0.00192708
1726	1311	1.01141	0.00192708
1726	1312	1.01141	0.00192708
1726	1313	1.01141	0.00192708
1726	1314	1.01141	0.00192708
1726	1315	1.01141	0.00192708
1726	1316	1.01141	0.00192708
1726	1317	1.01141	0.00192708
1726	1318	1.01141	0.00192708
1726	1319	1.01141	0.00192708
1726	1320	1.01141	0.00192708
1726	1321	1.01141	0.00192708
1726	1322	1.01141	0.00192708
1726	1323	1.01141	0.00192708
1726	1324	1.01141	0.00192708
1726	1325	1.01141	0.00192708
1726	1326	1.01141	0.00192708
1726	1327	1.01141	0.00192708
1726	1328	1.01141	0.00192708
1726	1329	1.01141	0.00192708
1726	1330	1.01141	0.00192708
1726	1331	1.01141	0.00192708
1726	1332	1.01141	0.00192708
1726	1333	1.01141	0.00192708
1726	1334	1.01141	0.00192708
1726	1335	1.01141	0.00192708
1726	1336	1.01141	0.00192708
1726	1337	1.01141	0.00192708
1726	1338	1.01141	0.00192708
1726	1339	1.01141	0.00192708
1726	1340	1.01141	0.00192708
1726	1341	1.01141	0.00192708
1726	1342	1.01141	0.00192708
1726	1343	1.01141	0.00192708
1726	1344	1.01141	0.00192708
1726	1345	1.01141	0.00192708
1726	1346	1.01141	0.00192708
1726	1347	1.01141	0.00192708
1726	1348	1.01141	0.00192708
1726	1349	1.01141	0.00192708
1726	1350	1.01141	0.00192708
1726	1351	1.01141	0.00192708
1726	1352	1.01141	0.00192708
1726	1353	1.01141	0.00192708
1726	1354	1.01141	0.00192708
1726	1355	1.01141	0.00192708
1726	1356	1.01141	0.00192708
1726	1357	1.01141	0.00192708
1726	1358	1.01141	0.00192708
1726	1359	1.01141	0.00192708
1726	1360	1.01141	0.00192708
1726	1361	1.01141	0.00192708
1726	1362	1.01141	0.00192708
1726	1363	1.01141	0.00192708
1726	1364	1.01141	0.00192708
1726	1365	1.01141	0.00192708
1726	1366	1.01141	0.00192708
1726	1367	1.01141	0.00192708
1726	1368	1.01141	0.00192708
1726	1369	1.01141	0.00192708
1726	1370	1.01141	0.00192708
1726	1371	1.01141	0.00192708
1726	1372	1.01141	0.00192708
1726	1373	1.01141	0.00192708
1726	1374	1.01141	0.00192708
1726	1375	1.01141	0.00192708
1726	1376	1.01141	0.00192708
1726	1377	1.01141	0.00192708
1726	1378	1.01141	0.00192708
1726	1379	1.01141	0.00192708
1726	1380	1.01141	0.00192708
1726	1381	1.01141	0.00192708
1726	1382	1.01141	0.00192708
1726	1383	1.01141	0.00192708
1726	1384	1.01141	0.00192708
1726	1385	1.01141	0.00192708
1726	1386	1.01141	0.00192708
1726	1387	1.01141	0.00192708
1726	1388	1.01141	0.00192708
1726	1389	1.01141	0.00192708
1726	1390	1.01141	0.00192708
1726	1391	1.01141	0.00192708
1726	1392	1.01141	0.00192708
1726	1393	1.01141	0.00192708
1726	1394	1.01141	0.00192708
1726	1395	1.01141	0.00192708
1726	1396	1.01141	0.00192708
1726	1397	1.01141	0.00192708
1726	1398	1.01141	0.00192708
1726	1399	1.01141	0.00192708
1726	1400	1.01141	0.00192708
1726	1401	1.01141	0.00192708
1726	1402	1.01141	0.00192708
1726	1403	1.01141	0.00192708
1726	1404	1.01141	0.00192708
1726	1405	1.01141	0.00192708
1726	1406	1.01141	0.00192708
1726	1407	1.01141	0.00192708
1726	1408	1.01141	0.00192708
1726	1409	1.01141	0.00192708
1726	1410	1.01141	0.00192708
1726	1411	1.01141	0.00192708
1726	1412	1.01141	0.00192708
1726	1413	1.01141	0.00192708
1726	1414	1.01141	0.00192708
1726	1415	1.01141	0.00192708
1726	1416	1.01141	0.00192708
1726	1417	1.01141	0.00192708
1726	1418	1.01141	0.00192708
1726	1419	1.01141	0.00192708
1726	1420	1.01141	0.00192708
1726	1421	1.01141	0.00192708
1726	1422	1.01141	0.00192708
1726	1423	1.01141	0.00192708
1726	1424	1.01141	0.00192708
1726	1425	1.01141	0.00192708
1726	1426	1.01141	0.00192708
1726	1427	1.01141	0.00192708
1726	1428	1.01141	0.00192708
1726	1429	1.01141	0.00192708
1726	1430	1.01141	0.00192708
1726	1431	1.01141	0.00192708
1726	1432	1.01141	0.00192708
1726	1433	1.01141	0.00192708
1726	1434	1.01141	0.00192708
1726	1435	1.01141	0.00192708
1726	1436	1.01141	0.00192708
1726	1437	1.01141	0.00192708
1726	1438	1.01141	0.00192708
1726	1439	1.01141	0.00192708
1726	1440	1.01141	0.00192708
1726	1441	1.01141	0.00192708
1726	1442	1.01141	0.00192708
1726	1443	1.01141	0.00192708
1726	1444	1.01141	0.00192708
1726	1445	1.01141	0.00192708
1726	1446	1.01141	0.00192708
1726	1447	1.01141	0.00192708
1726	1448	1.01141	0.00192708
1726	1449	1.01141	0.00192708
1726	1450	1.01141	0.00192708
1726	1451	1.01141	0.00192708
1726	1452	1.01141	0.00192708
1726	1453	1.01141	0.00192708
1726	1454	1.01141	0.00192708
1726	1455	1.01141	0.00192708
1726	1456	1.01141	0.00192708
1726	1457	1.01141	0.00192708
1726	1458	1.01141	0.00192708
1726	1459	1.01141	0.00192708
1726	1460	1.01141	0.00192708
1726	1461	1.01141	0.00192708
1726	1462	1.01141	0.00192708
1726	1463	1.01141	0.00192708
1726	1464	1.01141	0.00192708
1726	1465	1.01141	0.00192708
1726	1466	1.01141	0.00192708
1726	1467	1.01141	0.00192708
1726	1468	1.01141	0.00192708
1726	1469	1.01141	0.00192708
1726	1470	1.01141	0.00192708
1726	1471	1.01141	0.00192708
1726	1472	1.01141	0.00192708
1726	1473	1.01141	0.00192708
1726	1474	1.01141	0.00192708
1726	1475	1.01141	0.00192708
1726	1476	1.01141	0.00192708
1726	1477	1.01141	0.00192708
1726	1478	1.01141	0.00192708
1726	1479	1.01141	0.00192708
1726	1480	1.01141	0.00192708
1726	1481	1.01141	0.00192708
1726	1482	1.01141	0.00192708
1726	1483	1.01141	0.00192708
1726	1484	1.01141	0.00192708
1726	1485	1.01141	0.00192708
1726	1486	1.01141	0.00192708
1726	1487	1.01141	0.00192708
1726	1488	1.01141	0.00192708
1726	1489	1.01141	0.00192708
1726	1490	1.01141	0.00192708
1726	1491	1.01141	0.00192708
1726	1492	1.01141	0.00192708
1726	1493	1.01141	0.00192708
1726	1494	1.01141	0.00192708
1726	1495	1.01141	0.00192708
1726	1496	1.01141	0.00192708
1726	1497	1.01141	0.00192708
1726	1498	1.01141	0.00192708
1726	1499	1.01141	0.00192708
1726	1500	1.01141	0.00192708
1726	1501	1.01141	0.00192708
1726	1502	1.01141	0.00192708
1726	1503	1.01141	0.00192708
1726	1504	1.01141	0.00192708
1726	1505	1.01141	0.00192708
1726	1506	1.01141	0.00192708
1726	1507	1.01141	0.00192708
1726	1508	1.01141	0.00192708
1726	1509	1.01141	0.00192708
1726	1510	1.01141	0.00192708
1726	1511	1.01141	0.00192708
1726	1512	1.01141	0.00192708
1726	1513	1.01141	0.00192708
1726	1514	1.01141	0.00192708
1726	1515	1.01141	0.00192708
1726	1516	1.01141	0.00192708
1726	1517	1.01141	0.00192708
1726	1518	1.01141	0.00192708
1726	1519	1.01141	0.00192708
1726	1520	1.01141	0.00192708
1726	1521	1.01141	0.00192708
1726	1522	1.01141	0.00192708
1726	1523	1.01141	0.00192708
1726	1524	1.01141	0.00192708
1726	1525	1.01141	0.00192708
1726	1526	1.01141	0.00192708
1726	1527	1.01141	0.00192708
1726	1528	1.01141	0.00192708
1726	1529	1.01141	0.00192708
1726	1530	1.01141	0.00192708
1726	1531	1.01141	0.00192708
1726	1532	1.01141	0.00192708
1726	1533	1.01141	0.00192708
1726	1534	1.01141	0.00192708
1726	1535	1.01141	0.00192708
1726	1536	1.01141	0.00192708
1726	1537	1.01141	0.00192708
1726	1538	1.01141	0.00192708
1726	1539	1.01141	0.00192708
1726	1540	1.01141	0.00192708
1726	1541	1.01141	0.00192708
1726	1542	1.01141	0.00192708
1726	1543	1.01141	0.00192708
1726	1544	1.01141	0.00192708
1726	1545	1.01141	0.00192708
1726	1546	1.01141	0.00192708
1726	1547	1.01141	0.00192708
1726	1548	1.01141	0.00192708
1726	1549	1.01141	0.00192708
1726	1550	1.01141	0.00192708
1726	1551	1.01141	0.00192708
1726	1552	1.01141	0.00192708
1726	1553	1.01141	0.00192708
1726	1554	1.01141	0.00192708
1726	1555	1.01141	0.00192708
1726	1556	1.01141	0.00192708
1726	1557	1.01141	0.00192708
1726	1558	1.01141	0.00192708
1726	1559	1.01141	0.00192708
1726	1560	1.01141	0.00192708
1726	1561	1.01141	0.00192708
1726	1562	1.01141	0.00192708
1726	1563	1.01141	0.00192708
1726	1564	1.01141	0.00192708
1726	1565	1.01141	0.00192708
1726	1566	1.01141	0.00192708
1726	1567	1.01141	0.00192708
1726	1568	1.01141	0.00192708
1726	1569	1.01141	0.00192708
1726	1570	1.01141	0.00192708
1726	1571	1.01141	0.00192708
1726	1572	1.01141	0.00192708
1726	1573	1.01141	0.00192708
1726	1574	1.01141	0.00192708
1726	1575	1.01141	0.00192708
1726	1576	1.01141	0.00192708
1726	1577	1.01141	0.00192708
1726	1578	1.01141	0.00192708
1726	1579	1.01141	0.00192708
1726	1580	1.01141	0.00192708
1726	1581	1.01141	0.00192708
1726	1582	1.01141	0.00192708
1726	1583	1.01141	0.00192708
1726	1584	1.01141	0.00192708
1726	1585	1.01141	0.00192708
1726	1586	1.01141	0.00192708
1726	1587	1.01141	0.00192708
1726	1588	1.01141	0.00192708
1726	1589	1.01141	0.00192708
1726	1590	1.01141	0.00192708
1726	1591	1.01141	0.00192708
1726	1592	1.01141	0.00192708
1726	1593	1.01141	0.00192708
1726	1594	1.01141	0.00192708
1726	1595	1.01141	0.00192708
1726	1596	1.01141	0.00192708
1726	1597	1.01141	0.00192708
1726	1598	1.01141	0.00192708
1726	1599	1.01141	0.00192708
1726	1600	1.01141	0.00192708
1726	1601	1.01141	0.00192708
1726	1602	1.01141	0.00192708
1726	1603	1.01141	0.00192708
1726	1604	1.01141	0.00192708
1726	1605	1.01141	0.00192708
1726	1606	1.01141	0.00192708
1726	1607	1.01141	0.00192708
1726	1608	1.01141	0.00192708
1726	1609	1.01141	0.00192708
1726	1610	1.01141	0.00192708
1726	1611	1.01141	0.00192708
1726	1612	1.01141	0.00192708
1726	1613	1.01141	0.00192708
1726	1614	1.01141	0.00192708
1726	1615	1.01141	0.00192708
1726	1616	1.01141	0.00192708
1726	1617	1.01141	0.00192708
1726	1618	1.01141	0.00192708
1726	1619	1.01141	0.00192708
1726	1620	1.01141	0.00192708
1726	1621	1.01141	0.00192708
1726	1622	1.01141	0.00192708
1726	1623	1.01141	0.00192708
1726	1624	1.01141	0.00192708
1726	1625	1.01141	0.00192708
1726	1626	1.01141	0.00192708
1726	1627	1.01141	0.00192708
1726	1628	1.01141	0.00192708
1726	1629	1.01141	0.00192708
1726	1630	1.01141	0.00192708
1726	1631	1.01141	0.00192708
1726	1632	1.01141	0.00192708
1726	1633	1.01141	0.00192708
1726	1634	1.01141	0.00192708
1726	1635	1.01141	0.00192708
1726	1636	1.01141	0.00192708
1726	1637	1.01141	0.00192708
1726	1638	1.01141	0.00192708
1726	1639	1.01141	0.00192708
1726	1640	1.01141	0.00192708
1726	1641	1.01141	0.00192708
1726	1642	1.01141	0.00192708
1726	1643	1.01141	0.00192708
1726	1644	1.01141	0.00192708
1726	1645	1.01141	0.00192708
1726	1646	1.01141	0.00192708
1726	1647	1.01141	0.00192708
1726	1648	1.01141	0.00192708
1726	1649	1.01141	0.00192708
1726	1650	1.01141	0.00192708
1726	1651	1.01141	0.00192708
1726	1652	1.01141	0.00192708
1726	1653	1.01141	0.00192708
1726	1654	1.01141	0.00192708
1726	1655	1.01141	0.00192708
1726	1656	1.01141	0.00192708
1726	1657	1.01141	0.00192708
1726	1658	1.01141	0.00192708
1726	1659	1.01141	0.00192708
1726	1660	1.01141	0.00192708
1726	1661	1.01141	0.00192708
1726	1662	1.01141	0.00192708
1726	1663	1.01141	0.00192708
1726	1664	1.01141	0.00192708
1726	1665	1.01141	0.00192708
1726	1666	1.01141	0.00192708
1726	1667	1.01141	0.00192708
1726	1668	1.01141	0.00192708
1726	1669	1.01141	0.00192708
1726	1670	1.01141	0.00192708
1726	1671	1.01141	0.00192708
1726	1672	1.01141	0.00192708
1726	1673	1.01141	0.00192708
1726	1674	1.01141	0.00192708
1726	1675	1.01141	0.00192708
1726	1676	1.01141	0.00192708
1726	1677	1.01141	0.00192708
1726	1678	1.01141	0.00192708
1726	1679	1.01141	0.00192708
1726	1680	1.01141	0.00192708
1726	1681	1.01141	0.00192708
1726	1682	1.01141	0.00192708
1726	1683	1.01141	0.00192708
1726	1684	1.01141	0.00192708
1726	1685	1.01141	0.00192708
1726	1686	1.01141	0.00192708
1726	1687	1.01141	0.00192708
1726	1688	1.01141	0.00192708
1726	1689	1.01141	0.00192708
1726	1690	1.01141	0.00192708
1726	1691	1.01141	0.00192708
1726	1692	1.01141	0.00192708
1726	1693	1.01141	0.00192708
1726	1694	1.01141	0.00192708
1726	1695	1.01141	0.00192708
1726	1696	1.01141	0.00192708
1726	1697	1.01141	0.00192708
1726	1698	1.01141	0.00192708
1726	1699	1.01141	0.00192708
1726	1700	1.01141	0.00192708
1726	1701	1.01141	0.00192708
1726	1702	1.01141	0.00192708
1726	1703	1.01141	0.00192708
1726	1704	1.01141	0.00192708
1726	1705	1.01141	0.00192708
1726	1706	1.01141	0.00192708
1726	1707	1.01141	0.00192708
1726	1708	1.01141	0.00192708
1726	1709	1.01141	0.00192708
1726	1710	1.01141	0.00192708
1726	1711	1.01141	0.00192708
1726	1712	1.01141	0.00192708
1726	1713	1.01141	0.00192708
1726	1714	1.01141	0.00192708
1726	1715	1.01141	0.00192708
1726	1716	1.01141	0.00192708
1726	1717	1.01141	0.00192708
1726	1718	1.01141	0.00192708
1726	1719	1.01141	0.00192708
1726	1720	1.01141	0.00192708
1726	1721	1.01141	0.00192708
1726	1722	1.01141	0.00192708
1726	1723	1.01141	0.00192708
1726	1724	1.01141	0.00192708
1726	1725	1.01141	0.00192708
1726	1726	1.01141	0.00192708
1726	1727	1.01141	0.00192708
1726	1728	1.01141	0.00192708
1726	1729	1.01141	0.00192708
1726	1730	1.01141	0.00192708
1726	1731	1.01141	0.00192708
1726	1732	1.01141	0.00192708
1726	1733	1.01141	0.00192708
1726	1734	1.01141	0.00192708
1726	1735	1.01141	0.00192708
1726	1736	1.01141	0.00192708
1726	1737	1.01141	0.00192708
1726	1738	1.01141	0.00192708
1726	1739	1.01141	0.00192708
1726	1740	1.01141	0.00192708
1726	1741	1.01141	0.00192708
1726	1742	1.01141	0.00192708
1726	1743	1.01141	0.00192708
1726	1744	1.01141	0.00192708
1726	1745	1.01141	0.00192708
1726	1746	1.01141	0.00192708
1726	1747	1.01141	0.00192708
1726	1748	1.01141	0.00192708
1726	1749	1.01141	0.00192708
1726	1750	1.01141	0.00192708
1726	1751	1.01141	0.00192708
1726	1752	1.01141	0.00192708
1726	1753	1.01141	0.00192708
1726	1754	1.01141	0.00192708
1726	1755	1.01141	0.00192708
1726	1756	1.01141	0.00192708
1726	1757	1.01141	0.00192708
1726	1758	1.01141	0.00192708
1726	1759	1.01141	0.00192708
1726	1760	1.01141	0.00192708
1726	1761	1.01141	0.00192708
1726	1762	1.01141	0.00192708
1726	1763	1.01141	0.00192708
1726	1764	1.01141	0.00192708
1726	1765	1.01141	0.00192708
1726	1766	1.01141	0.00192708
1726	1767	1.01141	0.00192708
1726	1768	1.01141	0.00192708
1726	1769	1.01141	0.00192708
1726	1770	1.01141	0.00192708
1726	1771	1.01141	0.00192708
1726	1772	1.01141	0.00192708
1726	1773	1.01141	0.00192708
1726	1774	1.01141	0.00192708
1726	1775	1.01141	0.00192708
1726	1776	1.01141	0.00192708
1726	1777	1.01141	0.00192708
1726	1778	1.01141	0.00192708
1726	1779	1.01141	0.00192708
1726	1780	1.01141	0.00192708
1726	1781	1.01141	0.00192708
1726	1782	1.01141	0.00192708
1726	1783	1.01141	0.00192708
1726	1784	1.01141	0.00192708
1726	1785	1.01141	0.00192708
1726	1786	1.01141	0.00192708
1726	1787	1.01141	0.00192708
1726	1788	1.01141	0.00192708
1726	1789	1.01141	0.00192708
1726	1790	1.01141	0.00192708
1726	1791	1.01141	0.00192708
1726	1792	1.01141	0.00192708
1726	1793	1.01141	0.00192708
1726	1794	1.01141	0.00192708
1726	1795	1.01141	0.00192708
1726	1796	1.01141	0.00192708
1726	1797	1.01141	0.00192708
1726	1798	1.01141	0.00192708
1726	1799	1.01141	0.00192708
1726	1800	1.01141	0.00192708
1726	1801	1.01141	0.00192708
1726	1802	1.01141	0.00192708
1726	1803	1.01141	0.00192708
1726	1804	1.01141	0.00192708
1726	1805	1.01141	0.00192708
1726	1806	1.01141	0.00192708
1726	1807	1.01141	0.00192708
1726	1808	1.01141	0.00192708
1726	1809	1.01141	0.00192708
1726	1810	1.01141	0.00192708
1726	1811	1.01141	0.00192708
1726	1812	1.01141	0.00192708
1726	1813	1.01141	0.00192708
1726	1814	1.01141	0.00192708
1726	1815	1.01141	0.00192708
1726	1816	1.01141	0.00192708
1726	1817	1.01141	0.00192708
1726	1818	1.01141	0.00192708
1726	1819	1.01141	0.00192708
1726	1820	1.01141	0.00192708
1726	1821	1.01141	0.00192708
1726	1822	1.01141	0.00192708
1726	1823	1.01141	0.00192708
1726	1824	1.01141	0.00192708
1726	1825	1.01141	0.00192708
1726	1826	1.01141	0.00192708
1726	1827	1.01141	0.00192708
1726	1828	1.01141	0.00192708
1726	1829	1.01141	0.00192708
1726	1830	1.01141	0.00192708
1726	1831	1.01141	0.00192708
1726	1832	1.01141	0.00192708
1726	1833	1.01141	0.00192708
1726	1834	1.01141	0.00192708
1726	1835	1.01141	0.00192708
1726	1836	1.01141	0.00192708
1726	1837	1.01141	0.00192708
1726	1838	1.01141	0.00192708
1726	1839	1.01141	0.00192708
1726	1840	1.01141	0.00192708
1726	1841	1.01141	0.00192708
1726	1842	1.01141	0.00192708
1726	1843	1.01141	0.00192708
1726	1844	1.01141	0.00192708
1726	1845	1.01141	0.00192708
1726	1846	1.01141	0.00192708
1726	1847	1.01141	0.00192708
1726	1848	1.01141	0.00192708
1726	1849	1.01141	0.00192708
1726	1850	1.01141	0.00192708
1726	1851	1.01141	0.00192708
1726	1852	1.01141	0.00192708
1726	1853	1.01141	0.00192708
1726	1854	1.01141	0.00192708
1726	1855	1.01141	0.00192708
1726	1856	1.01141	0.00192708
1726	1857	1.01141	0.00192708
1726	1858	1.01141	0.00192708
1726	1859	1.01141	0.00192708
1726	1860	1.01141	0.00192708
1726	1861	1.01141	0.00192708
1726	1862	1.01141	0.00192708
1726	1863	1.01141	0.00192708
1726	1864	1.01141	0.00192708
1726	1865	1.01141	0.00192708
1726	1866	1.01141	0.00192708
1726	1867	1.01141	0.00192708
1726	1868	1.01141	0.00192708
1726	1869	1.01141	0.00192708
1726	1870	1.01141	0.00192708
1726	1871	1.01141	0.00192708
1726	1872	1.01141	0.00192708
1726	1873	1.01141	0.00192708
1726	1874	1.01141	0.00192708
1726	1875	1.01141	0.00192708
1726	1876	1.01141	0.00192708
1726	1877	1.01141	0.00192708
1726	1878	1.01141	0.00192708
1726	1879	1.01141	0.00192708
1726	1880	1.01141	0.00192708
1726	1881	1.01141	0.00192708
1726	1882	1.01141	0.00192708
1726	1883	1.01141	0.00192708
1726	1884	1.01141	0.00192708
1726	1885	1.01141	0.00192708
1726	1886	1.01141	0.00192708
1726	1887	1.01141	0.00192708
1726	1888	1.01141	0.00192708
1726	1889	1.01141	0.00192708
1726	1890	1.01141	0.00192708
1726	1891	1.01141	0.00192708
1726	1892	1.01141	0.00192708
1726	1893	1.01141	0.00192708
1726	1894	1.01141	0.00192708
1726	1895	1.01141	0.00192708
1726	1896	1.01141	0.00192708
1726	1897	1.01141	0.00192708
1726	1898	1.01141	0.00192708
1726	1899	1.01141	0.00192708
1726	1900	1.01141	0.00192708
1726	1901	1.01141	0.00192708
1726	1902	1.01141	0.00192708
1726	1903	1.01141	0.00192708
1726	1904	1.01141	0.00192708
1726	1905	1.01141	0.00192708
1726	1906	1.01141	0.00192708
1726	1907	1.01141	0.00192708
1726	1908	1.01141	0.00192708
1726	1909	1.01141	0.00192708
1726	1910	1.01141	0.00192708
1726	1911	1.01141	0.00192708
1726	1912	1.01141	0.00192708
1726	1913	1.01141	0.00192708
1726	1914	1.01141	0.00192708
1726	1915	1.01141	0.00192708
1726	1916	1.01141	0.00192708
1726	1917	1.01141	0.00192708
1726	1918	1.01141	0.00192708
1726	1919	1.01141	0.00192708
1726	1920	1.01141	0.00192708
1726	1921	1.01141	0.00192708
1726	1922	1.01141	0.00192708
1726	1923	1.01141	0.00192708
1726	1924	1.01141	0.00192708
1726	1925	1.01141	0.00192708
1726	1926	1.01141	0.00192708
1726	1927	1.01141	0.00192708
1726	1928	1.01141	0.00192708
1726	1929	1.01141	0.00192708
1726	1930	1.01141	0.00192708
1726	1931	1.01141	0.00192708
1726	1932	1.01141	0.00192708
1726	1933	1.01141	0.00192708
1726	1934	1.01141	0.00192708
1726	1935	1.01141	0.00192708
1726	1936	1.01141	0.00192708
1726	1937	1.01141	0.00192708
1726	1938	1.01141	0.00192708
1726	1939	1.01141	0.00192708
1726	1940	1.01141	0.00192708
1726	1941	1.01141	0.00192708
1726	1942	1.01141	0.00192708
1726	1943	1.01141	0.00192708
1726	1944	1.01141	0.00192708
1726	1945	1.01141	0.00192708
1726	1946	1.01141	0.00192708
1726	1947	1.01141	0.00192708
1726	1948	1.01141	0.00192708
1726	1949	1.01141	0.00192708
1726	1950	1.01141	0.00192708
1726	1951	1.01141	0.00192708
1726	1952	1.01141	0.00192708
1726	1953	1.01141	0.00192708
1726	1954	1.01141	0.00192708
1726	1955	1.01141	0.00192708
1726	1956	1.01141	0.00192708
1726	1957	1.01141	0.00192708
1726	1958	1.01141	0.00192708
1726	1959	1.01141	0.00192708
1726	1960	1.01141	0.00192708
1726	1961	1.01141	0.00192708
1726	1962	1.01141	0.00192708
1726	1963	1.01141	0.00192708
1726	1964	1.01141	0.00192708
1726	1965	1.01141	0.00192708
1726	1966	1.01141	0.00192708
1726	1967	1.01141	0.00192708
1726	1968	1.01141	0.00192708
1726	1969	1.01141	0.00192708
1726	1970	1.01141	0.00192708
1726	1971	1.01141	0.00192708
1726	1972	1.01141	0.00192708
1726	1973	1.01141	0.00192708
1726	1974	1.01141	0.00192708
1726	1975	1.01141	0.00192708
1726	1976	1.01141	0.00192708
1726	1977	1.01141	0.00192708
1726	1978	1.01141	0.00192708
1726	1979	1.01141	0.00192708
1726	1980	1.01141	0.00192708
1726	1981	1.01141	0.00192708
1726	1982	1.01141	0.00192708
1726	1983	1.01141	0.00192708
1726	1984	1.01141	0.00192708
1726	1985	1.01141	0.00192708
1726	1986	1.01141	0.00192708
1726	1987	1.01141	0.00192708
1726	1988	1.01141	0.00192708
1726	1989	1.01141	0.00192708
1726	1990	1.01141	0.00192708
1726	1991	1.01141	0.00192708
1726	1992	1.01141	0.00192708
1726	1993	1.01141	0.00192708
1726	1994	1.01141	0.00192708
1726	1995	1.01141	0.00192708
1726	1996	1.01141	0.00192708
1726	1997	1.01141	0.00192708
1726	1998	1.01141	0.00192708
1726	1999	1.01141	0.00192708
1726	2000	1.01141	0.00192708
1726	2001	1.01141	0.00192708
1726	2002	1.01141	0.00192708
1726	2003	1.01141	0.00192708
1726	2004	1.01141	0.00192708
1726	2005	1.01141	0.00192708
1726	2006	1.01141	0.00192708
1726	2007	1.01141	0.00192708
1726	2008	1.01141	0.00192708
1726	2009	1.01141	0.00192708
1726	2010	1.01141	0.00192708
1726	2011	1.01141	0.00192708
1726	2012	1.01141	0.00192708
1726	2013	1.01141	0.00192708
1726	2014	1.01141	0.00192708
1726	2015	1.01141	0.00192708
1726	2016	1.01141	0.00192708
1726	2017	1.01141	0.00192708
1726	2018	1.01141	0.00192708
1726	2019	1.01141	0.00192708
1726	2020	1.01141	0.00192708
1726	2021	1.01141	0.00192708
1726	2022	1.01141	0.00192708
1726	2023	1.01141	0.00192708
1726	2024	1.01141	0.00192708
1726	2025	1.01141	0.00192708
1726	2026	1.01141	0.00192708
1726	2027	1.01141	0.00192708
1726	2028	1.01141	0.00192708
1726	2029	1.01141	0.00192708
1726	2030	1.01141	0.00192708
1726	2031	1.01141	0.00192708
1726	2032	1.01141	0.00192708
1726	2033	1.01141	0.00192708
1726	2034	1.01141	0.00192708
1726	2035	1.01141	0.00192708
1726	2036	1.01141	0.00192708
1726	2037	1.01141	0.00192708
1726	2038	1.01141	0.00192708
1726	2039	1.01141	0.00192708
1726	2040	1.01141	0.00192708
1726	2041	1.01141	0.00192708
1726	2042	1.01141	0.00192708
1726	2043	1.01141	0.00192708
1726	2044	1.01141	0.00192708
1726	2045	1.01141	0.00192708
1726	2046	1.01141	0.00192708
1726	2047	1.01141	0.00192708
1726	2048	1.01141	0.00192708
1726	2049	1.01141	0.00192708
1726	2050	1.01141	0.00192708
1726	2051	1.01141	0.00192708
1726	2052	1.01141	0.00192708
1726	2053	1.01141	0.00192708
1726	2054	1.01141	0.00192708
1726	2055	1.01141	0.00192708
1726	2056	1.01141	0.00192708
1726	2057	1.01141	0.00192708
1726	2058	1.01141	0.00192708
1726	2059	1.01141	0.00192708
1726	2060	1.01141	0.00192708
1726	2061	1.01141	0.00192708
1726	2062	1.01141	0.00192708
1726	2063	1.01141	0.00192708
1726	2064	1.01141	0.00192708
1726	2065	1.01141	0.00192708
1726	2066	1.01141	0.00192708
1726	2067	1.01141	0.00192708
1726	2068	1.01141	0.00192708
1726	2069	1.01141	0.00192708
1726	2070	1.01141	0.00192708
1726	2071	1.01141	0.00192708
1726	2072	1.01141	0.00192708
1726	2073	1.01141	0.00192708
1726	2074	1.01141	0.00192708
1726	2075	1.01141	0.00192708
1726	2076	1.01141	0.00192708
1726	2077	1.01141	0.00192708
1726	2078	1.01141	0.00192708
1726	2079	1.01141	0.00192708
1726	2080	1.01141	0.00192708
1726	2081	1.01141	0.00192708
1726	2082	1.01141	0.00192708
1726	2083	1.01141	0.00192708
1726	2084	1.01141	0.00192708
1726	2085	1.01141	0.00192708
1726	2086	1.01141	0.00192708
1726	2087	1.01141	0.00192708
1726	2088	1.01141	0.00192708
1726	2089	1.01141	0.00192708
1726	2090	1.01141	0.00192708
1726	2091	1.01141	0.00192708
1726	2092	1.01141	0.00192708
1726	2093	1.01141	0.00192708
1726	2094	1.01141	0.00192708
1726	2095	1.01141	0.00192708
1726	2096	1.01141	0.00192708
1726	2097	1.01141	0.00192708
1726	2098	1.01141	0.00192708
1726	2099	1.01141	0.00192708
1726	2100	1.01141	0.00192708
1726	2101	1.01141	0.00192708
1726	2102	1.01141	0.00192708
1726	2103	1.01141	0.00192708
1726	2104	1.01141	0.00192708
1726	2105	1.01141	0.00192708
1726	2106	1.01141	0.00192708
1726	2107	1.01141	0.00192708
1726	2108	1.01141	0.00192708
1726	2109	1.01141	0.00192708
1726	2110	1.01141	0.00192708
1726	2111	1.01141	0.00192708
1726	2112	1.01141	0.00192708
1726	2113	1.01141	0.00192708
1726	2114	1.01141	0.00192708
1726	2115	1.01141	0.00192708
1726	2116	1.01141	0.00192708
1726	2117	1.01141	0.00192708
1726	2118	1.01141	0.00192708
1726	2119	1.01141	0.00192708
1726	2120	1.01141	0.00192708
1726	2121	1.01141	0.00192708
1726	2122	1.01141	0.00192708
1726	2123	1.01141	0.00192708
1726	2124	1.01141	0.00192708
1726	2125	1.01141	0.00192708
1726	2126	1.01141	0.00192708
1726	2127	1.01141	0.00192708
1726	2128	1.01141	0.00192708
1726	2129	1.01141	0.00192708
1726	2130	1.01141	0.00192708
1726	2131	1.01141	0.00192708
1726	2132	1.01141	0.00192708
1726	2133	1.01141	0.00192708
1726	2134	1.01141	0.00192708
1726	2135	1.01141	0.00192708
1726	2136	1.01141	0.00192708
1726	2137	1.01141	0.00192708
1726	2138	1.01141	0.00192708
1726	2139	1.01141	0.00192708
1726	2140	1.01141	0.00192708
1726	2141	1.01141	0.00192708
1726	2142	1.01141	0.00192708
1726	2143	1.01141	0.00192708
1726	2144	1.01141	0.00192708
1726	2145	1.01141	0.00192708
1726	2146	1.01141	0.00192708
1726	2147	1.01141	0.00192708
1726	2148	1.01141	0.00192708
1726	2149	1.01141	0.00192708
1726	2150	1.01141	0.00192708
1726	2151	1.01141	0.00192708
1726	2152	1.01141	0.00192708
1726	2153	1.01141	0.00192708
1726	2154	1.01141	0.00192708
1726	2155	1.01141	0.00192708
1726	2156	1.01141	0.00192708
1726	2157	1.01141	0.00192708
1726	2158	1.01141	0.00192708
1726	2159	1.01141	0.00192708
1726	2160	1.01141	0.00192708
1726	2161	1.01141	0.00192708
1726	2162	1.01141	0.00192708
1726	2163	1.01141	0.00192708
1726	2164	1.01141	0.00192708
1726	2165	1.01141	0.00192708
1726	2166	1.01141	0.00192708
1726	2167	1.01141	0.00192708
1726	2168	1.01141	0.00192708
1726	2169	1.01141	0.00192708
1726	2170	1.01141	0.00192708
1726	2171	1.01141	0.00192708
1726	2172	1.01141	0.00192708
1726	2173	1.01141	0.00192708
1726	2174	1.01141	0.00192708
1726	2175	1.01141	0.00192708
1726	2176	1.01141	0.00192708
1726	2177	1.01141	0.00192708
1726	2178	1.01141	0.00192708
1726	2179	1.01141	0.00192708
1726	2180	1.01141	0.00192708
1726	2181	1.01141	0.00192708
1726	2182	1.01141	0.00192708
1726	2183	1.01141	0.00192708
1726	2184	1.01141	0.00192708
1726	2185	1.01141	0.00192708
1726	2186	1.01141	0.00192708
1726	2187	1.01141	0.00192708
1726	2188	1.01141	0.00192708
1726	2189	1.01141	0.00192708
1726	2190	1.01141	0.00192708
1726	2191	1.01141	0.00192708
1726	2192	1.01141	0.00192708
1726	2193	1.01141	0.00192708
1726	2194	1.01141	0.00192708
1726	2195	1.01141	0.00192708
1726	2196	1.01141	0.00192708
1726	2197	1.01141	0.00192708
1726	2198	1.01141	0.00192708
1726	2199	1.01141	0.00192708
1726	2200	1.01141	0.00192708
1726	2201	1.01141	0.00192708
1726	2202	1.01141	0.00192708
1726	2203	1.01141	0.00192708
1726	2204	1.01141	0.00192708
1726	2205	1.01141	0.00192708
1726	2206	1.01141	0.00192708
1726	2207	1.01141	0.00192708
1726	2208	1.01141	0.00192708
1726	2209	1.01141	0.00192708
1726	2210	1.01141	0.00192708
1726	2211	1.01141	0.00192708
1726	2212	1.01141	0.00192708
1726	2213	1.01141	0.00192708
1726	2214	1.01141	0.00192708
1726	2215	1.01141	0.00192708
1726	2216	1.01141	0.00192708
1726	2217	1.01141	0.00192708
1726	2218	1.01141	0.00192708
1726	2219	1.01141	0.00192708
1726	2220	1.01141	0.00192708
1726	2221	1.01141	0.00192708
1726	2222	1.01141	0.00192708
1726	2223	1.01141	0.00192708
1726	2224	1.01141	0.00192708
1726	2225	1.01141	0.00192708
1726	2226	1.01141	0.00192708
1726	2227	1.01141	0.00192708
1726	2228	1.01141	0.00192708
1726	2229	1.01141	0.00192708
1726	2230	1.01141	0.00192708
1726	2231	1.01141	0.00192708
1726	2232	1.01141	0.00192708
1726	2233	1.01141	0.00192708
1726	2234	1.01141	0.00192708
1726	2235	1.01141	0.00192708
1726	2236	1.01141	0.00192708
1726	2237	1.01141	0.00192708
1726	2238	1.01141	0.00192708
1726	2239	1.01141	0.00192708
1726	2240	1.01141	0.00192708
1726	2241	1.01141	0.00192708
1726	2242	1.01141	0.00192708
1726	2243	1.01141	0.00192708
1726	2244	1.01141	0.00192708
1726	2245	1.01141	0.00192708
1726	2246	1.01141	0.00192708
1726	2247	1.01141	0.00192708
1726	2248	1.01141	0.00192708
1726	2249	1.01141	0.00192708
1726	2250	1.01141	0.00192708
1726	2251	1.01141	0.00192708
1726	2252	1.01141	0.00192708
1726	2253	1.01141	0.00192708
1726	2254	1.01141	0.00192708
1726	2255	1.01141	0.00192708
1726	2256	1.01141	0.00192708
1726	2257	1.01141	0.00192708
1726	2258	1.01141	0.00192708
1726	2259	1.01141	0.00192708
1726	2260	1.01141	0.00192708
1726	2261	1.01141	0.00192708
1726	2262	1.01141	0.00192708
1726	2263	1.01141	0.00192708
