1922	0	1.0178	0.00197593
1922	1	1.0178	0.00197593
1922	2	1.0178	0.00197593
1922	3	1.0178	0.00197593
1922	4	1.0178	0.00197593
1922	5	1.0178	0.00197593
1922	6	1.0178	0.00197593
1922	7	1.0178	0.00197593
1922	8	1.0178	0.00197593
1922	9	1.0178	0.00197593
1922	10	1.0178	0.00197593
1922	11	1.0178	0.00197593
1922	12	1.0178	0.00197593
1922	13	1.0178	0.00197593
1922	14	1.0178	0.00197593
1922	15	1.0178	0.00197593
1922	16	1.0178	0.00197593
1922	17	1.0178	0.00197593
1922	18	1.0178	0.00197593
1922	19	1.0178	0.00197593
1922	20	1.0178	0.00197593
1922	21	1.0178	0.00197593
1922	22	1.0178	0.00197593
1922	23	1.0178	0.00197593
1922	24	1.0178	0.00197593
1922	25	1.0178	0.00197593
1922	26	1.0178	0.00197593
1922	27	1.0178	0.00197593
1922	28	1.0178	0.00197593
1922	29	1.0178	0.00197593
1922	30	1.0178	0.00197593
1922	31	1.0178	0.00197593
1922	32	1.0178	0.00197593
1922	33	1.0178	0.00197593
1922	34	1.0178	0.00197593
1922	35	1.0178	0.00197593
1922	36	1.0178	0.00197593
1922	37	1.0178	0.00197593
1922	38	1.0178	0.00197593
1922	39	1.0178	0.00197593
1922	40	1.0178	0.00197593
1922	41	1.0178	0.00197593
1922	42	1.0178	0.00197593
1922	43	1.0178	0.00197593
1922	44	1.0178	0.00197593
1922	45	1.0178	0.00197593
1922	46	1.0178	0.00197593
1922	47	1.0178	0.00197593
1922	48	1.0178	0.00197593
1922	49	1.0178	0.00197593
1922	50	1.0178	0.00197593
1922	51	1.0178	0.00197593
1922	52	1.0178	0.00197593
1922	53	1.0178	0.00197593
1922	54	1.0178	0.00197593
1922	55	1.0178	0.00197593
1922	56	1.0178	0.00197593
1922	57	1.0178	0.00197593
1922	58	1.0178	0.00197593
1922	59	1.0178	0.00197593
1922	60	1.0178	0.00197593
1922	61	1.0178	0.00197593
1922	62	1.0178	0.00197593
1922	63	1.0178	0.00197593
1922	64	1.0178	0.00197593
1922	65	1.0178	0.00197593
1922	66	1.0178	0.00197593
1922	67	1.0178	0.00197593
1922	68	1.0178	0.00197593
1922	69	1.0178	0.00197593
1922	70	1.0178	0.00197593
1922	71	1.0178	0.00197593
1922	72	1.0178	0.00197593
1922	73	1.0178	0.00197593
1922	74	1.0178	0.00197593
1922	75	1.0178	0.00197593
1922	76	1.0178	0.00197593
1922	77	1.0178	0.00197593
1922	78	1.0178	0.00197593
1922	79	1.0178	0.00197593
1922	80	1.0178	0.00197593
1922	81	1.0178	0.00197593
1922	82	1.0178	0.00197593
1922	83	1.0178	0.00197593
1922	84	1.0178	0.00197593
1922	85	1.0178	0.00197593
1922	86	1.0178	0.00197593
1922	87	1.0178	0.00197593
1922	88	1.0178	0.00197593
1922	89	1.0178	0.00197593
1922	90	1.0178	0.00197593
1922	91	1.0178	0.00197593
1922	92	1.0178	0.00197593
1922	93	1.0178	0.00197593
1922	94	1.0178	0.00197593
1922	95	1.0178	0.00197593
1922	96	1.0178	0.00197593
1922	97	1.0178	0.00197593
1922	98	1.0178	0.00197593
1922	99	1.0178	0.00197593
1922	100	1.0178	0.00197593
1922	101	1.0178	0.00197593
1922	102	1.0178	0.00197593
1922	103	1.0178	0.00197593
1922	104	1.0178	0.00197593
1922	105	1.0178	0.00197593
1922	106	1.0178	0.00197593
1922	107	1.0178	0.00197593
1922	108	1.0178	0.00197593
1922	109	1.0178	0.00197593
1922	110	1.0178	0.00197593
1922	111	1.0178	0.00197593
1922	112	1.0178	0.00197593
1922	113	1.0178	0.00197593
1922	114	1.0178	0.00197593
1922	115	1.0178	0.00197593
1922	116	1.0178	0.00197593
1922	117	1.0178	0.00197593
1922	118	1.0178	0.00197593
1922	119	1.0178	0.00197593
1922	120	1.0178	0.00197593
1922	121	1.0178	0.00197593
1922	122	1.0178	0.00197593
1922	123	1.0178	0.00197593
1922	124	1.0178	0.00197593
1922	125	1.0178	0.00197593
1922	126	1.0178	0.00197593
1922	127	1.0178	0.00197593
1922	128	1.0178	0.00197593
1922	129	1.0178	0.00197593
1922	130	1.0178	0.00197593
1922	131	1.0178	0.00197593
1922	132	1.0178	0.00197593
1922	133	1.0178	0.00197593
1922	134	1.0178	0.00197593
1922	135	1.0178	0.00197593
1922	136	1.0178	0.00197593
1922	137	1.0178	0.00197593
1922	138	1.0178	0.00197593
1922	139	1.0178	0.00197593
1922	140	1.0178	0.00197593
1922	141	1.0178	0.00197593
1922	142	1.0178	0.00197593
1922	143	1.0178	0.00197593
1922	144	1.0178	0.00197593
1922	145	1.0178	0.00197593
1922	146	1.0178	0.00197593
1922	147	1.0178	0.00197593
1922	148	1.0178	0.00197593
1922	149	1.0178	0.00197593
1922	150	1.0178	0.00197593
1922	151	1.0178	0.00197593
1922	152	1.0178	0.00197593
1922	153	1.0178	0.00197593
1922	154	1.0178	0.00197593
1922	155	1.0178	0.00197593
1922	156	1.0178	0.00197593
1922	157	1.0178	0.00197593
1922	158	1.0178	0.00197593
1922	159	1.0178	0.00197593
1922	160	1.0178	0.00197593
1922	161	1.0178	0.00197593
1922	162	1.0178	0.00197593
1922	163	1.0178	0.00197593
1922	164	1.0178	0.00197593
1922	165	1.0178	0.00197593
1922	166	1.0178	0.00197593
1922	167	1.0178	0.00197593
1922	168	1.0178	0.00197593
1922	169	1.0178	0.00197593
1922	170	1.0178	0.00197593
1922	171	1.0178	0.00197593
1922	172	1.0178	0.00197593
1922	173	1.0178	0.00197593
1922	174	1.0178	0.00197593
1922	175	1.0178	0.00197593
1922	176	1.0178	0.00197593
1922	177	1.0178	0.00197593
1922	178	1.0178	0.00197593
1922	179	1.0178	0.00197593
1922	180	1.0178	0.00197593
1922	181	1.0178	0.00197593
1922	182	1.0178	0.00197593
1922	183	1.0178	0.00197593
1922	184	1.0178	0.00197593
1922	185	1.0178	0.00197593
1922	186	1.0178	0.00197593
1922	187	1.0178	0.00197593
1922	188	1.0178	0.00197593
1922	189	1.0178	0.00197593
1922	190	1.0178	0.00197593
1922	191	1.0178	0.00197593
1922	192	1.0178	0.00197593
1922	193	1.0178	0.00197593
1922	194	1.0178	0.00197593
1922	195	1.0178	0.00197593
1922	196	1.0178	0.00197593
1922	197	1.0178	0.00197593
1922	198	1.0178	0.00197593
1922	199	1.0178	0.00197593
1922	200	1.0178	0.00197593
1922	201	1.0178	0.00197593
1922	202	1.0178	0.00197593
1922	203	1.0178	0.00197593
1922	204	1.0178	0.00197593
1922	205	1.0178	0.00197593
1922	206	1.0178	0.00197593
1922	207	1.0178	0.00197593
1922	208	1.0178	0.00197593
1922	209	1.0178	0.00197593
1922	210	1.0178	0.00197593
1922	211	1.0178	0.00197593
1922	212	1.0178	0.00197593
1922	213	1.0178	0.00197593
1922	214	1.0178	0.00197593
1922	215	1.0178	0.00197593
1922	216	1.0178	0.00197593
1922	217	1.0178	0.00197593
1922	218	1.0178	0.00197593
1922	219	1.0178	0.00197593
1922	220	1.0178	0.00197593
1922	221	1.0178	0.00197593
1922	222	1.0178	0.00197593
1922	223	1.0178	0.00197593
1922	224	1.0178	0.00197593
1922	225	1.0178	0.00197593
1922	226	1.0178	0.00197593
1922	227	1.0178	0.00197593
1922	228	1.0178	0.00197593
1922	229	1.0178	0.00197593
1922	230	1.0178	0.00197593
1922	231	1.0178	0.00197593
1922	232	1.0178	0.00197593
1922	233	1.0178	0.00197593
1922	234	1.0178	0.00197593
1922	235	1.0178	0.00197593
1922	236	1.0178	0.00197593
1922	237	1.0178	0.00197593
1922	238	1.0178	0.00197593
1922	239	1.0178	0.00197593
1922	240	1.0178	0.00197593
1922	241	1.0178	0.00197593
1922	242	1.0178	0.00197593
1922	243	1.0178	0.00197593
1922	244	1.0178	0.00197593
1922	245	1.0178	0.00197593
1922	246	1.0178	0.00197593
1922	247	1.0178	0.00197593
1922	248	1.0178	0.00197593
1922	249	1.0178	0.00197593
1922	250	1.0178	0.00197593
1922	251	1.0178	0.00197593
1922	252	1.0178	0.00197593
1922	253	1.0178	0.00197593
1922	254	1.0178	0.00197593
1922	255	1.0178	0.00197593
1922	256	1.0178	0.00197593
1922	257	1.0178	0.00197593
1922	258	1.0178	0.00197593
1922	259	1.0178	0.00197593
1922	260	1.0178	0.00197593
1922	261	1.0178	0.00197593
1922	262	1.0178	0.00197593
1922	263	1.0178	0.00197593
1922	264	1.0178	0.00197593
1922	265	1.0178	0.00197593
1922	266	1.0178	0.00197593
1922	267	1.0178	0.00197593
1922	268	1.0178	0.00197593
1922	269	1.0178	0.00197593
1922	270	1.0178	0.00197593
1922	271	1.0178	0.00197593
1922	272	1.0178	0.00197593
1922	273	1.0178	0.00197593
1922	274	1.0178	0.00197593
1922	275	1.0178	0.00197593
1922	276	1.0178	0.00197593
1922	277	1.0178	0.00197593
1922	278	1.0178	0.00197593
1922	279	1.0178	0.00197593
1922	280	1.0178	0.00197593
1922	281	1.0178	0.00197593
1922	282	1.0178	0.00197593
1922	283	1.0178	0.00197593
1922	284	1.0178	0.00197593
1922	285	1.0178	0.00197593
1922	286	1.0178	0.00197593
1922	287	1.0178	0.00197593
1922	288	1.0178	0.00197593
1922	289	1.0178	0.00197593
1922	290	1.0178	0.00197593
1922	291	1.0178	0.00197593
1922	292	1.0178	0.00197593
1922	293	1.0178	0.00197593
1922	294	1.0178	0.00197593
1922	295	1.0178	0.00197593
1922	296	1.0178	0.00197593
1922	297	1.0178	0.00197593
1922	298	1.0178	0.00197593
1922	299	1.0178	0.00197593
1922	300	1.0178	0.00197593
1922	301	1.0178	0.00197593
1922	302	1.0178	0.00197593
1922	303	1.0178	0.00197593
1922	304	1.0178	0.00197593
1922	305	1.0178	0.00197593
1922	306	1.0178	0.00197593
1922	307	1.0178	0.00197593
1922	308	1.0178	0.00197593
1922	309	1.0178	0.00197593
1922	310	1.0178	0.00197593
1922	311	1.0178	0.00197593
1922	312	1.0178	0.00197593
1922	313	1.0178	0.00197593
1922	314	1.0178	0.00197593
1922	315	1.0178	0.00197593
1922	316	1.0178	0.00197593
1922	317	1.0178	0.00197593
1922	318	1.0178	0.00197593
1922	319	1.0178	0.00197593
1922	320	1.0178	0.00197593
1922	321	1.0178	0.00197593
1922	322	1.0178	0.00197593
1922	323	1.0178	0.00197593
1922	324	1.0178	0.00197593
1922	325	1.0178	0.00197593
1922	326	1.0178	0.00197593
1922	327	1.0178	0.00197593
1922	328	1.0178	0.00197593
1922	329	1.0178	0.00197593
1922	330	1.0178	0.00197593
1922	331	1.0178	0.00197593
1922	332	1.0178	0.00197593
1922	333	1.0178	0.00197593
1922	334	1.0178	0.00197593
1922	335	1.0178	0.00197593
1922	336	1.0178	0.00197593
1922	337	1.0178	0.00197593
1922	338	1.0178	0.00197593
1922	339	1.0178	0.00197593
1922	340	1.0178	0.00197593
1922	341	1.0178	0.00197593
1922	342	1.0178	0.00197593
1922	343	1.0178	0.00197593
1922	344	1.0178	0.00197593
1922	345	1.0178	0.00197593
1922	346	1.0178	0.00197593
1922	347	1.0178	0.00197593
1922	348	1.0178	0.00197593
1922	349	1.0178	0.00197593
1922	350	1.0178	0.00197593
1922	351	1.0178	0.00197593
1922	352	1.0178	0.00197593
1922	353	1.0178	0.00197593
1922	354	1.0178	0.00197593
1922	355	1.0178	0.00197593
1922	356	1.0178	0.00197593
1922	357	1.0178	0.00197593
1922	358	1.0178	0.00197593
1922	359	1.0178	0.00197593
1922	360	1.0178	0.00197593
1922	361	1.0178	0.00197593
1922	362	1.0178	0.00197593
1922	363	1.0178	0.00197593
1922	364	1.0178	0.00197593
1922	365	1.0178	0.00197593
1922	366	1.0178	0.00197593
1922	367	1.0178	0.00197593
1922	368	1.0178	0.00197593
1922	369	1.0178	0.00197593
1922	370	1.0178	0.00197593
1922	371	1.0178	0.00197593
1922	372	1.0178	0.00197593
1922	373	1.0178	0.00197593
1922	374	1.0178	0.00197593
1922	375	1.0178	0.00197593
1922	376	1.0178	0.00197593
1922	377	1.0178	0.00197593
1922	378	1.0178	0.00197593
1922	379	1.0178	0.00197593
1922	380	1.0178	0.00197593
1922	381	1.0178	0.00197593
1922	382	1.0178	0.00197593
1922	383	1.0178	0.00197593
1922	384	1.0178	0.00197593
1922	385	1.0178	0.00197593
1922	386	1.0178	0.00197593
1922	387	1.0178	0.00197593
1922	388	1.0178	0.00197593
1922	389	1.0178	0.00197593
1922	390	1.0178	0.00197593
1922	391	1.0178	0.00197593
1922	392	1.0178	0.00197593
1922	393	1.0178	0.00197593
1922	394	1.0178	0.00197593
1922	395	1.0178	0.00197593
1922	396	1.0178	0.00197593
1922	397	1.0178	0.00197593
1922	398	1.0178	0.00197593
1922	399	1.0178	0.00197593
1922	400	1.0178	0.00197593
1922	401	1.0178	0.00197593
1922	402	1.0178	0.00197593
1922	403	1.0178	0.00197593
1922	404	1.0178	0.00197593
1922	405	1.0178	0.00197593
1922	406	1.0178	0.00197593
1922	407	1.0178	0.00197593
1922	408	1.0178	0.00197593
1922	409	1.0178	0.00197593
1922	410	1.0178	0.00197593
1922	411	1.0178	0.00197593
1922	412	1.0178	0.00197593
1922	413	1.0178	0.00197593
1922	414	1.0178	0.00197593
1922	415	1.0178	0.00197593
1922	416	1.0178	0.00197593
1922	417	1.0178	0.00197593
1922	418	1.0178	0.00197593
1922	419	1.0178	0.00197593
1922	420	1.0178	0.00197593
1922	421	1.0178	0.00197593
1922	422	1.0178	0.00197593
1922	423	1.0178	0.00197593
1922	424	1.0178	0.00197593
1922	425	1.0178	0.00197593
1922	426	1.0178	0.00197593
1922	427	1.0178	0.00197593
1922	428	1.0178	0.00197593
1922	429	1.0178	0.00197593
1922	430	1.0178	0.00197593
1922	431	1.0178	0.00197593
1922	432	1.0178	0.00197593
1922	433	1.0178	0.00197593
1922	434	1.0178	0.00197593
1922	435	1.0178	0.00197593
1922	436	1.0178	0.00197593
1922	437	1.0178	0.00197593
1922	438	1.0178	0.00197593
1922	439	1.0178	0.00197593
1922	440	1.0178	0.00197593
1922	441	1.0178	0.00197593
1922	442	1.0178	0.00197593
1922	443	1.0178	0.00197593
1922	444	1.0178	0.00197593
1922	445	1.0178	0.00197593
1922	446	1.0178	0.00197593
1922	447	1.0178	0.00197593
1922	448	1.0178	0.00197593
1922	449	1.0178	0.00197593
1922	450	1.0178	0.00197593
1922	451	1.0178	0.00197593
1922	452	1.0178	0.00197593
1922	453	1.0178	0.00197593
1922	454	1.0178	0.00197593
1922	455	1.0178	0.00197593
1922	456	1.0178	0.00197593
1922	457	1.0178	0.00197593
1922	458	1.0178	0.00197593
1922	459	1.0178	0.00197593
1922	460	1.0178	0.00197593
1922	461	1.0178	0.00197593
1922	462	1.0178	0.00197593
1922	463	1.0178	0.00197593
1922	464	1.0178	0.00197593
1922	465	1.0178	0.00197593
1922	466	1.0178	0.00197593
1922	467	1.0178	0.00197593
1922	468	1.0178	0.00197593
1922	469	1.0178	0.00197593
1922	470	1.0178	0.00197593
1922	471	1.0178	0.00197593
1922	472	1.0178	0.00197593
1922	473	1.0178	0.00197593
1922	474	1.0178	0.00197593
1922	475	1.0178	0.00197593
1922	476	1.0178	0.00197593
1922	477	1.0178	0.00197593
1922	478	1.0178	0.00197593
1922	479	1.0178	0.00197593
1922	480	1.0178	0.00197593
1922	481	1.0178	0.00197593
1922	482	1.0178	0.00197593
1922	483	1.0178	0.00197593
1922	484	1.0178	0.00197593
1922	485	1.0178	0.00197593
1922	486	1.0178	0.00197593
1922	487	1.0178	0.00197593
1922	488	1.0178	0.00197593
1922	489	1.0178	0.00197593
1922	490	1.0178	0.00197593
1922	491	1.0178	0.00197593
1922	492	1.0178	0.00197593
1922	493	1.0178	0.00197593
1922	494	1.0178	0.00197593
1922	495	1.0178	0.00197593
1922	496	1.0178	0.00197593
1922	497	1.0178	0.00197593
1922	498	1.0178	0.00197593
1922	499	1.0178	0.00197593
1922	500	1.0178	0.00197593
1922	501	1.0178	0.00197593
1922	502	1.0178	0.00197593
1922	503	1.0178	0.00197593
1922	504	1.0178	0.00197593
1922	505	1.0178	0.00197593
1922	506	1.0178	0.00197593
1922	507	1.0178	0.00197593
1922	508	1.0178	0.00197593
1922	509	1.0178	0.00197593
1922	510	1.0178	0.00197593
1922	511	1.0178	0.00197593
1922	512	1.0178	0.00197593
1922	513	1.0178	0.00197593
1922	514	1.0178	0.00197593
1922	515	1.0178	0.00197593
1922	516	1.0178	0.00197593
1922	517	1.0178	0.00197593
1922	518	1.0178	0.00197593
1922	519	1.0178	0.00197593
1922	520	1.0178	0.00197593
1922	521	1.0178	0.00197593
1922	522	1.0178	0.00197593
1922	523	1.0178	0.00197593
1922	524	1.0178	0.00197593
1922	525	1.0178	0.00197593
1922	526	1.0178	0.00197593
1922	527	1.0178	0.00197593
1922	528	1.0178	0.00197593
1922	529	1.0178	0.00197593
1922	530	1.0178	0.00197593
1922	531	1.0178	0.00197593
1922	532	1.0178	0.00197593
1922	533	1.0178	0.00197593
1922	534	1.0178	0.00197593
1922	535	1.0178	0.00197593
1922	536	1.0178	0.00197593
1922	537	1.0178	0.00197593
1922	538	1.0178	0.00197593
1922	539	1.0178	0.00197593
1922	540	1.0178	0.00197593
1922	541	1.0178	0.00197593
1922	542	1.0178	0.00197593
1922	543	1.0178	0.00197593
1922	544	1.0178	0.00197593
1922	545	1.0178	0.00197593
1922	546	1.0178	0.00197593
1922	547	1.0178	0.00197593
1922	548	1.0178	0.00197593
1922	549	1.0178	0.00197593
1922	550	1.0178	0.00197593
1922	551	1.0178	0.00197593
1922	552	1.0178	0.00197593
1922	553	1.0178	0.00197593
1922	554	1.0178	0.00197593
1922	555	1.0178	0.00197593
1922	556	1.0178	0.00197593
1922	557	1.0178	0.00197593
1922	558	1.0178	0.00197593
1922	559	1.0178	0.00197593
1922	560	1.0178	0.00197593
1922	561	1.0178	0.00197593
1922	562	1.0178	0.00197593
1922	563	1.0178	0.00197593
1922	564	1.0178	0.00197593
1922	565	1.0178	0.00197593
1922	566	1.0178	0.00197593
1922	567	1.0178	0.00197593
1922	568	1.0178	0.00197593
1922	569	1.0178	0.00197593
1922	570	1.0178	0.00197593
1922	571	1.0178	0.00197593
1922	572	1.0178	0.00197593
1922	573	1.0178	0.00197593
1922	574	1.0178	0.00197593
1922	575	1.0178	0.00197593
1922	576	1.0178	0.00197593
1922	577	1.0178	0.00197593
1922	578	1.0178	0.00197593
1922	579	1.0178	0.00197593
1922	580	1.0178	0.00197593
1922	581	1.0178	0.00197593
1922	582	1.0178	0.00197593
1922	583	1.0178	0.00197593
1922	584	1.0178	0.00197593
1922	585	1.0178	0.00197593
1922	586	1.0178	0.00197593
1922	587	1.0178	0.00197593
1922	588	1.0178	0.00197593
1922	589	1.0178	0.00197593
1922	590	1.0178	0.00197593
1922	591	1.0178	0.00197593
1922	592	1.0178	0.00197593
1922	593	1.0178	0.00197593
1922	594	1.0178	0.00197593
1922	595	1.0178	0.00197593
1922	596	1.0178	0.00197593
1922	597	1.0178	0.00197593
1922	598	1.0178	0.00197593
1922	599	1.0178	0.00197593
1922	600	1.0178	0.00197593
1922	601	1.0178	0.00197593
1922	602	1.0178	0.00197593
1922	603	1.0178	0.00197593
1922	604	1.0178	0.00197593
1922	605	1.0178	0.00197593
1922	606	1.0178	0.00197593
1922	607	1.0178	0.00197593
1922	608	1.0178	0.00197593
1922	609	1.0178	0.00197593
1922	610	1.0178	0.00197593
1922	611	1.0178	0.00197593
1922	612	1.0178	0.00197593
1922	613	1.0178	0.00197593
1922	614	1.0178	0.00197593
1922	615	1.0178	0.00197593
1922	616	1.0178	0.00197593
1922	617	1.0178	0.00197593
1922	618	1.0178	0.00197593
1922	619	1.0178	0.00197593
1922	620	1.0178	0.00197593
1922	621	1.0178	0.00197593
1922	622	1.0178	0.00197593
1922	623	1.0178	0.00197593
1922	624	1.0178	0.00197593
1922	625	1.0178	0.00197593
1922	626	1.0178	0.00197593
1922	627	1.0178	0.00197593
1922	628	1.0178	0.00197593
1922	629	1.0178	0.00197593
1922	630	1.0178	0.00197593
1922	631	1.0178	0.00197593
1922	632	1.0178	0.00197593
1922	633	1.0178	0.00197593
1922	634	1.0178	0.00197593
1922	635	1.0178	0.00197593
1922	636	1.0178	0.00197593
1922	637	1.0178	0.00197593
1922	638	1.0178	0.00197593
1922	639	1.0178	0.00197593
1922	640	1.0178	0.00197593
1922	641	1.0178	0.00197593
1922	642	1.0178	0.00197593
1922	643	1.0178	0.00197593
1922	644	1.0178	0.00197593
1922	645	1.0178	0.00197593
1922	646	1.0178	0.00197593
1922	647	1.0178	0.00197593
1922	648	1.0178	0.00197593
1922	649	1.0178	0.00197593
1922	650	1.0178	0.00197593
1922	651	1.0178	0.00197593
1922	652	1.0178	0.00197593
1922	653	1.0178	0.00197593
1922	654	1.0178	0.00197593
1922	655	1.0178	0.00197593
1922	656	1.0178	0.00197593
1922	657	1.0178	0.00197593
1922	658	1.0178	0.00197593
1922	659	1.0178	0.00197593
1922	660	1.0178	0.00197593
1922	661	1.0178	0.00197593
1922	662	1.0178	0.00197593
1922	663	1.0178	0.00197593
1922	664	1.0178	0.00197593
1922	665	1.0178	0.00197593
1922	666	1.0178	0.00197593
1922	667	1.0178	0.00197593
1922	668	1.0178	0.00197593
1922	669	1.0178	0.00197593
1922	670	1.0178	0.00197593
1922	671	1.0178	0.00197593
1922	672	1.0178	0.00197593
1922	673	1.0178	0.00197593
1922	674	1.0178	0.00197593
1922	675	1.0178	0.00197593
1922	676	1.0178	0.00197593
1922	677	1.0178	0.00197593
1922	678	1.0178	0.00197593
1922	679	1.0178	0.00197593
1922	680	1.0178	0.00197593
1922	681	1.0178	0.00197593
1922	682	1.0178	0.00197593
1922	683	1.0178	0.00197593
1922	684	1.0178	0.00197593
1922	685	1.0178	0.00197593
1922	686	1.0178	0.00197593
1922	687	1.0178	0.00197593
1922	688	1.0178	0.00197593
1922	689	1.0178	0.00197593
1922	690	1.0178	0.00197593
1922	691	1.0178	0.00197593
1922	692	1.0178	0.00197593
1922	693	1.0178	0.00197593
1922	694	1.0178	0.00197593
1922	695	1.0178	0.00197593
1922	696	1.0178	0.00197593
1922	697	1.0178	0.00197593
1922	698	1.0178	0.00197593
1922	699	1.0178	0.00197593
1922	700	1.0178	0.00197593
1922	701	1.0178	0.00197593
1922	702	1.0178	0.00197593
1922	703	1.0178	0.00197593
1922	704	1.0178	0.00197593
1922	705	1.0178	0.00197593
1922	706	1.0178	0.00197593
1922	707	1.0178	0.00197593
1922	708	1.0178	0.00197593
1922	709	1.0178	0.00197593
1922	710	1.0178	0.00197593
1922	711	1.0178	0.00197593
1922	712	1.0178	0.00197593
1922	713	1.0178	0.00197593
1922	714	1.0178	0.00197593
1922	715	1.0178	0.00197593
1922	716	1.0178	0.00197593
1922	717	1.0178	0.00197593
1922	718	1.0178	0.00197593
1922	719	1.0178	0.00197593
1922	720	1.0178	0.00197593
1922	721	1.0178	0.00197593
1922	722	1.0178	0.00197593
1922	723	1.0178	0.00197593
1922	724	1.0178	0.00197593
1922	725	1.0178	0.00197593
1922	726	1.0178	0.00197593
1922	727	1.0178	0.00197593
1922	728	1.0178	0.00197593
1922	729	1.0178	0.00197593
1922	730	1.0178	0.00197593
1922	731	1.0178	0.00197593
1922	732	1.0178	0.00197593
1922	733	1.0178	0.00197593
1922	734	1.0178	0.00197593
1922	735	1.0178	0.00197593
1922	736	1.0178	0.00197593
1922	737	1.0178	0.00197593
1922	738	1.0178	0.00197593
1922	739	1.0178	0.00197593
1922	740	1.0178	0.00197593
1922	741	1.0178	0.00197593
1922	742	1.0178	0.00197593
1922	743	1.0178	0.00197593
1922	744	1.0178	0.00197593
1922	745	1.0178	0.00197593
1922	746	1.0178	0.00197593
1922	747	1.0178	0.00197593
1922	748	1.0178	0.00197593
1922	749	1.0178	0.00197593
1922	750	1.0178	0.00197593
1922	751	1.0178	0.00197593
1922	752	1.0178	0.00197593
1922	753	1.0178	0.00197593
1922	754	1.0178	0.00197593
1922	755	1.0178	0.00197593
1922	756	1.0178	0.00197593
1922	757	1.0178	0.00197593
1922	758	1.0178	0.00197593
1922	759	1.0178	0.00197593
1922	760	1.0178	0.00197593
1922	761	1.0178	0.00197593
1922	762	1.0178	0.00197593
1922	763	1.0178	0.00197593
1922	764	1.0178	0.00197593
1922	765	1.0178	0.00197593
1922	766	1.0178	0.00197593
1922	767	1.0178	0.00197593
1922	768	1.0178	0.00197593
1922	769	1.0178	0.00197593
1922	770	1.0178	0.00197593
1922	771	1.0178	0.00197593
1922	772	1.0178	0.00197593
1922	773	1.0178	0.00197593
1922	774	1.0178	0.00197593
1922	775	1.0178	0.00197593
1922	776	1.0178	0.00197593
1922	777	1.0178	0.00197593
1922	778	1.0178	0.00197593
1922	779	1.0178	0.00197593
1922	780	1.0178	0.00197593
1922	781	1.0178	0.00197593
1922	782	1.0178	0.00197593
1922	783	1.0178	0.00197593
1922	784	1.0178	0.00197593
1922	785	1.0178	0.00197593
1922	786	1.0178	0.00197593
1922	787	1.0178	0.00197593
1922	788	1.0178	0.00197593
1922	789	1.0178	0.00197593
1922	790	1.0178	0.00197593
1922	791	1.0178	0.00197593
1922	792	1.0178	0.00197593
1922	793	1.0178	0.00197593
1922	794	1.0178	0.00197593
1922	795	1.0178	0.00197593
1922	796	1.0178	0.00197593
1922	797	1.0178	0.00197593
1922	798	1.0178	0.00197593
1922	799	1.0178	0.00197593
1922	800	1.0178	0.00197593
1922	801	1.0178	0.00197593
1922	802	1.0178	0.00197593
1922	803	1.0178	0.00197593
1922	804	1.0178	0.00197593
1922	805	1.0178	0.00197593
1922	806	1.0178	0.00197593
1922	807	1.0178	0.00197593
1922	808	1.0178	0.00197593
1922	809	1.0178	0.00197593
1922	810	1.0178	0.00197593
1922	811	1.0178	0.00197593
1922	812	1.0178	0.00197593
1922	813	1.0178	0.00197593
1922	814	1.0178	0.00197593
1922	815	1.0178	0.00197593
1922	816	1.0178	0.00197593
1922	817	1.0178	0.00197593
1922	818	1.0178	0.00197593
1922	819	1.0178	0.00197593
1922	820	1.0178	0.00197593
1922	821	1.0178	0.00197593
1922	822	1.0178	0.00197593
1922	823	1.0178	0.00197593
1922	824	1.0178	0.00197593
1922	825	1.0178	0.00197593
1922	826	1.0178	0.00197593
1922	827	1.0178	0.00197593
1922	828	1.0178	0.00197593
1922	829	1.0178	0.00197593
1922	830	1.0178	0.00197593
1922	831	1.0178	0.00197593
1922	832	1.0178	0.00197593
1922	833	1.0178	0.00197593
1922	834	1.0178	0.00197593
1922	835	1.0178	0.00197593
1922	836	1.0178	0.00197593
1922	837	1.0178	0.00197593
1922	838	1.0178	0.00197593
1922	839	1.0178	0.00197593
1922	840	1.0178	0.00197593
1922	841	1.0178	0.00197593
1922	842	1.0178	0.00197593
1922	843	1.0178	0.00197593
1922	844	1.0178	0.00197593
1922	845	1.0178	0.00197593
1922	846	1.0178	0.00197593
1922	847	1.0178	0.00197593
1922	848	1.0178	0.00197593
1922	849	1.0178	0.00197593
1922	850	1.0178	0.00197593
1922	851	1.0178	0.00197593
1922	852	1.0178	0.00197593
1922	853	1.0178	0.00197593
1922	854	1.0178	0.00197593
1922	855	1.0178	0.00197593
1922	856	1.0178	0.00197593
1922	857	1.0178	0.00197593
1922	858	1.0178	0.00197593
1922	859	1.0178	0.00197593
1922	860	1.0178	0.00197593
1922	861	1.0178	0.00197593
1922	862	1.0178	0.00197593
1922	863	1.0178	0.00197593
1922	864	1.0178	0.00197593
1922	865	1.0178	0.00197593
1922	866	1.0178	0.00197593
1922	867	1.0178	0.00197593
1922	868	1.0178	0.00197593
1922	869	1.0178	0.00197593
1922	870	1.0178	0.00197593
1922	871	1.0178	0.00197593
1922	872	1.0178	0.00197593
1922	873	1.0178	0.00197593
1922	874	1.0178	0.00197593
1922	875	1.0178	0.00197593
1922	876	1.0178	0.00197593
1922	877	1.0178	0.00197593
1922	878	1.0178	0.00197593
1922	879	1.0178	0.00197593
1922	880	1.0178	0.00197593
1922	881	1.0178	0.00197593
1922	882	1.0178	0.00197593
1922	883	1.0178	0.00197593
1922	884	1.0178	0.00197593
1922	885	1.0178	0.00197593
1922	886	1.0178	0.00197593
1922	887	1.0178	0.00197593
1922	888	1.0178	0.00197593
1922	889	1.0178	0.00197593
1922	890	1.0178	0.00197593
1922	891	1.0178	0.00197593
1922	892	1.0178	0.00197593
1922	893	1.0178	0.00197593
1922	894	1.0178	0.00197593
1922	895	1.0178	0.00197593
1922	896	1.0178	0.00197593
1922	897	1.0178	0.00197593
1922	898	1.0178	0.00197593
1922	899	1.0178	0.00197593
1922	900	1.0178	0.00197593
1922	901	1.0178	0.00197593
1922	902	1.0178	0.00197593
1922	903	1.0178	0.00197593
1922	904	1.0178	0.00197593
1922	905	1.0178	0.00197593
1922	906	1.0178	0.00197593
1922	907	1.0178	0.00197593
1922	908	1.0178	0.00197593
1922	909	1.0178	0.00197593
1922	910	1.0178	0.00197593
1922	911	1.0178	0.00197593
1922	912	1.0178	0.00197593
1922	913	1.0178	0.00197593
1922	914	1.0178	0.00197593
1922	915	1.0178	0.00197593
1922	916	1.0178	0.00197593
1922	917	1.0178	0.00197593
1922	918	1.0178	0.00197593
1922	919	1.0178	0.00197593
1922	920	1.0178	0.00197593
1922	921	1.0178	0.00197593
1922	922	1.0178	0.00197593
1922	923	1.0178	0.00197593
1922	924	1.0178	0.00197593
1922	925	1.0178	0.00197593
1922	926	1.0178	0.00197593
1922	927	1.0178	0.00197593
1922	928	1.0178	0.00197593
1922	929	1.0178	0.00197593
1922	930	1.0178	0.00197593
1922	931	1.0178	0.00197593
1922	932	1.0178	0.00197593
1922	933	1.0178	0.00197593
1922	934	1.0178	0.00197593
1922	935	1.0178	0.00197593
1922	936	1.0178	0.00197593
1922	937	1.0178	0.00197593
1922	938	1.0178	0.00197593
1922	939	1.0178	0.00197593
1922	940	1.0178	0.00197593
1922	941	1.0178	0.00197593
1922	942	1.0178	0.00197593
1922	943	1.0178	0.00197593
1922	944	1.0178	0.00197593
1922	945	1.0178	0.00197593
1922	946	1.0178	0.00197593
1922	947	1.0178	0.00197593
1922	948	1.0178	0.00197593
1922	949	1.0178	0.00197593
1922	950	1.0178	0.00197593
1922	951	1.0178	0.00197593
1922	952	1.0178	0.00197593
1922	953	1.0178	0.00197593
1922	954	1.0178	0.00197593
1922	955	1.0178	0.00197593
1922	956	1.0178	0.00197593
1922	957	1.0178	0.00197593
1922	958	1.0178	0.00197593
1922	959	1.0178	0.00197593
1922	960	1.0178	0.00197593
1922	961	1.0178	0.00197593
1922	962	1.0178	0.00197593
1922	963	1.0178	0.00197593
1922	964	1.0178	0.00197593
1922	965	1.0178	0.00197593
1922	966	1.0178	0.00197593
1922	967	1.0178	0.00197593
1922	968	1.0178	0.00197593
1922	969	1.0178	0.00197593
1922	970	1.0178	0.00197593
1922	971	1.0178	0.00197593
1922	972	1.0178	0.00197593
1922	973	1.0178	0.00197593
1922	974	1.0178	0.00197593
1922	975	1.0178	0.00197593
1922	976	1.0178	0.00197593
1922	977	1.0178	0.00197593
1922	978	1.0178	0.00197593
1922	979	1.0178	0.00197593
1922	980	1.0178	0.00197593
1922	981	1.0178	0.00197593
1922	982	1.0178	0.00197593
1922	983	1.0178	0.00197593
1922	984	1.0178	0.00197593
1922	985	1.0178	0.00197593
1922	986	1.0178	0.00197593
1922	987	1.0178	0.00197593
1922	988	1.0178	0.00197593
1922	989	1.0178	0.00197593
1922	990	1.0178	0.00197593
1922	991	1.0178	0.00197593
1922	992	1.0178	0.00197593
1922	993	1.0178	0.00197593
1922	994	1.0178	0.00197593
1922	995	1.0178	0.00197593
1922	996	1.0178	0.00197593
1922	997	1.0178	0.00197593
1922	998	1.0178	0.00197593
1922	999	1.0178	0.00197593
1922	1000	1.0178	0.00197593
1922	1001	1.0178	0.00197593
1922	1002	1.0178	0.00197593
1922	1003	1.0178	0.00197593
1922	1004	1.0178	0.00197593
1922	1005	1.0178	0.00197593
1922	1006	1.0178	0.00197593
1922	1007	1.0178	0.00197593
1922	1008	1.0178	0.00197593
1922	1009	1.0178	0.00197593
1922	1010	1.0178	0.00197593
1922	1011	1.0178	0.00197593
1922	1012	1.0178	0.00197593
1922	1013	1.0178	0.00197593
1922	1014	1.0178	0.00197593
1922	1015	1.0178	0.00197593
1922	1016	1.0178	0.00197593
1922	1017	1.0178	0.00197593
1922	1018	1.0178	0.00197593
1922	1019	1.0178	0.00197593
1922	1020	1.0178	0.00197593
1922	1021	1.0178	0.00197593
1922	1022	1.0178	0.00197593
1922	1023	1.0178	0.00197593
1922	1024	1.0178	0.00197593
1922	1025	1.0178	0.00197593
1922	1026	1.0178	0.00197593
1922	1027	1.0178	0.00197593
1922	1028	1.0178	0.00197593
1922	1029	1.0178	0.00197593
1922	1030	1.0178	0.00197593
1922	1031	1.0178	0.00197593
1922	1032	1.0178	0.00197593
1922	1033	1.0178	0.00197593
1922	1034	1.0178	0.00197593
1922	1035	1.0178	0.00197593
1922	1036	1.0178	0.00197593
1922	1037	1.0178	0.00197593
1922	1038	1.0178	0.00197593
1922	1039	1.0178	0.00197593
1922	1040	1.0178	0.00197593
1922	1041	1.0178	0.00197593
1922	1042	1.0178	0.00197593
1922	1043	1.0178	0.00197593
1922	1044	1.0178	0.00197593
1922	1045	1.0178	0.00197593
1922	1046	1.0178	0.00197593
1922	1047	1.0178	0.00197593
1922	1048	1.0178	0.00197593
1922	1049	1.0178	0.00197593
1922	1050	1.0178	0.00197593
1922	1051	1.0178	0.00197593
1922	1052	1.0178	0.00197593
1922	1053	1.0178	0.00197593
1922	1054	1.0178	0.00197593
1922	1055	1.0178	0.00197593
1922	1056	1.0178	0.00197593
1922	1057	1.0178	0.00197593
1922	1058	1.0178	0.00197593
1922	1059	1.0178	0.00197593
1922	1060	1.0178	0.00197593
1922	1061	1.0178	0.00197593
1922	1062	1.0178	0.00197593
1922	1063	1.0178	0.00197593
1922	1064	1.0178	0.00197593
1922	1065	1.0178	0.00197593
1922	1066	1.0178	0.00197593
1922	1067	1.0178	0.00197593
1922	1068	1.0178	0.00197593
1922	1069	1.0178	0.00197593
1922	1070	1.0178	0.00197593
1922	1071	1.0178	0.00197593
1922	1072	1.0178	0.00197593
1922	1073	1.0178	0.00197593
1922	1074	1.0178	0.00197593
1922	1075	1.0178	0.00197593
1922	1076	1.0178	0.00197593
1922	1077	1.0178	0.00197593
1922	1078	1.0178	0.00197593
1922	1079	1.0178	0.00197593
1922	1080	1.0178	0.00197593
1922	1081	1.0178	0.00197593
1922	1082	1.0178	0.00197593
1922	1083	1.0178	0.00197593
1922	1084	1.0178	0.00197593
1922	1085	1.0178	0.00197593
1922	1086	1.0178	0.00197593
1922	1087	1.0178	0.00197593
1922	1088	1.0178	0.00197593
1922	1089	1.0178	0.00197593
1922	1090	1.0178	0.00197593
1922	1091	1.0178	0.00197593
1922	1092	1.0178	0.00197593
1922	1093	1.0178	0.00197593
1922	1094	1.0178	0.00197593
1922	1095	1.0178	0.00197593
1922	1096	1.0178	0.00197593
1922	1097	1.0178	0.00197593
1922	1098	1.0178	0.00197593
1922	1099	1.0178	0.00197593
1922	1100	1.0178	0.00197593
1922	1101	1.0178	0.00197593
1922	1102	1.0178	0.00197593
1922	1103	1.0178	0.00197593
1922	1104	1.0178	0.00197593
1922	1105	1.0178	0.00197593
1922	1106	1.0178	0.00197593
1922	1107	1.0178	0.00197593
1922	1108	1.0178	0.00197593
1922	1109	1.0178	0.00197593
1922	1110	1.0178	0.00197593
1922	1111	1.0178	0.00197593
1922	1112	1.0178	0.00197593
1922	1113	1.0178	0.00197593
1922	1114	1.0178	0.00197593
1922	1115	1.0178	0.00197593
1922	1116	1.0178	0.00197593
1922	1117	1.0178	0.00197593
1922	1118	1.0178	0.00197593
1922	1119	1.0178	0.00197593
1922	1120	1.0178	0.00197593
1922	1121	1.0178	0.00197593
1922	1122	1.0178	0.00197593
1922	1123	1.0178	0.00197593
1922	1124	1.0178	0.00197593
1922	1125	1.0178	0.00197593
1922	1126	1.0178	0.00197593
1922	1127	1.0178	0.00197593
1922	1128	1.0178	0.00197593
1922	1129	1.0178	0.00197593
1922	1130	1.0178	0.00197593
1922	1131	1.0178	0.00197593
1922	1132	1.0178	0.00197593
1922	1133	1.0178	0.00197593
1922	1134	1.0178	0.00197593
1922	1135	1.0178	0.00197593
1922	1136	1.0178	0.00197593
1922	1137	1.0178	0.00197593
1922	1138	1.0178	0.00197593
1922	1139	1.0178	0.00197593
1922	1140	1.0178	0.00197593
1922	1141	1.0178	0.00197593
1922	1142	1.0178	0.00197593
1922	1143	1.0178	0.00197593
1922	1144	1.0178	0.00197593
1922	1145	1.0178	0.00197593
1922	1146	1.0178	0.00197593
1922	1147	1.0178	0.00197593
1922	1148	1.0178	0.00197593
1922	1149	1.0178	0.00197593
1922	1150	1.0178	0.00197593
1922	1151	1.0178	0.00197593
1922	1152	1.0178	0.00197593
1922	1153	1.0178	0.00197593
1922	1154	1.0178	0.00197593
1922	1155	1.0178	0.00197593
1922	1156	1.0178	0.00197593
1922	1157	1.0178	0.00197593
1922	1158	1.0178	0.00197593
1922	1159	1.0178	0.00197593
1922	1160	1.0178	0.00197593
1922	1161	1.0178	0.00197593
1922	1162	1.0178	0.00197593
1922	1163	1.0178	0.00197593
1922	1164	1.0178	0.00197593
1922	1165	1.0178	0.00197593
1922	1166	1.0178	0.00197593
1922	1167	1.0178	0.00197593
1922	1168	1.0178	0.00197593
1922	1169	1.0178	0.00197593
1922	1170	1.0178	0.00197593
1922	1171	1.0178	0.00197593
1922	1172	1.0178	0.00197593
1922	1173	1.0178	0.00197593
1922	1174	1.0178	0.00197593
1922	1175	1.0178	0.00197593
1922	1176	1.0178	0.00197593
1922	1177	1.0178	0.00197593
1922	1178	1.0178	0.00197593
1922	1179	1.0178	0.00197593
1922	1180	1.0178	0.00197593
1922	1181	1.0178	0.00197593
1922	1182	1.0178	0.00197593
1922	1183	1.0178	0.00197593
1922	1184	1.0178	0.00197593
1922	1185	1.0178	0.00197593
1922	1186	1.0178	0.00197593
1922	1187	1.0178	0.00197593
1922	1188	1.0178	0.00197593
1922	1189	1.0178	0.00197593
1922	1190	1.0178	0.00197593
1922	1191	1.0178	0.00197593
1922	1192	1.0178	0.00197593
1922	1193	1.0178	0.00197593
1922	1194	1.0178	0.00197593
1922	1195	1.0178	0.00197593
1922	1196	1.0178	0.00197593
1922	1197	1.0178	0.00197593
1922	1198	1.0178	0.00197593
1922	1199	1.0178	0.00197593
1922	1200	1.0178	0.00197593
1922	1201	1.0178	0.00197593
1922	1202	1.0178	0.00197593
1922	1203	1.0178	0.00197593
1922	1204	1.0178	0.00197593
1922	1205	1.0178	0.00197593
1922	1206	1.0178	0.00197593
1922	1207	1.0178	0.00197593
1922	1208	1.0178	0.00197593
1922	1209	1.0178	0.00197593
1922	1210	1.0178	0.00197593
1922	1211	1.0178	0.00197593
1922	1212	1.0178	0.00197593
1922	1213	1.0178	0.00197593
1922	1214	1.0178	0.00197593
1922	1215	1.0178	0.00197593
1922	1216	1.0178	0.00197593
1922	1217	1.0178	0.00197593
1922	1218	1.0178	0.00197593
1922	1219	1.0178	0.00197593
1922	1220	1.0178	0.00197593
1922	1221	1.0178	0.00197593
1922	1222	1.0178	0.00197593
1922	1223	1.0178	0.00197593
1922	1224	1.0178	0.00197593
1922	1225	1.0178	0.00197593
1922	1226	1.0178	0.00197593
1922	1227	1.0178	0.00197593
1922	1228	1.0178	0.00197593
1922	1229	1.0178	0.00197593
1922	1230	1.0178	0.00197593
1922	1231	1.0178	0.00197593
1922	1232	1.0178	0.00197593
1922	1233	1.0178	0.00197593
1922	1234	1.0178	0.00197593
1922	1235	1.0178	0.00197593
1922	1236	1.0178	0.00197593
1922	1237	1.0178	0.00197593
1922	1238	1.0178	0.00197593
1922	1239	1.0178	0.00197593
1922	1240	1.0178	0.00197593
1922	1241	1.0178	0.00197593
1922	1242	1.0178	0.00197593
1922	1243	1.0178	0.00197593
1922	1244	1.0178	0.00197593
1922	1245	1.0178	0.00197593
1922	1246	1.0178	0.00197593
1922	1247	1.0178	0.00197593
1922	1248	1.0178	0.00197593
1922	1249	1.0178	0.00197593
1922	1250	1.0178	0.00197593
1922	1251	1.0178	0.00197593
1922	1252	1.0178	0.00197593
1922	1253	1.0178	0.00197593
1922	1254	1.0178	0.00197593
1922	1255	1.0178	0.00197593
1922	1256	1.0178	0.00197593
1922	1257	1.0178	0.00197593
1922	1258	1.0178	0.00197593
1922	1259	1.0178	0.00197593
1922	1260	1.0178	0.00197593
1922	1261	1.0178	0.00197593
1922	1262	1.0178	0.00197593
1922	1263	1.0178	0.00197593
1922	1264	1.0178	0.00197593
1922	1265	1.0178	0.00197593
1922	1266	1.0178	0.00197593
1922	1267	1.0178	0.00197593
1922	1268	1.0178	0.00197593
1922	1269	1.0178	0.00197593
1922	1270	1.0178	0.00197593
1922	1271	1.0178	0.00197593
1922	1272	1.0178	0.00197593
1922	1273	1.0178	0.00197593
1922	1274	1.0178	0.00197593
1922	1275	1.0178	0.00197593
1922	1276	1.0178	0.00197593
1922	1277	1.0178	0.00197593
1922	1278	1.0178	0.00197593
1922	1279	1.0178	0.00197593
1922	1280	1.0178	0.00197593
1922	1281	1.0178	0.00197593
1922	1282	1.0178	0.00197593
1922	1283	1.0178	0.00197593
1922	1284	1.0178	0.00197593
1922	1285	1.0178	0.00197593
1922	1286	1.0178	0.00197593
1922	1287	1.0178	0.00197593
1922	1288	1.0178	0.00197593
1922	1289	1.0178	0.00197593
1922	1290	1.0178	0.00197593
1922	1291	1.0178	0.00197593
1922	1292	1.0178	0.00197593
1922	1293	1.0178	0.00197593
1922	1294	1.0178	0.00197593
1922	1295	1.0178	0.00197593
1922	1296	1.0178	0.00197593
1922	1297	1.0178	0.00197593
1922	1298	1.0178	0.00197593
1922	1299	1.0178	0.00197593
1922	1300	1.0178	0.00197593
1922	1301	1.0178	0.00197593
1922	1302	1.0178	0.00197593
1922	1303	1.0178	0.00197593
1922	1304	1.0178	0.00197593
1922	1305	1.0178	0.00197593
1922	1306	1.0178	0.00197593
1922	1307	1.0178	0.00197593
1922	1308	1.0178	0.00197593
1922	1309	1.0178	0.00197593
1922	1310	1.0178	0.00197593
1922	1311	1.0178	0.00197593
1922	1312	1.0178	0.00197593
1922	1313	1.0178	0.00197593
1922	1314	1.0178	0.00197593
1922	1315	1.0178	0.00197593
1922	1316	1.0178	0.00197593
1922	1317	1.0178	0.00197593
1922	1318	1.0178	0.00197593
1922	1319	1.0178	0.00197593
1922	1320	1.0178	0.00197593
1922	1321	1.0178	0.00197593
1922	1322	1.0178	0.00197593
1922	1323	1.0178	0.00197593
1922	1324	1.0178	0.00197593
1922	1325	1.0178	0.00197593
1922	1326	1.0178	0.00197593
1922	1327	1.0178	0.00197593
1922	1328	1.0178	0.00197593
1922	1329	1.0178	0.00197593
1922	1330	1.0178	0.00197593
1922	1331	1.0178	0.00197593
1922	1332	1.0178	0.00197593
1922	1333	1.0178	0.00197593
1922	1334	1.0178	0.00197593
1922	1335	1.0178	0.00197593
1922	1336	1.0178	0.00197593
1922	1337	1.0178	0.00197593
1922	1338	1.0178	0.00197593
1922	1339	1.0178	0.00197593
1922	1340	1.0178	0.00197593
1922	1341	1.0178	0.00197593
1922	1342	1.0178	0.00197593
1922	1343	1.0178	0.00197593
1922	1344	1.0178	0.00197593
1922	1345	1.0178	0.00197593
1922	1346	1.0178	0.00197593
1922	1347	1.0178	0.00197593
1922	1348	1.0178	0.00197593
1922	1349	1.0178	0.00197593
1922	1350	1.0178	0.00197593
1922	1351	1.0178	0.00197593
1922	1352	1.0178	0.00197593
1922	1353	1.0178	0.00197593
1922	1354	1.0178	0.00197593
1922	1355	1.0178	0.00197593
1922	1356	1.0178	0.00197593
1922	1357	1.0178	0.00197593
1922	1358	1.0178	0.00197593
1922	1359	1.0178	0.00197593
1922	1360	1.0178	0.00197593
1922	1361	1.0178	0.00197593
1922	1362	1.0178	0.00197593
1922	1363	1.0178	0.00197593
1922	1364	1.0178	0.00197593
1922	1365	1.0178	0.00197593
1922	1366	1.0178	0.00197593
1922	1367	1.0178	0.00197593
1922	1368	1.0178	0.00197593
1922	1369	1.0178	0.00197593
1922	1370	1.0178	0.00197593
1922	1371	1.0178	0.00197593
1922	1372	1.0178	0.00197593
1922	1373	1.0178	0.00197593
1922	1374	1.0178	0.00197593
1922	1375	1.0178	0.00197593
1922	1376	1.0178	0.00197593
1922	1377	1.0178	0.00197593
1922	1378	1.0178	0.00197593
1922	1379	1.0178	0.00197593
1922	1380	1.0178	0.00197593
1922	1381	1.0178	0.00197593
1922	1382	1.0178	0.00197593
1922	1383	1.0178	0.00197593
1922	1384	1.0178	0.00197593
1922	1385	1.0178	0.00197593
1922	1386	1.0178	0.00197593
1922	1387	1.0178	0.00197593
1922	1388	1.0178	0.00197593
1922	1389	1.0178	0.00197593
1922	1390	1.0178	0.00197593
1922	1391	1.0178	0.00197593
1922	1392	1.0178	0.00197593
1922	1393	1.0178	0.00197593
1922	1394	1.0178	0.00197593
1922	1395	1.0178	0.00197593
1922	1396	1.0178	0.00197593
1922	1397	1.0178	0.00197593
1922	1398	1.0178	0.00197593
1922	1399	1.0178	0.00197593
1922	1400	1.0178	0.00197593
1922	1401	1.0178	0.00197593
1922	1402	1.0178	0.00197593
1922	1403	1.0178	0.00197593
1922	1404	1.0178	0.00197593
1922	1405	1.0178	0.00197593
1922	1406	1.0178	0.00197593
1922	1407	1.0178	0.00197593
1922	1408	1.0178	0.00197593
1922	1409	1.0178	0.00197593
1922	1410	1.0178	0.00197593
1922	1411	1.0178	0.00197593
1922	1412	1.0178	0.00197593
1922	1413	1.0178	0.00197593
1922	1414	1.0178	0.00197593
1922	1415	1.0178	0.00197593
1922	1416	1.0178	0.00197593
1922	1417	1.0178	0.00197593
1922	1418	1.0178	0.00197593
1922	1419	1.0178	0.00197593
1922	1420	1.0178	0.00197593
1922	1421	1.0178	0.00197593
1922	1422	1.0178	0.00197593
1922	1423	1.0178	0.00197593
1922	1424	1.0178	0.00197593
1922	1425	1.0178	0.00197593
1922	1426	1.0178	0.00197593
1922	1427	1.0178	0.00197593
1922	1428	1.0178	0.00197593
1922	1429	1.0178	0.00197593
1922	1430	1.0178	0.00197593
1922	1431	1.0178	0.00197593
1922	1432	1.0178	0.00197593
1922	1433	1.0178	0.00197593
1922	1434	1.0178	0.00197593
1922	1435	1.0178	0.00197593
1922	1436	1.0178	0.00197593
1922	1437	1.0178	0.00197593
1922	1438	1.0178	0.00197593
1922	1439	1.0178	0.00197593
1922	1440	1.0178	0.00197593
1922	1441	1.0178	0.00197593
1922	1442	1.0178	0.00197593
1922	1443	1.0178	0.00197593
1922	1444	1.0178	0.00197593
1922	1445	1.0178	0.00197593
1922	1446	1.0178	0.00197593
1922	1447	1.0178	0.00197593
1922	1448	1.0178	0.00197593
1922	1449	1.0178	0.00197593
1922	1450	1.0178	0.00197593
1922	1451	1.0178	0.00197593
1922	1452	1.0178	0.00197593
1922	1453	1.0178	0.00197593
1922	1454	1.0178	0.00197593
1922	1455	1.0178	0.00197593
1922	1456	1.0178	0.00197593
1922	1457	1.0178	0.00197593
1922	1458	1.0178	0.00197593
1922	1459	1.0178	0.00197593
1922	1460	1.0178	0.00197593
1922	1461	1.0178	0.00197593
1922	1462	1.0178	0.00197593
1922	1463	1.0178	0.00197593
1922	1464	1.0178	0.00197593
1922	1465	1.0178	0.00197593
1922	1466	1.0178	0.00197593
1922	1467	1.0178	0.00197593
1922	1468	1.0178	0.00197593
1922	1469	1.0178	0.00197593
1922	1470	1.0178	0.00197593
1922	1471	1.0178	0.00197593
1922	1472	1.0178	0.00197593
1922	1473	1.0178	0.00197593
1922	1474	1.0178	0.00197593
1922	1475	1.0178	0.00197593
1922	1476	1.0178	0.00197593
1922	1477	1.0178	0.00197593
1922	1478	1.0178	0.00197593
1922	1479	1.0178	0.00197593
1922	1480	1.0178	0.00197593
1922	1481	1.0178	0.00197593
1922	1482	1.0178	0.00197593
1922	1483	1.0178	0.00197593
1922	1484	1.0178	0.00197593
1922	1485	1.0178	0.00197593
1922	1486	1.0178	0.00197593
1922	1487	1.0178	0.00197593
1922	1488	1.0178	0.00197593
1922	1489	1.0178	0.00197593
1922	1490	1.0178	0.00197593
1922	1491	1.0178	0.00197593
1922	1492	1.0178	0.00197593
1922	1493	1.0178	0.00197593
1922	1494	1.0178	0.00197593
1922	1495	1.0178	0.00197593
1922	1496	1.0178	0.00197593
1922	1497	1.0178	0.00197593
1922	1498	1.0178	0.00197593
1922	1499	1.0178	0.00197593
1922	1500	1.0178	0.00197593
1922	1501	1.0178	0.00197593
1922	1502	1.0178	0.00197593
1922	1503	1.0178	0.00197593
1922	1504	1.0178	0.00197593
1922	1505	1.0178	0.00197593
1922	1506	1.0178	0.00197593
1922	1507	1.0178	0.00197593
1922	1508	1.0178	0.00197593
1922	1509	1.0178	0.00197593
1922	1510	1.0178	0.00197593
1922	1511	1.0178	0.00197593
1922	1512	1.0178	0.00197593
1922	1513	1.0178	0.00197593
1922	1514	1.0178	0.00197593
1922	1515	1.0178	0.00197593
1922	1516	1.0178	0.00197593
1922	1517	1.0178	0.00197593
1922	1518	1.0178	0.00197593
1922	1519	1.0178	0.00197593
1922	1520	1.0178	0.00197593
1922	1521	1.0178	0.00197593
1922	1522	1.0178	0.00197593
1922	1523	1.0178	0.00197593
1922	1524	1.0178	0.00197593
1922	1525	1.0178	0.00197593
1922	1526	1.0178	0.00197593
1922	1527	1.0178	0.00197593
1922	1528	1.0178	0.00197593
1922	1529	1.0178	0.00197593
1922	1530	1.0178	0.00197593
1922	1531	1.0178	0.00197593
1922	1532	1.0178	0.00197593
1922	1533	1.0178	0.00197593
1922	1534	1.0178	0.00197593
1922	1535	1.0178	0.00197593
1922	1536	1.0178	0.00197593
1922	1537	1.0178	0.00197593
1922	1538	1.0178	0.00197593
1922	1539	1.0178	0.00197593
1922	1540	1.0178	0.00197593
1922	1541	1.0178	0.00197593
1922	1542	1.0178	0.00197593
1922	1543	1.0178	0.00197593
1922	1544	1.0178	0.00197593
1922	1545	1.0178	0.00197593
1922	1546	1.0178	0.00197593
1922	1547	1.0178	0.00197593
1922	1548	1.0178	0.00197593
1922	1549	1.0178	0.00197593
1922	1550	1.0178	0.00197593
1922	1551	1.0178	0.00197593
1922	1552	1.0178	0.00197593
1922	1553	1.0178	0.00197593
1922	1554	1.0178	0.00197593
1922	1555	1.0178	0.00197593
1922	1556	1.0178	0.00197593
1922	1557	1.0178	0.00197593
1922	1558	1.0178	0.00197593
1922	1559	1.0178	0.00197593
1922	1560	1.0178	0.00197593
1922	1561	1.0178	0.00197593
1922	1562	1.0178	0.00197593
1922	1563	1.0178	0.00197593
1922	1564	1.0178	0.00197593
1922	1565	1.0178	0.00197593
1922	1566	1.0178	0.00197593
1922	1567	1.0178	0.00197593
1922	1568	1.0178	0.00197593
1922	1569	1.0178	0.00197593
1922	1570	1.0178	0.00197593
1922	1571	1.0178	0.00197593
1922	1572	1.0178	0.00197593
1922	1573	1.0178	0.00197593
1922	1574	1.0178	0.00197593
1922	1575	1.0178	0.00197593
1922	1576	1.0178	0.00197593
1922	1577	1.0178	0.00197593
1922	1578	1.0178	0.00197593
1922	1579	1.0178	0.00197593
1922	1580	1.0178	0.00197593
1922	1581	1.0178	0.00197593
1922	1582	1.0178	0.00197593
1922	1583	1.0178	0.00197593
1922	1584	1.0178	0.00197593
1922	1585	1.0178	0.00197593
1922	1586	1.0178	0.00197593
1922	1587	1.0178	0.00197593
1922	1588	1.0178	0.00197593
1922	1589	1.0178	0.00197593
1922	1590	1.0178	0.00197593
1922	1591	1.0178	0.00197593
1922	1592	1.0178	0.00197593
1922	1593	1.0178	0.00197593
1922	1594	1.0178	0.00197593
1922	1595	1.0178	0.00197593
1922	1596	1.0178	0.00197593
1922	1597	1.0178	0.00197593
1922	1598	1.0178	0.00197593
1922	1599	1.0178	0.00197593
1922	1600	1.0178	0.00197593
1922	1601	1.0178	0.00197593
1922	1602	1.0178	0.00197593
1922	1603	1.0178	0.00197593
1922	1604	1.0178	0.00197593
1922	1605	1.0178	0.00197593
1922	1606	1.0178	0.00197593
1922	1607	1.0178	0.00197593
1922	1608	1.0178	0.00197593
1922	1609	1.0178	0.00197593
1922	1610	1.0178	0.00197593
1922	1611	1.0178	0.00197593
1922	1612	1.0178	0.00197593
1922	1613	1.0178	0.00197593
1922	1614	1.0178	0.00197593
1922	1615	1.0178	0.00197593
1922	1616	1.0178	0.00197593
1922	1617	1.0178	0.00197593
1922	1618	1.0178	0.00197593
1922	1619	1.0178	0.00197593
1922	1620	1.0178	0.00197593
1922	1621	1.0178	0.00197593
1922	1622	1.0178	0.00197593
1922	1623	1.0178	0.00197593
1922	1624	1.0178	0.00197593
1922	1625	1.0178	0.00197593
1922	1626	1.0178	0.00197593
1922	1627	1.0178	0.00197593
1922	1628	1.0178	0.00197593
1922	1629	1.0178	0.00197593
1922	1630	1.0178	0.00197593
1922	1631	1.0178	0.00197593
1922	1632	1.0178	0.00197593
1922	1633	1.0178	0.00197593
1922	1634	1.0178	0.00197593
1922	1635	1.0178	0.00197593
1922	1636	1.0178	0.00197593
1922	1637	1.0178	0.00197593
1922	1638	1.0178	0.00197593
1922	1639	1.0178	0.00197593
1922	1640	1.0178	0.00197593
1922	1641	1.0178	0.00197593
1922	1642	1.0178	0.00197593
1922	1643	1.0178	0.00197593
1922	1644	1.0178	0.00197593
1922	1645	1.0178	0.00197593
1922	1646	1.0178	0.00197593
1922	1647	1.0178	0.00197593
1922	1648	1.0178	0.00197593
1922	1649	1.0178	0.00197593
1922	1650	1.0178	0.00197593
1922	1651	1.0178	0.00197593
1922	1652	1.0178	0.00197593
1922	1653	1.0178	0.00197593
1922	1654	1.0178	0.00197593
1922	1655	1.0178	0.00197593
1922	1656	1.0178	0.00197593
1922	1657	1.0178	0.00197593
1922	1658	1.0178	0.00197593
1922	1659	1.0178	0.00197593
1922	1660	1.0178	0.00197593
1922	1661	1.0178	0.00197593
1922	1662	1.0178	0.00197593
1922	1663	1.0178	0.00197593
1922	1664	1.0178	0.00197593
1922	1665	1.0178	0.00197593
1922	1666	1.0178	0.00197593
1922	1667	1.0178	0.00197593
1922	1668	1.0178	0.00197593
1922	1669	1.0178	0.00197593
1922	1670	1.0178	0.00197593
1922	1671	1.0178	0.00197593
1922	1672	1.0178	0.00197593
1922	1673	1.0178	0.00197593
1922	1674	1.0178	0.00197593
1922	1675	1.0178	0.00197593
1922	1676	1.0178	0.00197593
1922	1677	1.0178	0.00197593
1922	1678	1.0178	0.00197593
1922	1679	1.0178	0.00197593
1922	1680	1.0178	0.00197593
1922	1681	1.0178	0.00197593
1922	1682	1.0178	0.00197593
1922	1683	1.0178	0.00197593
1922	1684	1.0178	0.00197593
1922	1685	1.0178	0.00197593
1922	1686	1.0178	0.00197593
1922	1687	1.0178	0.00197593
1922	1688	1.0178	0.00197593
1922	1689	1.0178	0.00197593
1922	1690	1.0178	0.00197593
1922	1691	1.0178	0.00197593
1922	1692	1.0178	0.00197593
1922	1693	1.0178	0.00197593
1922	1694	1.0178	0.00197593
1922	1695	1.0178	0.00197593
1922	1696	1.0178	0.00197593
1922	1697	1.0178	0.00197593
1922	1698	1.0178	0.00197593
1922	1699	1.0178	0.00197593
1922	1700	1.0178	0.00197593
1922	1701	1.0178	0.00197593
1922	1702	1.0178	0.00197593
1922	1703	1.0178	0.00197593
1922	1704	1.0178	0.00197593
1922	1705	1.0178	0.00197593
1922	1706	1.0178	0.00197593
1922	1707	1.0178	0.00197593
1922	1708	1.0178	0.00197593
1922	1709	1.0178	0.00197593
1922	1710	1.0178	0.00197593
1922	1711	1.0178	0.00197593
1922	1712	1.0178	0.00197593
1922	1713	1.0178	0.00197593
1922	1714	1.0178	0.00197593
1922	1715	1.0178	0.00197593
1922	1716	1.0178	0.00197593
1922	1717	1.0178	0.00197593
1922	1718	1.0178	0.00197593
1922	1719	1.0178	0.00197593
1922	1720	1.0178	0.00197593
1922	1721	1.0178	0.00197593
1922	1722	1.0178	0.00197593
1922	1723	1.0178	0.00197593
1922	1724	1.0178	0.00197593
1922	1725	1.0178	0.00197593
1922	1726	1.0178	0.00197593
1922	1727	1.0178	0.00197593
1922	1728	1.0178	0.00197593
1922	1729	1.0178	0.00197593
1922	1730	1.0178	0.00197593
1922	1731	1.0178	0.00197593
1922	1732	1.0178	0.00197593
1922	1733	1.0178	0.00197593
1922	1734	1.0178	0.00197593
1922	1735	1.0178	0.00197593
1922	1736	1.0178	0.00197593
1922	1737	1.0178	0.00197593
1922	1738	1.0178	0.00197593
1922	1739	1.0178	0.00197593
1922	1740	1.0178	0.00197593
1922	1741	1.0178	0.00197593
1922	1742	1.0178	0.00197593
1922	1743	1.0178	0.00197593
1922	1744	1.0178	0.00197593
1922	1745	1.0178	0.00197593
1922	1746	1.0178	0.00197593
1922	1747	1.0178	0.00197593
1922	1748	1.0178	0.00197593
1922	1749	1.0178	0.00197593
1922	1750	1.0178	0.00197593
1922	1751	1.0178	0.00197593
1922	1752	1.0178	0.00197593
1922	1753	1.0178	0.00197593
1922	1754	1.0178	0.00197593
1922	1755	1.0178	0.00197593
1922	1756	1.0178	0.00197593
1922	1757	1.0178	0.00197593
1922	1758	1.0178	0.00197593
1922	1759	1.0178	0.00197593
1922	1760	1.0178	0.00197593
1922	1761	1.0178	0.00197593
1922	1762	1.0178	0.00197593
1922	1763	1.0178	0.00197593
1922	1764	1.0178	0.00197593
1922	1765	1.0178	0.00197593
1922	1766	1.0178	0.00197593
1922	1767	1.0178	0.00197593
1922	1768	1.0178	0.00197593
1922	1769	1.0178	0.00197593
1922	1770	1.0178	0.00197593
1922	1771	1.0178	0.00197593
1922	1772	1.0178	0.00197593
1922	1773	1.0178	0.00197593
1922	1774	1.0178	0.00197593
1922	1775	1.0178	0.00197593
1922	1776	1.0178	0.00197593
1922	1777	1.0178	0.00197593
1922	1778	1.0178	0.00197593
1922	1779	1.0178	0.00197593
1922	1780	1.0178	0.00197593
1922	1781	1.0178	0.00197593
1922	1782	1.0178	0.00197593
1922	1783	1.0178	0.00197593
1922	1784	1.0178	0.00197593
1922	1785	1.0178	0.00197593
1922	1786	1.0178	0.00197593
1922	1787	1.0178	0.00197593
1922	1788	1.0178	0.00197593
1922	1789	1.0178	0.00197593
1922	1790	1.0178	0.00197593
1922	1791	1.0178	0.00197593
1922	1792	1.0178	0.00197593
1922	1793	1.0178	0.00197593
1922	1794	1.0178	0.00197593
1922	1795	1.0178	0.00197593
1922	1796	1.0178	0.00197593
1922	1797	1.0178	0.00197593
1922	1798	1.0178	0.00197593
1922	1799	1.0178	0.00197593
1922	1800	1.0178	0.00197593
1922	1801	1.0178	0.00197593
1922	1802	1.0178	0.00197593
1922	1803	1.0178	0.00197593
1922	1804	1.0178	0.00197593
1922	1805	1.0178	0.00197593
1922	1806	1.0178	0.00197593
1922	1807	1.0178	0.00197593
1922	1808	1.0178	0.00197593
1922	1809	1.0178	0.00197593
1922	1810	1.0178	0.00197593
1922	1811	1.0178	0.00197593
1922	1812	1.0178	0.00197593
1922	1813	1.0178	0.00197593
1922	1814	1.0178	0.00197593
1922	1815	1.0178	0.00197593
1922	1816	1.0178	0.00197593
1922	1817	1.0178	0.00197593
1922	1818	1.0178	0.00197593
1922	1819	1.0178	0.00197593
1922	1820	1.0178	0.00197593
1922	1821	1.0178	0.00197593
1922	1822	1.0178	0.00197593
1922	1823	1.0178	0.00197593
1922	1824	1.0178	0.00197593
1922	1825	1.0178	0.00197593
1922	1826	1.0178	0.00197593
1922	1827	1.0178	0.00197593
1922	1828	1.0178	0.00197593
1922	1829	1.0178	0.00197593
1922	1830	1.0178	0.00197593
1922	1831	1.0178	0.00197593
1922	1832	1.0178	0.00197593
1922	1833	1.0178	0.00197593
1922	1834	1.0178	0.00197593
1922	1835	1.0178	0.00197593
1922	1836	1.0178	0.00197593
1922	1837	1.0178	0.00197593
1922	1838	1.0178	0.00197593
1922	1839	1.0178	0.00197593
1922	1840	1.0178	0.00197593
1922	1841	1.0178	0.00197593
1922	1842	1.0178	0.00197593
1922	1843	1.0178	0.00197593
1922	1844	1.0178	0.00197593
1922	1845	1.0178	0.00197593
1922	1846	1.0178	0.00197593
1922	1847	1.0178	0.00197593
1922	1848	1.0178	0.00197593
1922	1849	1.0178	0.00197593
1922	1850	1.0178	0.00197593
1922	1851	1.0178	0.00197593
1922	1852	1.0178	0.00197593
1922	1853	1.0178	0.00197593
1922	1854	1.0178	0.00197593
1922	1855	1.0178	0.00197593
1922	1856	1.0178	0.00197593
1922	1857	1.0178	0.00197593
1922	1858	1.0178	0.00197593
1922	1859	1.0178	0.00197593
1922	1860	1.0178	0.00197593
1922	1861	1.0178	0.00197593
1922	1862	1.0178	0.00197593
1922	1863	1.0178	0.00197593
1922	1864	1.0178	0.00197593
1922	1865	1.0178	0.00197593
1922	1866	1.0178	0.00197593
1922	1867	1.0178	0.00197593
1922	1868	1.0178	0.00197593
1922	1869	1.0178	0.00197593
1922	1870	1.0178	0.00197593
1922	1871	1.0178	0.00197593
1922	1872	1.0178	0.00197593
1922	1873	1.0178	0.00197593
1922	1874	1.0178	0.00197593
1922	1875	1.0178	0.00197593
1922	1876	1.0178	0.00197593
1922	1877	1.0178	0.00197593
1922	1878	1.0178	0.00197593
1922	1879	1.0178	0.00197593
1922	1880	1.0178	0.00197593
1922	1881	1.0178	0.00197593
1922	1882	1.0178	0.00197593
1922	1883	1.0178	0.00197593
1922	1884	1.0178	0.00197593
1922	1885	1.0178	0.00197593
1922	1886	1.0178	0.00197593
1922	1887	1.0178	0.00197593
1922	1888	1.0178	0.00197593
1922	1889	1.0178	0.00197593
1922	1890	1.0178	0.00197593
1922	1891	1.0178	0.00197593
1922	1892	1.0178	0.00197593
1922	1893	1.0178	0.00197593
1922	1894	1.0178	0.00197593
1922	1895	1.0178	0.00197593
1922	1896	1.0178	0.00197593
1922	1897	1.0178	0.00197593
1922	1898	1.0178	0.00197593
1922	1899	1.0178	0.00197593
1922	1900	1.0178	0.00197593
1922	1901	1.0178	0.00197593
1922	1902	1.0178	0.00197593
1922	1903	1.0178	0.00197593
1922	1904	1.0178	0.00197593
1922	1905	1.0178	0.00197593
1922	1906	1.0178	0.00197593
1922	1907	1.0178	0.00197593
1922	1908	1.0178	0.00197593
1922	1909	1.0178	0.00197593
1922	1910	1.0178	0.00197593
1922	1911	1.0178	0.00197593
1922	1912	1.0178	0.00197593
1922	1913	1.0178	0.00197593
1922	1914	1.0178	0.00197593
1922	1915	1.0178	0.00197593
1922	1916	1.0178	0.00197593
1922	1917	1.0178	0.00197593
1922	1918	1.0178	0.00197593
1922	1919	1.0178	0.00197593
1922	1920	1.0178	0.00197593
1922	1921	1.0178	0.00197593
1922	1922	1.0178	0.00197593
1922	1923	1.0178	0.00197593
1922	1924	1.0178	0.00197593
1922	1925	1.0178	0.00197593
1922	1926	1.0178	0.00197593
1922	1927	1.0178	0.00197593
1922	1928	1.0178	0.00197593
1922	1929	1.0178	0.00197593
1922	1930	1.0178	0.00197593
1922	1931	1.0178	0.00197593
1922	1932	1.0178	0.00197593
1922	1933	1.0178	0.00197593
1922	1934	1.0178	0.00197593
1922	1935	1.0178	0.00197593
1922	1936	1.0178	0.00197593
1922	1937	1.0178	0.00197593
1922	1938	1.0178	0.00197593
1922	1939	1.0178	0.00197593
1922	1940	1.0178	0.00197593
1922	1941	1.0178	0.00197593
1922	1942	1.0178	0.00197593
1922	1943	1.0178	0.00197593
1922	1944	1.0178	0.00197593
1922	1945	1.0178	0.00197593
1922	1946	1.0178	0.00197593
1922	1947	1.0178	0.00197593
1922	1948	1.0178	0.00197593
1922	1949	1.0178	0.00197593
1922	1950	1.0178	0.00197593
1922	1951	1.0178	0.00197593
1922	1952	1.0178	0.00197593
1922	1953	1.0178	0.00197593
1922	1954	1.0178	0.00197593
1922	1955	1.0178	0.00197593
1922	1956	1.0178	0.00197593
1922	1957	1.0178	0.00197593
1922	1958	1.0178	0.00197593
1922	1959	1.0178	0.00197593
1922	1960	1.0178	0.00197593
1922	1961	1.0178	0.00197593
1922	1962	1.0178	0.00197593
1922	1963	1.0178	0.00197593
1922	1964	1.0178	0.00197593
1922	1965	1.0178	0.00197593
1922	1966	1.0178	0.00197593
1922	1967	1.0178	0.00197593
1922	1968	1.0178	0.00197593
1922	1969	1.0178	0.00197593
1922	1970	1.0178	0.00197593
1922	1971	1.0178	0.00197593
1922	1972	1.0178	0.00197593
1922	1973	1.0178	0.00197593
1922	1974	1.0178	0.00197593
1922	1975	1.0178	0.00197593
1922	1976	1.0178	0.00197593
1922	1977	1.0178	0.00197593
1922	1978	1.0178	0.00197593
1922	1979	1.0178	0.00197593
1922	1980	1.0178	0.00197593
1922	1981	1.0178	0.00197593
1922	1982	1.0178	0.00197593
1922	1983	1.0178	0.00197593
1922	1984	1.0178	0.00197593
