1817	0	1.0039	0.00193415
1817	1	1.0039	0.00193415
1817	2	1.0039	0.00193415
1817	3	1.0039	0.00193415
1817	4	1.0039	0.00193415
1817	5	1.0039	0.00193415
1817	6	1.0039	0.00193415
1817	7	1.0039	0.00193415
1817	8	1.0039	0.00193415
1817	9	1.0039	0.00193415
1817	10	1.0039	0.00193415
1817	11	1.0039	0.00193415
1817	12	1.0039	0.00193415
1817	13	1.0039	0.00193415
1817	14	1.0039	0.00193415
1817	15	1.0039	0.00193415
1817	16	1.0039	0.00193415
1817	17	1.0039	0.00193415
1817	18	1.0039	0.00193415
1817	19	1.0039	0.00193415
1817	20	1.0039	0.00193415
1817	21	1.0039	0.00193415
1817	22	1.0039	0.00193415
1817	23	1.0039	0.00193415
1817	24	1.0039	0.00193415
1817	25	1.0039	0.00193415
1817	26	1.0039	0.00193415
1817	27	1.0039	0.00193415
1817	28	1.0039	0.00193415
1817	29	1.0039	0.00193415
1817	30	1.0039	0.00193415
1817	31	1.0039	0.00193415
1817	32	1.0039	0.00193415
1817	33	1.0039	0.00193415
1817	34	1.0039	0.00193415
1817	35	1.0039	0.00193415
1817	36	1.0039	0.00193415
1817	37	1.0039	0.00193415
1817	38	1.0039	0.00193415
1817	39	1.0039	0.00193415
1817	40	1.0039	0.00193415
1817	41	1.0039	0.00193415
1817	42	1.0039	0.00193415
1817	43	1.0039	0.00193415
1817	44	1.0039	0.00193415
1817	45	1.0039	0.00193415
1817	46	1.0039	0.00193415
1817	47	1.0039	0.00193415
1817	48	1.0039	0.00193415
1817	49	1.0039	0.00193415
1817	50	1.0039	0.00193415
1817	51	1.0039	0.00193415
1817	52	1.0039	0.00193415
1817	53	1.0039	0.00193415
1817	54	1.0039	0.00193415
1817	55	1.0039	0.00193415
1817	56	1.0039	0.00193415
1817	57	1.0039	0.00193415
1817	58	1.0039	0.00193415
1817	59	1.0039	0.00193415
1817	60	1.0039	0.00193415
1817	61	1.0039	0.00193415
1817	62	1.0039	0.00193415
1817	63	1.0039	0.00193415
1817	64	1.0039	0.00193415
1817	65	1.0039	0.00193415
1817	66	1.0039	0.00193415
1817	67	1.0039	0.00193415
1817	68	1.0039	0.00193415
1817	69	1.0039	0.00193415
1817	70	1.0039	0.00193415
1817	71	1.0039	0.00193415
1817	72	1.0039	0.00193415
1817	73	1.0039	0.00193415
1817	74	1.0039	0.00193415
1817	75	1.0039	0.00193415
1817	76	1.0039	0.00193415
1817	77	1.0039	0.00193415
1817	78	1.0039	0.00193415
1817	79	1.0039	0.00193415
1817	80	1.0039	0.00193415
1817	81	1.0039	0.00193415
1817	82	1.0039	0.00193415
1817	83	1.0039	0.00193415
1817	84	1.0039	0.00193415
1817	85	1.0039	0.00193415
1817	86	1.0039	0.00193415
1817	87	1.0039	0.00193415
1817	88	1.0039	0.00193415
1817	89	1.0039	0.00193415
1817	90	1.0039	0.00193415
1817	91	1.0039	0.00193415
1817	92	1.0039	0.00193415
1817	93	1.0039	0.00193415
1817	94	1.0039	0.00193415
1817	95	1.0039	0.00193415
1817	96	1.0039	0.00193415
1817	97	1.0039	0.00193415
1817	98	1.0039	0.00193415
1817	99	1.0039	0.00193415
1817	100	1.0039	0.00193415
1817	101	1.0039	0.00193415
1817	102	1.0039	0.00193415
1817	103	1.0039	0.00193415
1817	104	1.0039	0.00193415
1817	105	1.0039	0.00193415
1817	106	1.0039	0.00193415
1817	107	1.0039	0.00193415
1817	108	1.0039	0.00193415
1817	109	1.0039	0.00193415
1817	110	1.0039	0.00193415
1817	111	1.0039	0.00193415
1817	112	1.0039	0.00193415
1817	113	1.0039	0.00193415
1817	114	1.0039	0.00193415
1817	115	1.0039	0.00193415
1817	116	1.0039	0.00193415
1817	117	1.0039	0.00193415
1817	118	1.0039	0.00193415
1817	119	1.0039	0.00193415
1817	120	1.0039	0.00193415
1817	121	1.0039	0.00193415
1817	122	1.0039	0.00193415
1817	123	1.0039	0.00193415
1817	124	1.0039	0.00193415
1817	125	1.0039	0.00193415
1817	126	1.0039	0.00193415
1817	127	1.0039	0.00193415
1817	128	1.0039	0.00193415
1817	129	1.0039	0.00193415
1817	130	1.0039	0.00193415
1817	131	1.0039	0.00193415
1817	132	1.0039	0.00193415
1817	133	1.0039	0.00193415
1817	134	1.0039	0.00193415
1817	135	1.0039	0.00193415
1817	136	1.0039	0.00193415
1817	137	1.0039	0.00193415
1817	138	1.0039	0.00193415
1817	139	1.0039	0.00193415
1817	140	1.0039	0.00193415
1817	141	1.0039	0.00193415
1817	142	1.0039	0.00193415
1817	143	1.0039	0.00193415
1817	144	1.0039	0.00193415
1817	145	1.0039	0.00193415
1817	146	1.0039	0.00193415
1817	147	1.0039	0.00193415
1817	148	1.0039	0.00193415
1817	149	1.0039	0.00193415
1817	150	1.0039	0.00193415
1817	151	1.0039	0.00193415
1817	152	1.0039	0.00193415
1817	153	1.0039	0.00193415
1817	154	1.0039	0.00193415
1817	155	1.0039	0.00193415
1817	156	1.0039	0.00193415
1817	157	1.0039	0.00193415
1817	158	1.0039	0.00193415
1817	159	1.0039	0.00193415
1817	160	1.0039	0.00193415
1817	161	1.0039	0.00193415
1817	162	1.0039	0.00193415
1817	163	1.0039	0.00193415
1817	164	1.0039	0.00193415
1817	165	1.0039	0.00193415
1817	166	1.0039	0.00193415
1817	167	1.0039	0.00193415
1817	168	1.0039	0.00193415
1817	169	1.0039	0.00193415
1817	170	1.0039	0.00193415
1817	171	1.0039	0.00193415
1817	172	1.0039	0.00193415
1817	173	1.0039	0.00193415
1817	174	1.0039	0.00193415
1817	175	1.0039	0.00193415
1817	176	1.0039	0.00193415
1817	177	1.0039	0.00193415
1817	178	1.0039	0.00193415
1817	179	1.0039	0.00193415
1817	180	1.0039	0.00193415
1817	181	1.0039	0.00193415
1817	182	1.0039	0.00193415
1817	183	1.0039	0.00193415
1817	184	1.0039	0.00193415
1817	185	1.0039	0.00193415
1817	186	1.0039	0.00193415
1817	187	1.0039	0.00193415
1817	188	1.0039	0.00193415
1817	189	1.0039	0.00193415
1817	190	1.0039	0.00193415
1817	191	1.0039	0.00193415
1817	192	1.0039	0.00193415
1817	193	1.0039	0.00193415
1817	194	1.0039	0.00193415
1817	195	1.0039	0.00193415
1817	196	1.0039	0.00193415
1817	197	1.0039	0.00193415
1817	198	1.0039	0.00193415
1817	199	1.0039	0.00193415
1817	200	1.0039	0.00193415
1817	201	1.0039	0.00193415
1817	202	1.0039	0.00193415
1817	203	1.0039	0.00193415
1817	204	1.0039	0.00193415
1817	205	1.0039	0.00193415
1817	206	1.0039	0.00193415
1817	207	1.0039	0.00193415
1817	208	1.0039	0.00193415
1817	209	1.0039	0.00193415
1817	210	1.0039	0.00193415
1817	211	1.0039	0.00193415
1817	212	1.0039	0.00193415
1817	213	1.0039	0.00193415
1817	214	1.0039	0.00193415
1817	215	1.0039	0.00193415
1817	216	1.0039	0.00193415
1817	217	1.0039	0.00193415
1817	218	1.0039	0.00193415
1817	219	1.0039	0.00193415
1817	220	1.0039	0.00193415
1817	221	1.0039	0.00193415
1817	222	1.0039	0.00193415
1817	223	1.0039	0.00193415
1817	224	1.0039	0.00193415
1817	225	1.0039	0.00193415
1817	226	1.0039	0.00193415
1817	227	1.0039	0.00193415
1817	228	1.0039	0.00193415
1817	229	1.0039	0.00193415
1817	230	1.0039	0.00193415
1817	231	1.0039	0.00193415
1817	232	1.0039	0.00193415
1817	233	1.0039	0.00193415
1817	234	1.0039	0.00193415
1817	235	1.0039	0.00193415
1817	236	1.0039	0.00193415
1817	237	1.0039	0.00193415
1817	238	1.0039	0.00193415
1817	239	1.0039	0.00193415
1817	240	1.0039	0.00193415
1817	241	1.0039	0.00193415
1817	242	1.0039	0.00193415
1817	243	1.0039	0.00193415
1817	244	1.0039	0.00193415
1817	245	1.0039	0.00193415
1817	246	1.0039	0.00193415
1817	247	1.0039	0.00193415
1817	248	1.0039	0.00193415
1817	249	1.0039	0.00193415
1817	250	1.0039	0.00193415
1817	251	1.0039	0.00193415
1817	252	1.0039	0.00193415
1817	253	1.0039	0.00193415
1817	254	1.0039	0.00193415
1817	255	1.0039	0.00193415
1817	256	1.0039	0.00193415
1817	257	1.0039	0.00193415
1817	258	1.0039	0.00193415
1817	259	1.0039	0.00193415
1817	260	1.0039	0.00193415
1817	261	1.0039	0.00193415
1817	262	1.0039	0.00193415
1817	263	1.0039	0.00193415
1817	264	1.0039	0.00193415
1817	265	1.0039	0.00193415
1817	266	1.0039	0.00193415
1817	267	1.0039	0.00193415
1817	268	1.0039	0.00193415
1817	269	1.0039	0.00193415
1817	270	1.0039	0.00193415
1817	271	1.0039	0.00193415
1817	272	1.0039	0.00193415
1817	273	1.0039	0.00193415
1817	274	1.0039	0.00193415
1817	275	1.0039	0.00193415
1817	276	1.0039	0.00193415
1817	277	1.0039	0.00193415
1817	278	1.0039	0.00193415
1817	279	1.0039	0.00193415
1817	280	1.0039	0.00193415
1817	281	1.0039	0.00193415
1817	282	1.0039	0.00193415
1817	283	1.0039	0.00193415
1817	284	1.0039	0.00193415
1817	285	1.0039	0.00193415
1817	286	1.0039	0.00193415
1817	287	1.0039	0.00193415
1817	288	1.0039	0.00193415
1817	289	1.0039	0.00193415
1817	290	1.0039	0.00193415
1817	291	1.0039	0.00193415
1817	292	1.0039	0.00193415
1817	293	1.0039	0.00193415
1817	294	1.0039	0.00193415
1817	295	1.0039	0.00193415
1817	296	1.0039	0.00193415
1817	297	1.0039	0.00193415
1817	298	1.0039	0.00193415
1817	299	1.0039	0.00193415
1817	300	1.0039	0.00193415
1817	301	1.0039	0.00193415
1817	302	1.0039	0.00193415
1817	303	1.0039	0.00193415
1817	304	1.0039	0.00193415
1817	305	1.0039	0.00193415
1817	306	1.0039	0.00193415
1817	307	1.0039	0.00193415
1817	308	1.0039	0.00193415
1817	309	1.0039	0.00193415
1817	310	1.0039	0.00193415
1817	311	1.0039	0.00193415
1817	312	1.0039	0.00193415
1817	313	1.0039	0.00193415
1817	314	1.0039	0.00193415
1817	315	1.0039	0.00193415
1817	316	1.0039	0.00193415
1817	317	1.0039	0.00193415
1817	318	1.0039	0.00193415
1817	319	1.0039	0.00193415
1817	320	1.0039	0.00193415
1817	321	1.0039	0.00193415
1817	322	1.0039	0.00193415
1817	323	1.0039	0.00193415
1817	324	1.0039	0.00193415
1817	325	1.0039	0.00193415
1817	326	1.0039	0.00193415
1817	327	1.0039	0.00193415
1817	328	1.0039	0.00193415
1817	329	1.0039	0.00193415
1817	330	1.0039	0.00193415
1817	331	1.0039	0.00193415
1817	332	1.0039	0.00193415
1817	333	1.0039	0.00193415
1817	334	1.0039	0.00193415
1817	335	1.0039	0.00193415
1817	336	1.0039	0.00193415
1817	337	1.0039	0.00193415
1817	338	1.0039	0.00193415
1817	339	1.0039	0.00193415
1817	340	1.0039	0.00193415
1817	341	1.0039	0.00193415
1817	342	1.0039	0.00193415
1817	343	1.0039	0.00193415
1817	344	1.0039	0.00193415
1817	345	1.0039	0.00193415
1817	346	1.0039	0.00193415
1817	347	1.0039	0.00193415
1817	348	1.0039	0.00193415
1817	349	1.0039	0.00193415
1817	350	1.0039	0.00193415
1817	351	1.0039	0.00193415
1817	352	1.0039	0.00193415
1817	353	1.0039	0.00193415
1817	354	1.0039	0.00193415
1817	355	1.0039	0.00193415
1817	356	1.0039	0.00193415
1817	357	1.0039	0.00193415
1817	358	1.0039	0.00193415
1817	359	1.0039	0.00193415
1817	360	1.0039	0.00193415
1817	361	1.0039	0.00193415
1817	362	1.0039	0.00193415
1817	363	1.0039	0.00193415
1817	364	1.0039	0.00193415
1817	365	1.0039	0.00193415
1817	366	1.0039	0.00193415
1817	367	1.0039	0.00193415
1817	368	1.0039	0.00193415
1817	369	1.0039	0.00193415
1817	370	1.0039	0.00193415
1817	371	1.0039	0.00193415
1817	372	1.0039	0.00193415
1817	373	1.0039	0.00193415
1817	374	1.0039	0.00193415
1817	375	1.0039	0.00193415
1817	376	1.0039	0.00193415
1817	377	1.0039	0.00193415
1817	378	1.0039	0.00193415
1817	379	1.0039	0.00193415
1817	380	1.0039	0.00193415
1817	381	1.0039	0.00193415
1817	382	1.0039	0.00193415
1817	383	1.0039	0.00193415
1817	384	1.0039	0.00193415
1817	385	1.0039	0.00193415
1817	386	1.0039	0.00193415
1817	387	1.0039	0.00193415
1817	388	1.0039	0.00193415
1817	389	1.0039	0.00193415
1817	390	1.0039	0.00193415
1817	391	1.0039	0.00193415
1817	392	1.0039	0.00193415
1817	393	1.0039	0.00193415
1817	394	1.0039	0.00193415
1817	395	1.0039	0.00193415
1817	396	1.0039	0.00193415
1817	397	1.0039	0.00193415
1817	398	1.0039	0.00193415
1817	399	1.0039	0.00193415
1817	400	1.0039	0.00193415
1817	401	1.0039	0.00193415
1817	402	1.0039	0.00193415
1817	403	1.0039	0.00193415
1817	404	1.0039	0.00193415
1817	405	1.0039	0.00193415
1817	406	1.0039	0.00193415
1817	407	1.0039	0.00193415
1817	408	1.0039	0.00193415
1817	409	1.0039	0.00193415
1817	410	1.0039	0.00193415
1817	411	1.0039	0.00193415
1817	412	1.0039	0.00193415
1817	413	1.0039	0.00193415
1817	414	1.0039	0.00193415
1817	415	1.0039	0.00193415
1817	416	1.0039	0.00193415
1817	417	1.0039	0.00193415
1817	418	1.0039	0.00193415
1817	419	1.0039	0.00193415
1817	420	1.0039	0.00193415
1817	421	1.0039	0.00193415
1817	422	1.0039	0.00193415
1817	423	1.0039	0.00193415
1817	424	1.0039	0.00193415
1817	425	1.0039	0.00193415
1817	426	1.0039	0.00193415
1817	427	1.0039	0.00193415
1817	428	1.0039	0.00193415
1817	429	1.0039	0.00193415
1817	430	1.0039	0.00193415
1817	431	1.0039	0.00193415
1817	432	1.0039	0.00193415
1817	433	1.0039	0.00193415
1817	434	1.0039	0.00193415
1817	435	1.0039	0.00193415
1817	436	1.0039	0.00193415
1817	437	1.0039	0.00193415
1817	438	1.0039	0.00193415
1817	439	1.0039	0.00193415
1817	440	1.0039	0.00193415
1817	441	1.0039	0.00193415
1817	442	1.0039	0.00193415
1817	443	1.0039	0.00193415
1817	444	1.0039	0.00193415
1817	445	1.0039	0.00193415
1817	446	1.0039	0.00193415
1817	447	1.0039	0.00193415
1817	448	1.0039	0.00193415
1817	449	1.0039	0.00193415
1817	450	1.0039	0.00193415
1817	451	1.0039	0.00193415
1817	452	1.0039	0.00193415
1817	453	1.0039	0.00193415
1817	454	1.0039	0.00193415
1817	455	1.0039	0.00193415
1817	456	1.0039	0.00193415
1817	457	1.0039	0.00193415
1817	458	1.0039	0.00193415
1817	459	1.0039	0.00193415
1817	460	1.0039	0.00193415
1817	461	1.0039	0.00193415
1817	462	1.0039	0.00193415
1817	463	1.0039	0.00193415
1817	464	1.0039	0.00193415
1817	465	1.0039	0.00193415
1817	466	1.0039	0.00193415
1817	467	1.0039	0.00193415
1817	468	1.0039	0.00193415
1817	469	1.0039	0.00193415
1817	470	1.0039	0.00193415
1817	471	1.0039	0.00193415
1817	472	1.0039	0.00193415
1817	473	1.0039	0.00193415
1817	474	1.0039	0.00193415
1817	475	1.0039	0.00193415
1817	476	1.0039	0.00193415
1817	477	1.0039	0.00193415
1817	478	1.0039	0.00193415
1817	479	1.0039	0.00193415
1817	480	1.0039	0.00193415
1817	481	1.0039	0.00193415
1817	482	1.0039	0.00193415
1817	483	1.0039	0.00193415
1817	484	1.0039	0.00193415
1817	485	1.0039	0.00193415
1817	486	1.0039	0.00193415
1817	487	1.0039	0.00193415
1817	488	1.0039	0.00193415
1817	489	1.0039	0.00193415
1817	490	1.0039	0.00193415
1817	491	1.0039	0.00193415
1817	492	1.0039	0.00193415
1817	493	1.0039	0.00193415
1817	494	1.0039	0.00193415
1817	495	1.0039	0.00193415
1817	496	1.0039	0.00193415
1817	497	1.0039	0.00193415
1817	498	1.0039	0.00193415
1817	499	1.0039	0.00193415
1817	500	1.0039	0.00193415
1817	501	1.0039	0.00193415
1817	502	1.0039	0.00193415
1817	503	1.0039	0.00193415
1817	504	1.0039	0.00193415
1817	505	1.0039	0.00193415
1817	506	1.0039	0.00193415
1817	507	1.0039	0.00193415
1817	508	1.0039	0.00193415
1817	509	1.0039	0.00193415
1817	510	1.0039	0.00193415
1817	511	1.0039	0.00193415
1817	512	1.0039	0.00193415
1817	513	1.0039	0.00193415
1817	514	1.0039	0.00193415
1817	515	1.0039	0.00193415
1817	516	1.0039	0.00193415
1817	517	1.0039	0.00193415
1817	518	1.0039	0.00193415
1817	519	1.0039	0.00193415
1817	520	1.0039	0.00193415
1817	521	1.0039	0.00193415
1817	522	1.0039	0.00193415
1817	523	1.0039	0.00193415
1817	524	1.0039	0.00193415
1817	525	1.0039	0.00193415
1817	526	1.0039	0.00193415
1817	527	1.0039	0.00193415
1817	528	1.0039	0.00193415
1817	529	1.0039	0.00193415
1817	530	1.0039	0.00193415
1817	531	1.0039	0.00193415
1817	532	1.0039	0.00193415
1817	533	1.0039	0.00193415
1817	534	1.0039	0.00193415
1817	535	1.0039	0.00193415
1817	536	1.0039	0.00193415
1817	537	1.0039	0.00193415
1817	538	1.0039	0.00193415
1817	539	1.0039	0.00193415
1817	540	1.0039	0.00193415
1817	541	1.0039	0.00193415
1817	542	1.0039	0.00193415
1817	543	1.0039	0.00193415
1817	544	1.0039	0.00193415
1817	545	1.0039	0.00193415
1817	546	1.0039	0.00193415
1817	547	1.0039	0.00193415
1817	548	1.0039	0.00193415
1817	549	1.0039	0.00193415
1817	550	1.0039	0.00193415
1817	551	1.0039	0.00193415
1817	552	1.0039	0.00193415
1817	553	1.0039	0.00193415
1817	554	1.0039	0.00193415
1817	555	1.0039	0.00193415
1817	556	1.0039	0.00193415
1817	557	1.0039	0.00193415
1817	558	1.0039	0.00193415
1817	559	1.0039	0.00193415
1817	560	1.0039	0.00193415
1817	561	1.0039	0.00193415
1817	562	1.0039	0.00193415
1817	563	1.0039	0.00193415
1817	564	1.0039	0.00193415
1817	565	1.0039	0.00193415
1817	566	1.0039	0.00193415
1817	567	1.0039	0.00193415
1817	568	1.0039	0.00193415
1817	569	1.0039	0.00193415
1817	570	1.0039	0.00193415
1817	571	1.0039	0.00193415
1817	572	1.0039	0.00193415
1817	573	1.0039	0.00193415
1817	574	1.0039	0.00193415
1817	575	1.0039	0.00193415
1817	576	1.0039	0.00193415
1817	577	1.0039	0.00193415
1817	578	1.0039	0.00193415
1817	579	1.0039	0.00193415
1817	580	1.0039	0.00193415
1817	581	1.0039	0.00193415
1817	582	1.0039	0.00193415
1817	583	1.0039	0.00193415
1817	584	1.0039	0.00193415
1817	585	1.0039	0.00193415
1817	586	1.0039	0.00193415
1817	587	1.0039	0.00193415
1817	588	1.0039	0.00193415
1817	589	1.0039	0.00193415
1817	590	1.0039	0.00193415
1817	591	1.0039	0.00193415
1817	592	1.0039	0.00193415
1817	593	1.0039	0.00193415
1817	594	1.0039	0.00193415
1817	595	1.0039	0.00193415
1817	596	1.0039	0.00193415
1817	597	1.0039	0.00193415
1817	598	1.0039	0.00193415
1817	599	1.0039	0.00193415
1817	600	1.0039	0.00193415
1817	601	1.0039	0.00193415
1817	602	1.0039	0.00193415
1817	603	1.0039	0.00193415
1817	604	1.0039	0.00193415
1817	605	1.0039	0.00193415
1817	606	1.0039	0.00193415
1817	607	1.0039	0.00193415
1817	608	1.0039	0.00193415
1817	609	1.0039	0.00193415
1817	610	1.0039	0.00193415
1817	611	1.0039	0.00193415
1817	612	1.0039	0.00193415
1817	613	1.0039	0.00193415
1817	614	1.0039	0.00193415
1817	615	1.0039	0.00193415
1817	616	1.0039	0.00193415
1817	617	1.0039	0.00193415
1817	618	1.0039	0.00193415
1817	619	1.0039	0.00193415
1817	620	1.0039	0.00193415
1817	621	1.0039	0.00193415
1817	622	1.0039	0.00193415
1817	623	1.0039	0.00193415
1817	624	1.0039	0.00193415
1817	625	1.0039	0.00193415
1817	626	1.0039	0.00193415
1817	627	1.0039	0.00193415
1817	628	1.0039	0.00193415
1817	629	1.0039	0.00193415
1817	630	1.0039	0.00193415
1817	631	1.0039	0.00193415
1817	632	1.0039	0.00193415
1817	633	1.0039	0.00193415
1817	634	1.0039	0.00193415
1817	635	1.0039	0.00193415
1817	636	1.0039	0.00193415
1817	637	1.0039	0.00193415
1817	638	1.0039	0.00193415
1817	639	1.0039	0.00193415
1817	640	1.0039	0.00193415
1817	641	1.0039	0.00193415
1817	642	1.0039	0.00193415
1817	643	1.0039	0.00193415
1817	644	1.0039	0.00193415
1817	645	1.0039	0.00193415
1817	646	1.0039	0.00193415
1817	647	1.0039	0.00193415
1817	648	1.0039	0.00193415
1817	649	1.0039	0.00193415
1817	650	1.0039	0.00193415
1817	651	1.0039	0.00193415
1817	652	1.0039	0.00193415
1817	653	1.0039	0.00193415
1817	654	1.0039	0.00193415
1817	655	1.0039	0.00193415
1817	656	1.0039	0.00193415
1817	657	1.0039	0.00193415
1817	658	1.0039	0.00193415
1817	659	1.0039	0.00193415
1817	660	1.0039	0.00193415
1817	661	1.0039	0.00193415
1817	662	1.0039	0.00193415
1817	663	1.0039	0.00193415
1817	664	1.0039	0.00193415
1817	665	1.0039	0.00193415
1817	666	1.0039	0.00193415
1817	667	1.0039	0.00193415
1817	668	1.0039	0.00193415
1817	669	1.0039	0.00193415
1817	670	1.0039	0.00193415
1817	671	1.0039	0.00193415
1817	672	1.0039	0.00193415
1817	673	1.0039	0.00193415
1817	674	1.0039	0.00193415
1817	675	1.0039	0.00193415
1817	676	1.0039	0.00193415
1817	677	1.0039	0.00193415
1817	678	1.0039	0.00193415
1817	679	1.0039	0.00193415
1817	680	1.0039	0.00193415
1817	681	1.0039	0.00193415
1817	682	1.0039	0.00193415
1817	683	1.0039	0.00193415
1817	684	1.0039	0.00193415
1817	685	1.0039	0.00193415
1817	686	1.0039	0.00193415
1817	687	1.0039	0.00193415
1817	688	1.0039	0.00193415
1817	689	1.0039	0.00193415
1817	690	1.0039	0.00193415
1817	691	1.0039	0.00193415
1817	692	1.0039	0.00193415
1817	693	1.0039	0.00193415
1817	694	1.0039	0.00193415
1817	695	1.0039	0.00193415
1817	696	1.0039	0.00193415
1817	697	1.0039	0.00193415
1817	698	1.0039	0.00193415
1817	699	1.0039	0.00193415
1817	700	1.0039	0.00193415
1817	701	1.0039	0.00193415
1817	702	1.0039	0.00193415
1817	703	1.0039	0.00193415
1817	704	1.0039	0.00193415
1817	705	1.0039	0.00193415
1817	706	1.0039	0.00193415
1817	707	1.0039	0.00193415
1817	708	1.0039	0.00193415
1817	709	1.0039	0.00193415
1817	710	1.0039	0.00193415
1817	711	1.0039	0.00193415
1817	712	1.0039	0.00193415
1817	713	1.0039	0.00193415
1817	714	1.0039	0.00193415
1817	715	1.0039	0.00193415
1817	716	1.0039	0.00193415
1817	717	1.0039	0.00193415
1817	718	1.0039	0.00193415
1817	719	1.0039	0.00193415
1817	720	1.0039	0.00193415
1817	721	1.0039	0.00193415
1817	722	1.0039	0.00193415
1817	723	1.0039	0.00193415
1817	724	1.0039	0.00193415
1817	725	1.0039	0.00193415
1817	726	1.0039	0.00193415
1817	727	1.0039	0.00193415
1817	728	1.0039	0.00193415
1817	729	1.0039	0.00193415
1817	730	1.0039	0.00193415
1817	731	1.0039	0.00193415
1817	732	1.0039	0.00193415
1817	733	1.0039	0.00193415
1817	734	1.0039	0.00193415
1817	735	1.0039	0.00193415
1817	736	1.0039	0.00193415
1817	737	1.0039	0.00193415
1817	738	1.0039	0.00193415
1817	739	1.0039	0.00193415
1817	740	1.0039	0.00193415
1817	741	1.0039	0.00193415
1817	742	1.0039	0.00193415
1817	743	1.0039	0.00193415
1817	744	1.0039	0.00193415
1817	745	1.0039	0.00193415
1817	746	1.0039	0.00193415
1817	747	1.0039	0.00193415
1817	748	1.0039	0.00193415
1817	749	1.0039	0.00193415
1817	750	1.0039	0.00193415
1817	751	1.0039	0.00193415
1817	752	1.0039	0.00193415
1817	753	1.0039	0.00193415
1817	754	1.0039	0.00193415
1817	755	1.0039	0.00193415
1817	756	1.0039	0.00193415
1817	757	1.0039	0.00193415
1817	758	1.0039	0.00193415
1817	759	1.0039	0.00193415
1817	760	1.0039	0.00193415
1817	761	1.0039	0.00193415
1817	762	1.0039	0.00193415
1817	763	1.0039	0.00193415
1817	764	1.0039	0.00193415
1817	765	1.0039	0.00193415
1817	766	1.0039	0.00193415
1817	767	1.0039	0.00193415
1817	768	1.0039	0.00193415
1817	769	1.0039	0.00193415
1817	770	1.0039	0.00193415
1817	771	1.0039	0.00193415
1817	772	1.0039	0.00193415
1817	773	1.0039	0.00193415
1817	774	1.0039	0.00193415
1817	775	1.0039	0.00193415
1817	776	1.0039	0.00193415
1817	777	1.0039	0.00193415
1817	778	1.0039	0.00193415
1817	779	1.0039	0.00193415
1817	780	1.0039	0.00193415
1817	781	1.0039	0.00193415
1817	782	1.0039	0.00193415
1817	783	1.0039	0.00193415
1817	784	1.0039	0.00193415
1817	785	1.0039	0.00193415
1817	786	1.0039	0.00193415
1817	787	1.0039	0.00193415
1817	788	1.0039	0.00193415
1817	789	1.0039	0.00193415
1817	790	1.0039	0.00193415
1817	791	1.0039	0.00193415
1817	792	1.0039	0.00193415
1817	793	1.0039	0.00193415
1817	794	1.0039	0.00193415
1817	795	1.0039	0.00193415
1817	796	1.0039	0.00193415
1817	797	1.0039	0.00193415
1817	798	1.0039	0.00193415
1817	799	1.0039	0.00193415
1817	800	1.0039	0.00193415
1817	801	1.0039	0.00193415
1817	802	1.0039	0.00193415
1817	803	1.0039	0.00193415
1817	804	1.0039	0.00193415
1817	805	1.0039	0.00193415
1817	806	1.0039	0.00193415
1817	807	1.0039	0.00193415
1817	808	1.0039	0.00193415
1817	809	1.0039	0.00193415
1817	810	1.0039	0.00193415
1817	811	1.0039	0.00193415
1817	812	1.0039	0.00193415
1817	813	1.0039	0.00193415
1817	814	1.0039	0.00193415
1817	815	1.0039	0.00193415
1817	816	1.0039	0.00193415
1817	817	1.0039	0.00193415
1817	818	1.0039	0.00193415
1817	819	1.0039	0.00193415
1817	820	1.0039	0.00193415
1817	821	1.0039	0.00193415
1817	822	1.0039	0.00193415
1817	823	1.0039	0.00193415
1817	824	1.0039	0.00193415
1817	825	1.0039	0.00193415
1817	826	1.0039	0.00193415
1817	827	1.0039	0.00193415
1817	828	1.0039	0.00193415
1817	829	1.0039	0.00193415
1817	830	1.0039	0.00193415
1817	831	1.0039	0.00193415
1817	832	1.0039	0.00193415
1817	833	1.0039	0.00193415
1817	834	1.0039	0.00193415
1817	835	1.0039	0.00193415
1817	836	1.0039	0.00193415
1817	837	1.0039	0.00193415
1817	838	1.0039	0.00193415
1817	839	1.0039	0.00193415
1817	840	1.0039	0.00193415
1817	841	1.0039	0.00193415
1817	842	1.0039	0.00193415
1817	843	1.0039	0.00193415
1817	844	1.0039	0.00193415
1817	845	1.0039	0.00193415
1817	846	1.0039	0.00193415
1817	847	1.0039	0.00193415
1817	848	1.0039	0.00193415
1817	849	1.0039	0.00193415
1817	850	1.0039	0.00193415
1817	851	1.0039	0.00193415
1817	852	1.0039	0.00193415
1817	853	1.0039	0.00193415
1817	854	1.0039	0.00193415
1817	855	1.0039	0.00193415
1817	856	1.0039	0.00193415
1817	857	1.0039	0.00193415
1817	858	1.0039	0.00193415
1817	859	1.0039	0.00193415
1817	860	1.0039	0.00193415
1817	861	1.0039	0.00193415
1817	862	1.0039	0.00193415
1817	863	1.0039	0.00193415
1817	864	1.0039	0.00193415
1817	865	1.0039	0.00193415
1817	866	1.0039	0.00193415
1817	867	1.0039	0.00193415
1817	868	1.0039	0.00193415
1817	869	1.0039	0.00193415
1817	870	1.0039	0.00193415
1817	871	1.0039	0.00193415
1817	872	1.0039	0.00193415
1817	873	1.0039	0.00193415
1817	874	1.0039	0.00193415
1817	875	1.0039	0.00193415
1817	876	1.0039	0.00193415
1817	877	1.0039	0.00193415
1817	878	1.0039	0.00193415
1817	879	1.0039	0.00193415
1817	880	1.0039	0.00193415
1817	881	1.0039	0.00193415
1817	882	1.0039	0.00193415
1817	883	1.0039	0.00193415
1817	884	1.0039	0.00193415
1817	885	1.0039	0.00193415
1817	886	1.0039	0.00193415
1817	887	1.0039	0.00193415
1817	888	1.0039	0.00193415
1817	889	1.0039	0.00193415
1817	890	1.0039	0.00193415
1817	891	1.0039	0.00193415
1817	892	1.0039	0.00193415
1817	893	1.0039	0.00193415
1817	894	1.0039	0.00193415
1817	895	1.0039	0.00193415
1817	896	1.0039	0.00193415
1817	897	1.0039	0.00193415
1817	898	1.0039	0.00193415
1817	899	1.0039	0.00193415
1817	900	1.0039	0.00193415
1817	901	1.0039	0.00193415
1817	902	1.0039	0.00193415
1817	903	1.0039	0.00193415
1817	904	1.0039	0.00193415
1817	905	1.0039	0.00193415
1817	906	1.0039	0.00193415
1817	907	1.0039	0.00193415
1817	908	1.0039	0.00193415
1817	909	1.0039	0.00193415
1817	910	1.0039	0.00193415
1817	911	1.0039	0.00193415
1817	912	1.0039	0.00193415
1817	913	1.0039	0.00193415
1817	914	1.0039	0.00193415
1817	915	1.0039	0.00193415
1817	916	1.0039	0.00193415
1817	917	1.0039	0.00193415
1817	918	1.0039	0.00193415
1817	919	1.0039	0.00193415
1817	920	1.0039	0.00193415
1817	921	1.0039	0.00193415
1817	922	1.0039	0.00193415
1817	923	1.0039	0.00193415
1817	924	1.0039	0.00193415
1817	925	1.0039	0.00193415
1817	926	1.0039	0.00193415
1817	927	1.0039	0.00193415
1817	928	1.0039	0.00193415
1817	929	1.0039	0.00193415
1817	930	1.0039	0.00193415
1817	931	1.0039	0.00193415
1817	932	1.0039	0.00193415
1817	933	1.0039	0.00193415
1817	934	1.0039	0.00193415
1817	935	1.0039	0.00193415
1817	936	1.0039	0.00193415
1817	937	1.0039	0.00193415
1817	938	1.0039	0.00193415
1817	939	1.0039	0.00193415
1817	940	1.0039	0.00193415
1817	941	1.0039	0.00193415
1817	942	1.0039	0.00193415
1817	943	1.0039	0.00193415
1817	944	1.0039	0.00193415
1817	945	1.0039	0.00193415
1817	946	1.0039	0.00193415
1817	947	1.0039	0.00193415
1817	948	1.0039	0.00193415
1817	949	1.0039	0.00193415
1817	950	1.0039	0.00193415
1817	951	1.0039	0.00193415
1817	952	1.0039	0.00193415
1817	953	1.0039	0.00193415
1817	954	1.0039	0.00193415
1817	955	1.0039	0.00193415
1817	956	1.0039	0.00193415
1817	957	1.0039	0.00193415
1817	958	1.0039	0.00193415
1817	959	1.0039	0.00193415
1817	960	1.0039	0.00193415
1817	961	1.0039	0.00193415
1817	962	1.0039	0.00193415
1817	963	1.0039	0.00193415
1817	964	1.0039	0.00193415
1817	965	1.0039	0.00193415
1817	966	1.0039	0.00193415
1817	967	1.0039	0.00193415
1817	968	1.0039	0.00193415
1817	969	1.0039	0.00193415
1817	970	1.0039	0.00193415
1817	971	1.0039	0.00193415
1817	972	1.0039	0.00193415
1817	973	1.0039	0.00193415
1817	974	1.0039	0.00193415
1817	975	1.0039	0.00193415
1817	976	1.0039	0.00193415
1817	977	1.0039	0.00193415
1817	978	1.0039	0.00193415
1817	979	1.0039	0.00193415
1817	980	1.0039	0.00193415
1817	981	1.0039	0.00193415
1817	982	1.0039	0.00193415
1817	983	1.0039	0.00193415
1817	984	1.0039	0.00193415
1817	985	1.0039	0.00193415
1817	986	1.0039	0.00193415
1817	987	1.0039	0.00193415
1817	988	1.0039	0.00193415
1817	989	1.0039	0.00193415
1817	990	1.0039	0.00193415
1817	991	1.0039	0.00193415
1817	992	1.0039	0.00193415
1817	993	1.0039	0.00193415
1817	994	1.0039	0.00193415
1817	995	1.0039	0.00193415
1817	996	1.0039	0.00193415
1817	997	1.0039	0.00193415
1817	998	1.0039	0.00193415
1817	999	1.0039	0.00193415
1817	1000	1.0039	0.00193415
1817	1001	1.0039	0.00193415
1817	1002	1.0039	0.00193415
1817	1003	1.0039	0.00193415
1817	1004	1.0039	0.00193415
1817	1005	1.0039	0.00193415
1817	1006	1.0039	0.00193415
1817	1007	1.0039	0.00193415
1817	1008	1.0039	0.00193415
1817	1009	1.0039	0.00193415
1817	1010	1.0039	0.00193415
1817	1011	1.0039	0.00193415
1817	1012	1.0039	0.00193415
1817	1013	1.0039	0.00193415
1817	1014	1.0039	0.00193415
1817	1015	1.0039	0.00193415
1817	1016	1.0039	0.00193415
1817	1017	1.0039	0.00193415
1817	1018	1.0039	0.00193415
1817	1019	1.0039	0.00193415
1817	1020	1.0039	0.00193415
1817	1021	1.0039	0.00193415
1817	1022	1.0039	0.00193415
1817	1023	1.0039	0.00193415
1817	1024	1.0039	0.00193415
1817	1025	1.0039	0.00193415
1817	1026	1.0039	0.00193415
1817	1027	1.0039	0.00193415
1817	1028	1.0039	0.00193415
1817	1029	1.0039	0.00193415
1817	1030	1.0039	0.00193415
1817	1031	1.0039	0.00193415
1817	1032	1.0039	0.00193415
1817	1033	1.0039	0.00193415
1817	1034	1.0039	0.00193415
1817	1035	1.0039	0.00193415
1817	1036	1.0039	0.00193415
1817	1037	1.0039	0.00193415
1817	1038	1.0039	0.00193415
1817	1039	1.0039	0.00193415
1817	1040	1.0039	0.00193415
1817	1041	1.0039	0.00193415
1817	1042	1.0039	0.00193415
1817	1043	1.0039	0.00193415
1817	1044	1.0039	0.00193415
1817	1045	1.0039	0.00193415
1817	1046	1.0039	0.00193415
1817	1047	1.0039	0.00193415
1817	1048	1.0039	0.00193415
1817	1049	1.0039	0.00193415
1817	1050	1.0039	0.00193415
1817	1051	1.0039	0.00193415
1817	1052	1.0039	0.00193415
1817	1053	1.0039	0.00193415
1817	1054	1.0039	0.00193415
1817	1055	1.0039	0.00193415
1817	1056	1.0039	0.00193415
1817	1057	1.0039	0.00193415
1817	1058	1.0039	0.00193415
1817	1059	1.0039	0.00193415
1817	1060	1.0039	0.00193415
1817	1061	1.0039	0.00193415
1817	1062	1.0039	0.00193415
1817	1063	1.0039	0.00193415
1817	1064	1.0039	0.00193415
1817	1065	1.0039	0.00193415
1817	1066	1.0039	0.00193415
1817	1067	1.0039	0.00193415
1817	1068	1.0039	0.00193415
1817	1069	1.0039	0.00193415
1817	1070	1.0039	0.00193415
1817	1071	1.0039	0.00193415
1817	1072	1.0039	0.00193415
1817	1073	1.0039	0.00193415
1817	1074	1.0039	0.00193415
1817	1075	1.0039	0.00193415
1817	1076	1.0039	0.00193415
1817	1077	1.0039	0.00193415
1817	1078	1.0039	0.00193415
1817	1079	1.0039	0.00193415
1817	1080	1.0039	0.00193415
1817	1081	1.0039	0.00193415
1817	1082	1.0039	0.00193415
1817	1083	1.0039	0.00193415
1817	1084	1.0039	0.00193415
1817	1085	1.0039	0.00193415
1817	1086	1.0039	0.00193415
1817	1087	1.0039	0.00193415
1817	1088	1.0039	0.00193415
1817	1089	1.0039	0.00193415
1817	1090	1.0039	0.00193415
1817	1091	1.0039	0.00193415
1817	1092	1.0039	0.00193415
1817	1093	1.0039	0.00193415
1817	1094	1.0039	0.00193415
1817	1095	1.0039	0.00193415
1817	1096	1.0039	0.00193415
1817	1097	1.0039	0.00193415
1817	1098	1.0039	0.00193415
1817	1099	1.0039	0.00193415
1817	1100	1.0039	0.00193415
1817	1101	1.0039	0.00193415
1817	1102	1.0039	0.00193415
1817	1103	1.0039	0.00193415
1817	1104	1.0039	0.00193415
1817	1105	1.0039	0.00193415
1817	1106	1.0039	0.00193415
1817	1107	1.0039	0.00193415
1817	1108	1.0039	0.00193415
1817	1109	1.0039	0.00193415
1817	1110	1.0039	0.00193415
1817	1111	1.0039	0.00193415
1817	1112	1.0039	0.00193415
1817	1113	1.0039	0.00193415
1817	1114	1.00674	0.00195108
1817	1115	1.00674	0.00195108
1817	1116	1.00674	0.00195108
1817	1117	1.00674	0.00195108
1817	1118	1.00674	0.00195108
1817	1119	1.00674	0.00195108
1817	1120	1.00674	0.00195108
1817	1121	1.00674	0.00195108
1817	1122	1.00674	0.00195108
1817	1123	1.00674	0.00195108
1817	1124	1.00674	0.00195108
1817	1125	1.00674	0.00195108
1817	1126	1.00674	0.00195108
1817	1127	1.00674	0.00195108
1817	1128	1.00674	0.00195108
1817	1129	1.00674	0.00195108
1817	1130	1.00674	0.00195108
1817	1131	1.00674	0.00195108
1817	1132	1.00674	0.00195108
1817	1133	1.00674	0.00195108
1817	1134	1.00674	0.00195108
1817	1135	1.00674	0.00195108
1817	1136	1.00674	0.00195108
1817	1137	1.00674	0.00195108
1817	1138	1.00674	0.00195108
1817	1139	1.00674	0.00195108
1817	1140	1.00674	0.00195108
1817	1141	1.00674	0.00195108
1817	1142	1.00674	0.00195108
1817	1143	1.00674	0.00195108
1817	1144	1.00674	0.00195108
1817	1145	1.00674	0.00195108
1817	1146	1.00674	0.00195108
1817	1147	1.00674	0.00195108
1817	1148	1.00674	0.00195108
1817	1149	1.00674	0.00195108
1817	1150	1.00674	0.00195108
1817	1151	1.00674	0.00195108
1817	1152	1.00674	0.00195108
1817	1153	1.00674	0.00195108
1817	1154	1.00674	0.00195108
1817	1155	1.00674	0.00195108
1817	1156	1.00674	0.00195108
1817	1157	1.00674	0.00195108
1817	1158	1.00674	0.00195108
1817	1159	1.00674	0.00195108
1817	1160	1.00674	0.00195108
1817	1161	1.00674	0.00195108
1817	1162	1.00674	0.00195108
1817	1163	1.00674	0.00195108
1817	1164	1.00674	0.00195108
1817	1165	1.00674	0.00195108
1817	1166	1.00674	0.00195108
1817	1167	1.00674	0.00195108
1817	1168	1.00674	0.00195108
1817	1169	1.00674	0.00195108
1817	1170	1.00674	0.00195108
1817	1171	1.00674	0.00195108
1817	1172	1.00674	0.00195108
1817	1173	1.00674	0.00195108
1817	1174	1.00674	0.00195108
1817	1175	1.00674	0.00195108
1817	1176	1.00674	0.00195108
1817	1177	1.00674	0.00195108
1817	1178	1.00674	0.00195108
1817	1179	1.00674	0.00195108
1817	1180	1.00674	0.00195108
1817	1181	1.00674	0.00195108
1817	1182	1.00674	0.00195108
1817	1183	1.00674	0.00195108
1817	1184	1.00674	0.00195108
1817	1185	1.00674	0.00195108
1817	1186	1.00674	0.00195108
1817	1187	1.00674	0.00195108
1817	1188	1.00674	0.00195108
1817	1189	1.00674	0.00195108
1817	1190	1.00674	0.00195108
1817	1191	1.00674	0.00195108
1817	1192	1.00674	0.00195108
1817	1193	1.00674	0.00195108
1817	1194	1.00674	0.00195108
1817	1195	1.00674	0.00195108
1817	1196	1.00674	0.00195108
1817	1197	1.00674	0.00195108
1817	1198	1.00674	0.00195108
1817	1199	1.00674	0.00195108
1817	1200	1.00674	0.00195108
1817	1201	1.00674	0.00195108
1817	1202	1.00674	0.00195108
1817	1203	1.00674	0.00195108
1817	1204	1.00674	0.00195108
1817	1205	1.00674	0.00195108
1817	1206	1.00674	0.00195108
1817	1207	1.00674	0.00195108
1817	1208	1.00674	0.00195108
1817	1209	1.00674	0.00195108
1817	1210	1.00674	0.00195108
1817	1211	1.00674	0.00195108
1817	1212	1.00674	0.00195108
1817	1213	1.00674	0.00195108
1817	1214	1.00674	0.00195108
1817	1215	1.00674	0.00195108
1817	1216	1.00674	0.00195108
1817	1217	1.00674	0.00195108
1817	1218	1.00674	0.00195108
1817	1219	1.00674	0.00195108
1817	1220	1.00674	0.00195108
1817	1221	1.00674	0.00195108
1817	1222	1.00674	0.00195108
1817	1223	1.00674	0.00195108
1817	1224	1.00674	0.00195108
1817	1225	1.00674	0.00195108
1817	1226	1.00674	0.00195108
1817	1227	1.00674	0.00195108
1817	1228	1.00674	0.00195108
1817	1229	1.00674	0.00195108
1817	1230	1.00674	0.00195108
1817	1231	1.00674	0.00195108
1817	1232	1.00674	0.00195108
1817	1233	1.00674	0.00195108
1817	1234	1.00674	0.00195108
1817	1235	1.00674	0.00195108
1817	1236	1.00674	0.00195108
1817	1237	1.00674	0.00195108
1817	1238	1.00674	0.00195108
1817	1239	1.00674	0.00195108
1817	1240	1.00674	0.00195108
1817	1241	1.00674	0.00195108
1817	1242	1.00674	0.00195108
1817	1243	1.00674	0.00195108
1817	1244	1.00674	0.00195108
1817	1245	1.00674	0.00195108
1817	1246	1.00674	0.00195108
1817	1247	1.00674	0.00195108
1817	1248	1.00674	0.00195108
1817	1249	1.00674	0.00195108
1817	1250	1.00674	0.00195108
1817	1251	1.00674	0.00195108
1817	1252	1.00674	0.00195108
1817	1253	1.00674	0.00195108
1817	1254	1.00674	0.00195108
1817	1255	1.00674	0.00195108
1817	1256	1.00674	0.00195108
1817	1257	1.00674	0.00195108
1817	1258	1.00674	0.00195108
1817	1259	1.00674	0.00195108
1817	1260	1.00674	0.00195108
1817	1261	1.00674	0.00195108
1817	1262	1.00674	0.00195108
1817	1263	1.00674	0.00195108
1817	1264	1.00674	0.00195108
1817	1265	1.00674	0.00195108
1817	1266	1.00674	0.00195108
1817	1267	1.00674	0.00195108
1817	1268	1.00674	0.00195108
1817	1269	1.00674	0.00195108
1817	1270	1.00674	0.00195108
1817	1271	1.00674	0.00195108
1817	1272	1.00674	0.00195108
1817	1273	1.00674	0.00195108
1817	1274	1.00674	0.00195108
1817	1275	1.00674	0.00195108
1817	1276	1.00674	0.00195108
1817	1277	1.00674	0.00195108
1817	1278	1.00674	0.00195108
1817	1279	1.00674	0.00195108
1817	1280	1.00674	0.00195108
1817	1281	1.00674	0.00195108
1817	1282	1.00674	0.00195108
1817	1283	1.00674	0.00195108
1817	1284	1.00674	0.00195108
1817	1285	1.00674	0.00195108
1817	1286	1.00674	0.00195108
1817	1287	1.00674	0.00195108
1817	1288	1.00674	0.00195108
1817	1289	1.00674	0.00195108
1817	1290	1.00674	0.00195108
1817	1291	1.00674	0.00195108
1817	1292	1.00674	0.00195108
1817	1293	1.00674	0.00195108
1817	1294	1.00674	0.00195108
1817	1295	1.00674	0.00195108
1817	1296	1.00674	0.00195108
1817	1297	1.00674	0.00195108
1817	1298	1.00674	0.00195108
1817	1299	1.00674	0.00195108
1817	1300	1.00674	0.00195108
1817	1301	1.00674	0.00195108
1817	1302	1.00674	0.00195108
1817	1303	1.00674	0.00195108
1817	1304	1.00674	0.00195108
1817	1305	1.00674	0.00195108
1817	1306	1.00674	0.00195108
1817	1307	1.00674	0.00195108
1817	1308	1.00674	0.00195108
1817	1309	1.00674	0.00195108
1817	1310	1.00674	0.00195108
1817	1311	1.00674	0.00195108
1817	1312	1.00674	0.00195108
1817	1313	1.00674	0.00195108
1817	1314	1.00674	0.00195108
1817	1315	1.00674	0.00195108
1817	1316	1.00674	0.00195108
1817	1317	1.00674	0.00195108
1817	1318	1.00674	0.00195108
1817	1319	1.00674	0.00195108
