1920	0	1.02382	0.001989
1920	1	1.02382	0.001989
1920	2	1.02382	0.001989
1920	3	1.02382	0.001989
1920	4	1.02382	0.001989
1920	5	1.02382	0.001989
1920	6	1.02382	0.001989
1920	7	1.02382	0.001989
1920	8	1.02382	0.001989
1920	9	1.02382	0.001989
1920	10	1.02382	0.001989
1920	11	1.02382	0.001989
1920	12	1.02382	0.001989
1920	13	1.02382	0.001989
1920	14	1.02382	0.001989
1920	15	1.02382	0.001989
1920	16	1.02382	0.001989
1920	17	1.02382	0.001989
1920	18	1.02382	0.001989
1920	19	1.02382	0.001989
1920	20	1.02382	0.001989
1920	21	1.02382	0.001989
1920	22	1.02382	0.001989
1920	23	1.02382	0.001989
1920	24	1.02382	0.001989
1920	25	1.02382	0.001989
1920	26	1.02382	0.001989
1920	27	1.02382	0.001989
1920	28	1.02382	0.001989
1920	29	1.02382	0.001989
1920	30	1.02382	0.001989
1920	31	1.02382	0.001989
1920	32	1.02382	0.001989
1920	33	1.02382	0.001989
1920	34	1.02382	0.001989
1920	35	1.02382	0.001989
1920	36	1.02382	0.001989
1920	37	1.02382	0.001989
1920	38	1.02382	0.001989
1920	39	1.02382	0.001989
1920	40	1.02382	0.001989
1920	41	1.02382	0.001989
1920	42	1.02382	0.001989
1920	43	1.02382	0.001989
1920	44	1.02382	0.001989
1920	45	1.02382	0.001989
1920	46	1.02382	0.001989
1920	47	1.02382	0.001989
1920	48	1.02382	0.001989
1920	49	1.02382	0.001989
1920	50	1.02382	0.001989
1920	51	1.02382	0.001989
1920	52	1.02382	0.001989
1920	53	1.02382	0.001989
1920	54	1.02382	0.001989
1920	55	1.02382	0.001989
1920	56	1.02382	0.001989
1920	57	1.02382	0.001989
1920	58	1.02382	0.001989
1920	59	1.02382	0.001989
1920	60	1.02382	0.001989
1920	61	1.02382	0.001989
1920	62	1.02382	0.001989
1920	63	1.02382	0.001989
1920	64	1.02382	0.001989
1920	65	1.02382	0.001989
1920	66	1.02382	0.001989
1920	67	1.02382	0.001989
1920	68	1.02382	0.001989
1920	69	1.02382	0.001989
1920	70	1.02382	0.001989
1920	71	1.02382	0.001989
1920	72	1.02382	0.001989
1920	73	1.02382	0.001989
1920	74	1.02382	0.001989
1920	75	1.02382	0.001989
1920	76	1.02382	0.001989
1920	77	1.02382	0.001989
1920	78	1.02382	0.001989
1920	79	1.02382	0.001989
1920	80	1.02382	0.001989
1920	81	1.02382	0.001989
1920	82	1.02382	0.001989
1920	83	1.02382	0.001989
1920	84	1.02382	0.001989
1920	85	1.02382	0.001989
1920	86	1.02382	0.001989
1920	87	1.02382	0.001989
1920	88	1.02382	0.001989
1920	89	1.02382	0.001989
1920	90	1.02382	0.001989
1920	91	1.02382	0.001989
1920	92	1.02382	0.001989
1920	93	1.02382	0.001989
1920	94	1.02382	0.001989
1920	95	1.02382	0.001989
1920	96	1.02382	0.001989
1920	97	1.02382	0.001989
1920	98	1.02382	0.001989
1920	99	1.02382	0.001989
1920	100	1.02382	0.001989
1920	101	1.02382	0.001989
1920	102	1.02382	0.001989
1920	103	1.02382	0.001989
1920	104	1.02382	0.001989
1920	105	1.02382	0.001989
1920	106	1.02382	0.001989
1920	107	1.02382	0.001989
1920	108	1.02382	0.001989
1920	109	1.02382	0.001989
1920	110	1.02382	0.001989
1920	111	1.02382	0.001989
1920	112	1.02382	0.001989
1920	113	1.02382	0.001989
1920	114	1.02382	0.001989
1920	115	1.02382	0.001989
1920	116	1.02382	0.001989
1920	117	1.02382	0.001989
1920	118	1.02382	0.001989
1920	119	1.02382	0.001989
1920	120	1.02382	0.001989
1920	121	1.02382	0.001989
1920	122	1.02382	0.001989
1920	123	1.02382	0.001989
1920	124	1.02382	0.001989
1920	125	1.02382	0.001989
1920	126	1.02382	0.001989
1920	127	1.02382	0.001989
1920	128	1.02382	0.001989
1920	129	1.02382	0.001989
1920	130	1.02382	0.001989
1920	131	1.02382	0.001989
1920	132	1.02382	0.001989
1920	133	1.02382	0.001989
1920	134	1.02382	0.001989
1920	135	1.02382	0.001989
1920	136	1.02382	0.001989
1920	137	1.02382	0.001989
1920	138	1.02382	0.001989
1920	139	1.02382	0.001989
1920	140	1.02382	0.001989
1920	141	1.02382	0.001989
1920	142	1.02382	0.001989
1920	143	1.02382	0.001989
1920	144	1.02382	0.001989
1920	145	1.02382	0.001989
1920	146	1.02382	0.001989
1920	147	1.02382	0.001989
1920	148	1.02382	0.001989
1920	149	1.02382	0.001989
1920	150	1.02382	0.001989
1920	151	1.02382	0.001989
1920	152	1.02382	0.001989
1920	153	1.02382	0.001989
1920	154	1.02382	0.001989
1920	155	1.02382	0.001989
1920	156	1.02382	0.001989
1920	157	1.02382	0.001989
1920	158	1.02382	0.001989
1920	159	1.02382	0.001989
1920	160	1.02382	0.001989
1920	161	1.02382	0.001989
1920	162	1.02382	0.001989
1920	163	1.02382	0.001989
1920	164	1.02382	0.001989
1920	165	1.02382	0.001989
1920	166	1.02382	0.001989
1920	167	1.02382	0.001989
1920	168	1.02382	0.001989
1920	169	1.02382	0.001989
1920	170	1.02382	0.001989
1920	171	1.02382	0.001989
1920	172	1.02382	0.001989
1920	173	1.02382	0.001989
1920	174	1.02382	0.001989
1920	175	1.02382	0.001989
1920	176	1.02382	0.001989
1920	177	1.02382	0.001989
1920	178	1.02382	0.001989
1920	179	1.02382	0.001989
1920	180	1.02382	0.001989
1920	181	1.02382	0.001989
1920	182	1.02382	0.001989
1920	183	1.02382	0.001989
1920	184	1.02382	0.001989
1920	185	1.02382	0.001989
1920	186	1.02382	0.001989
1920	187	1.02382	0.001989
1920	188	1.02382	0.001989
1920	189	1.02382	0.001989
1920	190	1.02382	0.001989
1920	191	1.02382	0.001989
1920	192	1.02382	0.001989
1920	193	1.02382	0.001989
1920	194	1.02382	0.001989
1920	195	1.02382	0.001989
1920	196	1.02382	0.001989
1920	197	1.02382	0.001989
1920	198	1.02382	0.001989
1920	199	1.02382	0.001989
1920	200	1.02382	0.001989
1920	201	1.02382	0.001989
1920	202	1.02382	0.001989
1920	203	1.02382	0.001989
1920	204	1.02382	0.001989
1920	205	1.02382	0.001989
1920	206	1.02382	0.001989
1920	207	1.02382	0.001989
1920	208	1.02382	0.001989
1920	209	1.02382	0.001989
1920	210	1.02382	0.001989
1920	211	1.02382	0.001989
1920	212	1.02382	0.001989
1920	213	1.02382	0.001989
1920	214	1.02382	0.001989
1920	215	1.02382	0.001989
1920	216	1.02382	0.001989
1920	217	1.02382	0.001989
1920	218	1.02382	0.001989
1920	219	1.02382	0.001989
1920	220	1.02382	0.001989
1920	221	1.02382	0.001989
1920	222	1.02382	0.001989
1920	223	1.02382	0.001989
1920	224	1.02382	0.001989
1920	225	1.02382	0.001989
1920	226	1.02382	0.001989
1920	227	1.02382	0.001989
1920	228	1.02382	0.001989
1920	229	1.02382	0.001989
1920	230	1.02382	0.001989
1920	231	1.02382	0.001989
1920	232	1.02382	0.001989
1920	233	1.02382	0.001989
1920	234	1.02382	0.001989
1920	235	1.02382	0.001989
1920	236	1.02382	0.001989
1920	237	1.02382	0.001989
1920	238	1.02382	0.001989
1920	239	1.02382	0.001989
1920	240	1.02382	0.001989
1920	241	1.02382	0.001989
1920	242	1.02382	0.001989
1920	243	1.02382	0.001989
1920	244	1.02382	0.001989
1920	245	1.02382	0.001989
1920	246	1.02382	0.001989
1920	247	1.02382	0.001989
1920	248	1.02382	0.001989
1920	249	1.02382	0.001989
1920	250	1.02382	0.001989
1920	251	1.02382	0.001989
1920	252	1.02382	0.001989
1920	253	1.02382	0.001989
1920	254	1.02382	0.001989
1920	255	1.02382	0.001989
1920	256	1.02382	0.001989
1920	257	1.02382	0.001989
1920	258	1.02382	0.001989
1920	259	1.02382	0.001989
1920	260	1.02382	0.001989
1920	261	1.02382	0.001989
1920	262	1.02382	0.001989
1920	263	1.02382	0.001989
1920	264	1.02382	0.001989
1920	265	1.02382	0.001989
1920	266	1.02382	0.001989
1920	267	1.02382	0.001989
1920	268	1.02382	0.001989
1920	269	1.02382	0.001989
1920	270	1.02382	0.001989
1920	271	1.02382	0.001989
1920	272	1.02382	0.001989
1920	273	1.02382	0.001989
1920	274	1.02382	0.001989
1920	275	1.02382	0.001989
1920	276	1.02382	0.001989
1920	277	1.02382	0.001989
1920	278	1.02382	0.001989
1920	279	1.02382	0.001989
1920	280	1.02382	0.001989
1920	281	1.02382	0.001989
1920	282	1.02382	0.001989
1920	283	1.02382	0.001989
1920	284	1.02382	0.001989
1920	285	1.02382	0.001989
1920	286	1.02382	0.001989
1920	287	1.02382	0.001989
1920	288	1.02382	0.001989
1920	289	1.02382	0.001989
1920	290	1.02382	0.001989
1920	291	1.02382	0.001989
1920	292	1.02382	0.001989
1920	293	1.02382	0.001989
1920	294	1.02382	0.001989
1920	295	1.02382	0.001989
1920	296	1.02382	0.001989
1920	297	1.02382	0.001989
1920	298	1.02382	0.001989
1920	299	1.02382	0.001989
1920	300	1.02382	0.001989
1920	301	1.02382	0.001989
1920	302	1.02382	0.001989
1920	303	1.02382	0.001989
1920	304	1.02382	0.001989
1920	305	1.02382	0.001989
1920	306	1.02382	0.001989
1920	307	1.02382	0.001989
1920	308	1.02382	0.001989
1920	309	1.02382	0.001989
1920	310	1.02382	0.001989
1920	311	1.02382	0.001989
1920	312	1.02382	0.001989
1920	313	1.02382	0.001989
1920	314	1.02382	0.001989
1920	315	1.02382	0.001989
1920	316	1.02382	0.001989
1920	317	1.02382	0.001989
1920	318	1.02382	0.001989
1920	319	1.02382	0.001989
1920	320	1.02382	0.001989
1920	321	1.02382	0.001989
1920	322	1.02382	0.001989
1920	323	1.02382	0.001989
1920	324	1.02382	0.001989
1920	325	1.02382	0.001989
1920	326	1.02382	0.001989
1920	327	1.02382	0.001989
1920	328	1.02382	0.001989
1920	329	1.02382	0.001989
1920	330	1.02382	0.001989
1920	331	1.02382	0.001989
1920	332	1.02382	0.001989
1920	333	1.02382	0.001989
1920	334	1.02382	0.001989
1920	335	1.02382	0.001989
1920	336	1.02382	0.001989
1920	337	1.02382	0.001989
1920	338	1.02382	0.001989
1920	339	1.02382	0.001989
1920	340	1.02382	0.001989
1920	341	1.02382	0.001989
1920	342	1.02382	0.001989
1920	343	1.02382	0.001989
1920	344	1.02382	0.001989
1920	345	1.02382	0.001989
1920	346	1.02382	0.001989
1920	347	1.02382	0.001989
1920	348	1.02382	0.001989
1920	349	1.02382	0.001989
1920	350	1.02382	0.001989
1920	351	1.02382	0.001989
1920	352	1.02382	0.001989
1920	353	1.02382	0.001989
1920	354	1.02382	0.001989
1920	355	1.02382	0.001989
1920	356	1.02382	0.001989
1920	357	1.02382	0.001989
1920	358	1.02382	0.001989
1920	359	1.02382	0.001989
1920	360	1.02382	0.001989
1920	361	1.02382	0.001989
1920	362	1.02382	0.001989
1920	363	1.02382	0.001989
1920	364	1.02382	0.001989
1920	365	1.02382	0.001989
1920	366	1.02382	0.001989
1920	367	1.02382	0.001989
1920	368	1.02382	0.001989
1920	369	1.02382	0.001989
1920	370	1.02382	0.001989
1920	371	1.02382	0.001989
1920	372	1.02382	0.001989
1920	373	1.02382	0.001989
1920	374	1.02382	0.001989
1920	375	1.02382	0.001989
1920	376	1.02382	0.001989
1920	377	1.02382	0.001989
1920	378	1.02382	0.001989
1920	379	1.02382	0.001989
1920	380	1.02382	0.001989
1920	381	1.02382	0.001989
1920	382	1.02382	0.001989
1920	383	1.02382	0.001989
1920	384	1.02382	0.001989
1920	385	1.02382	0.001989
1920	386	1.02382	0.001989
1920	387	1.02382	0.001989
1920	388	1.02382	0.001989
1920	389	1.02382	0.001989
1920	390	1.02382	0.001989
1920	391	1.02382	0.001989
1920	392	1.02382	0.001989
1920	393	1.02382	0.001989
1920	394	1.02382	0.001989
1920	395	1.02382	0.001989
1920	396	1.02382	0.001989
1920	397	1.02382	0.001989
1920	398	1.02382	0.001989
1920	399	1.02382	0.001989
1920	400	1.02382	0.001989
1920	401	1.02382	0.001989
1920	402	1.02382	0.001989
1920	403	1.02382	0.001989
1920	404	1.02382	0.001989
1920	405	1.02382	0.001989
1920	406	1.02382	0.001989
1920	407	1.02382	0.001989
1920	408	1.02382	0.001989
1920	409	1.02382	0.001989
1920	410	1.02382	0.001989
1920	411	1.02382	0.001989
1920	412	1.02382	0.001989
1920	413	1.02382	0.001989
1920	414	1.02382	0.001989
1920	415	1.02382	0.001989
1920	416	1.02382	0.001989
1920	417	1.02382	0.001989
1920	418	1.02382	0.001989
1920	419	1.02382	0.001989
1920	420	1.02382	0.001989
1920	421	1.02382	0.001989
1920	422	1.02382	0.001989
1920	423	1.02382	0.001989
1920	424	1.02382	0.001989
1920	425	1.02382	0.001989
1920	426	1.02382	0.001989
1920	427	1.02382	0.001989
1920	428	1.02382	0.001989
1920	429	1.02382	0.001989
1920	430	1.02382	0.001989
1920	431	1.02382	0.001989
1920	432	1.02382	0.001989
1920	433	1.02382	0.001989
1920	434	1.02382	0.001989
1920	435	1.02382	0.001989
1920	436	1.02382	0.001989
1920	437	1.02382	0.001989
1920	438	1.02382	0.001989
1920	439	1.02382	0.001989
1920	440	1.02382	0.001989
1920	441	1.02382	0.001989
1920	442	1.02382	0.001989
1920	443	1.02382	0.001989
1920	444	1.02382	0.001989
1920	445	1.02382	0.001989
1920	446	1.02382	0.001989
1920	447	1.02382	0.001989
1920	448	1.02382	0.001989
1920	449	1.02382	0.001989
1920	450	1.02382	0.001989
1920	451	1.02382	0.001989
1920	452	1.02382	0.001989
1920	453	1.02382	0.001989
1920	454	1.02382	0.001989
1920	455	1.02382	0.001989
1920	456	1.02382	0.001989
1920	457	1.02382	0.001989
1920	458	1.02382	0.001989
1920	459	1.02382	0.001989
1920	460	1.02382	0.001989
1920	461	1.02382	0.001989
1920	462	1.02382	0.001989
1920	463	1.02382	0.001989
1920	464	1.02382	0.001989
1920	465	1.02382	0.001989
1920	466	1.02382	0.001989
1920	467	1.02382	0.001989
1920	468	1.02382	0.001989
1920	469	1.02382	0.001989
1920	470	1.02382	0.001989
1920	471	1.02382	0.001989
1920	472	1.02382	0.001989
1920	473	1.02382	0.001989
1920	474	1.02382	0.001989
1920	475	1.02382	0.001989
1920	476	1.02382	0.001989
1920	477	1.02382	0.001989
1920	478	1.02382	0.001989
1920	479	1.02382	0.001989
1920	480	1.02382	0.001989
1920	481	1.02382	0.001989
1920	482	1.02382	0.001989
1920	483	1.02382	0.001989
1920	484	1.02382	0.001989
1920	485	1.02382	0.001989
1920	486	1.02382	0.001989
1920	487	1.02382	0.001989
1920	488	1.02382	0.001989
1920	489	1.02382	0.001989
1920	490	1.02382	0.001989
1920	491	1.02382	0.001989
1920	492	1.02382	0.001989
1920	493	1.02382	0.001989
1920	494	1.02382	0.001989
1920	495	1.02382	0.001989
1920	496	1.02382	0.001989
1920	497	1.02382	0.001989
1920	498	1.02382	0.001989
1920	499	1.02382	0.001989
1920	500	1.02382	0.001989
1920	501	1.02382	0.001989
1920	502	1.02382	0.001989
1920	503	1.02382	0.001989
1920	504	1.02382	0.001989
1920	505	1.02382	0.001989
1920	506	1.02382	0.001989
1920	507	1.02382	0.001989
1920	508	1.02382	0.001989
1920	509	1.02382	0.001989
1920	510	1.02382	0.001989
1920	511	1.02382	0.001989
1920	512	1.02382	0.001989
1920	513	1.02382	0.001989
1920	514	1.02382	0.001989
1920	515	1.02382	0.001989
1920	516	1.02382	0.001989
1920	517	1.02382	0.001989
1920	518	1.02382	0.001989
1920	519	1.02382	0.001989
1920	520	1.02382	0.001989
1920	521	1.02382	0.001989
1920	522	1.02382	0.001989
1920	523	1.02382	0.001989
1920	524	1.02382	0.001989
1920	525	1.02382	0.001989
1920	526	1.02382	0.001989
1920	527	1.02382	0.001989
1920	528	1.02382	0.001989
1920	529	1.02382	0.001989
1920	530	1.02382	0.001989
1920	531	1.02382	0.001989
1920	532	1.02382	0.001989
1920	533	1.02382	0.001989
1920	534	1.02382	0.001989
1920	535	1.02382	0.001989
1920	536	1.02382	0.001989
1920	537	1.02382	0.001989
1920	538	1.02382	0.001989
1920	539	1.02382	0.001989
1920	540	1.02382	0.001989
1920	541	1.02382	0.001989
1920	542	1.02382	0.001989
1920	543	1.02382	0.001989
1920	544	1.02382	0.001989
1920	545	1.02382	0.001989
1920	546	1.02382	0.001989
1920	547	1.02382	0.001989
1920	548	1.02382	0.001989
1920	549	1.02382	0.001989
1920	550	1.02382	0.001989
1920	551	1.02382	0.001989
1920	552	1.02382	0.001989
1920	553	1.02382	0.001989
1920	554	1.02382	0.001989
1920	555	1.02382	0.001989
1920	556	1.02382	0.001989
1920	557	1.02382	0.001989
1920	558	1.02382	0.001989
1920	559	1.02382	0.001989
1920	560	1.02382	0.001989
1920	561	1.02382	0.001989
1920	562	1.02382	0.001989
1920	563	1.02382	0.001989
1920	564	1.02382	0.001989
1920	565	1.02382	0.001989
1920	566	1.02382	0.001989
1920	567	1.02382	0.001989
1920	568	1.02382	0.001989
1920	569	1.02382	0.001989
1920	570	1.02382	0.001989
1920	571	1.02382	0.001989
1920	572	1.02382	0.001989
1920	573	1.02382	0.001989
1920	574	1.02382	0.001989
1920	575	1.02382	0.001989
1920	576	1.02382	0.001989
1920	577	1.02382	0.001989
1920	578	1.02382	0.001989
1920	579	1.02382	0.001989
1920	580	1.02382	0.001989
1920	581	1.02382	0.001989
1920	582	1.02382	0.001989
1920	583	1.02382	0.001989
1920	584	1.02382	0.001989
1920	585	1.02382	0.001989
1920	586	1.02382	0.001989
1920	587	1.02382	0.001989
1920	588	1.02382	0.001989
1920	589	1.02382	0.001989
1920	590	1.02382	0.001989
1920	591	1.02382	0.001989
1920	592	1.02382	0.001989
1920	593	1.02382	0.001989
1920	594	1.02382	0.001989
1920	595	1.02382	0.001989
1920	596	1.02382	0.001989
1920	597	1.02382	0.001989
1920	598	1.02382	0.001989
1920	599	1.02382	0.001989
1920	600	1.02382	0.001989
1920	601	1.02382	0.001989
1920	602	1.02382	0.001989
1920	603	1.02382	0.001989
1920	604	1.02382	0.001989
1920	605	1.02382	0.001989
1920	606	1.02382	0.001989
1920	607	1.02382	0.001989
1920	608	1.02382	0.001989
1920	609	1.02382	0.001989
1920	610	1.02382	0.001989
1920	611	1.02382	0.001989
1920	612	1.02382	0.001989
1920	613	1.02382	0.001989
1920	614	1.02382	0.001989
1920	615	1.02382	0.001989
1920	616	1.02382	0.001989
1920	617	1.02382	0.001989
1920	618	1.02382	0.001989
1920	619	1.02382	0.001989
1920	620	1.02382	0.001989
1920	621	1.02382	0.001989
1920	622	1.02382	0.001989
1920	623	1.02382	0.001989
1920	624	1.02382	0.001989
1920	625	1.02382	0.001989
1920	626	1.02382	0.001989
1920	627	1.02382	0.001989
1920	628	1.02382	0.001989
1920	629	1.02382	0.001989
1920	630	1.02382	0.001989
1920	631	1.02382	0.001989
1920	632	1.02382	0.001989
1920	633	1.02382	0.001989
1920	634	1.02382	0.001989
1920	635	1.02382	0.001989
1920	636	1.02382	0.001989
1920	637	1.02382	0.001989
1920	638	1.02382	0.001989
1920	639	1.02382	0.001989
1920	640	1.02382	0.001989
1920	641	1.02382	0.001989
1920	642	1.02382	0.001989
1920	643	1.02382	0.001989
1920	644	1.02382	0.001989
1920	645	1.02382	0.001989
1920	646	1.02382	0.001989
1920	647	1.02382	0.001989
1920	648	1.02382	0.001989
1920	649	1.02382	0.001989
1920	650	1.02382	0.001989
1920	651	1.02382	0.001989
1920	652	1.02382	0.001989
1920	653	1.02382	0.001989
1920	654	1.02382	0.001989
1920	655	1.02382	0.001989
1920	656	1.02382	0.001989
1920	657	1.02382	0.001989
1920	658	1.02382	0.001989
1920	659	1.02382	0.001989
1920	660	1.02382	0.001989
1920	661	1.02382	0.001989
1920	662	1.02382	0.001989
1920	663	1.02382	0.001989
1920	664	1.02382	0.001989
1920	665	1.02382	0.001989
1920	666	1.02382	0.001989
1920	667	1.02382	0.001989
1920	668	1.02382	0.001989
1920	669	1.02382	0.001989
1920	670	1.02382	0.001989
1920	671	1.02382	0.001989
1920	672	1.02382	0.001989
1920	673	1.02382	0.001989
1920	674	1.02382	0.001989
1920	675	1.02382	0.001989
1920	676	1.02382	0.001989
1920	677	1.02382	0.001989
1920	678	1.02382	0.001989
1920	679	1.02382	0.001989
1920	680	1.02382	0.001989
1920	681	1.02382	0.001989
1920	682	1.02382	0.001989
1920	683	1.02382	0.001989
1920	684	1.02382	0.001989
1920	685	1.02382	0.001989
1920	686	1.02382	0.001989
1920	687	1.02382	0.001989
1920	688	1.02382	0.001989
1920	689	1.02382	0.001989
1920	690	1.02382	0.001989
1920	691	1.02382	0.001989
1920	692	1.02382	0.001989
1920	693	1.02382	0.001989
1920	694	1.02382	0.001989
1920	695	1.02382	0.001989
1920	696	1.02382	0.001989
1920	697	1.02382	0.001989
1920	698	1.02382	0.001989
1920	699	1.02382	0.001989
1920	700	1.02382	0.001989
1920	701	1.02382	0.001989
1920	702	1.02382	0.001989
1920	703	1.02382	0.001989
1920	704	1.02382	0.001989
1920	705	1.02382	0.001989
1920	706	1.02382	0.001989
1920	707	1.02382	0.001989
1920	708	1.02382	0.001989
1920	709	1.02382	0.001989
1920	710	1.02382	0.001989
1920	711	1.02382	0.001989
1920	712	1.02382	0.001989
1920	713	1.02382	0.001989
1920	714	1.02382	0.001989
1920	715	1.02382	0.001989
1920	716	1.02382	0.001989
1920	717	1.02382	0.001989
1920	718	1.02382	0.001989
1920	719	1.02382	0.001989
1920	720	1.02382	0.001989
1920	721	1.02382	0.001989
1920	722	1.02382	0.001989
1920	723	1.02382	0.001989
1920	724	1.02382	0.001989
1920	725	1.02382	0.001989
1920	726	1.02382	0.001989
1920	727	1.02382	0.001989
1920	728	1.02382	0.001989
1920	729	1.02382	0.001989
1920	730	1.02382	0.001989
1920	731	1.02382	0.001989
1920	732	1.02382	0.001989
1920	733	1.02382	0.001989
1920	734	1.02382	0.001989
1920	735	1.02382	0.001989
1920	736	1.02382	0.001989
1920	737	1.02382	0.001989
1920	738	1.02382	0.001989
1920	739	1.02382	0.001989
1920	740	1.02382	0.001989
1920	741	1.02382	0.001989
1920	742	1.02382	0.001989
1920	743	1.02382	0.001989
1920	744	1.02382	0.001989
1920	745	1.02382	0.001989
1920	746	1.02382	0.001989
1920	747	1.02382	0.001989
1920	748	1.02382	0.001989
1920	749	1.02382	0.001989
1920	750	1.02382	0.001989
1920	751	1.02382	0.001989
1920	752	1.02382	0.001989
1920	753	1.02382	0.001989
1920	754	1.02382	0.001989
1920	755	1.02382	0.001989
1920	756	1.02382	0.001989
1920	757	1.02382	0.001989
1920	758	1.02382	0.001989
1920	759	1.02382	0.001989
1920	760	1.02382	0.001989
1920	761	1.02382	0.001989
1920	762	1.02382	0.001989
1920	763	1.02382	0.001989
1920	764	1.02382	0.001989
1920	765	1.02382	0.001989
1920	766	1.02382	0.001989
1920	767	1.02382	0.001989
1920	768	1.02382	0.001989
1920	769	1.02382	0.001989
1920	770	1.02382	0.001989
1920	771	1.02382	0.001989
1920	772	1.02382	0.001989
1920	773	1.02382	0.001989
1920	774	1.02382	0.001989
1920	775	1.02382	0.001989
1920	776	1.02382	0.001989
1920	777	1.02382	0.001989
1920	778	1.02382	0.001989
1920	779	1.02382	0.001989
1920	780	1.02382	0.001989
1920	781	1.02382	0.001989
1920	782	1.02382	0.001989
1920	783	1.02382	0.001989
1920	784	1.02382	0.001989
1920	785	1.02382	0.001989
1920	786	1.02382	0.001989
1920	787	1.02382	0.001989
1920	788	1.02382	0.001989
1920	789	1.02382	0.001989
1920	790	1.02382	0.001989
1920	791	1.02382	0.001989
1920	792	1.02382	0.001989
1920	793	1.02382	0.001989
1920	794	1.02382	0.001989
1920	795	1.02382	0.001989
1920	796	1.02382	0.001989
1920	797	1.02382	0.001989
1920	798	1.02382	0.001989
1920	799	1.02382	0.001989
1920	800	1.02382	0.001989
1920	801	1.02382	0.001989
1920	802	1.02382	0.001989
1920	803	1.02382	0.001989
1920	804	1.02382	0.001989
1920	805	1.02382	0.001989
1920	806	1.02382	0.001989
1920	807	1.02382	0.001989
1920	808	1.02382	0.001989
1920	809	1.02382	0.001989
1920	810	1.02382	0.001989
1920	811	1.02382	0.001989
1920	812	1.02382	0.001989
1920	813	1.02382	0.001989
1920	814	1.02382	0.001989
1920	815	1.02382	0.001989
1920	816	1.02382	0.001989
1920	817	1.02382	0.001989
1920	818	1.02382	0.001989
1920	819	1.02382	0.001989
1920	820	1.02382	0.001989
1920	821	1.02382	0.001989
1920	822	1.02382	0.001989
1920	823	1.02382	0.001989
1920	824	1.02382	0.001989
1920	825	1.02382	0.001989
1920	826	1.02382	0.001989
1920	827	1.02382	0.001989
1920	828	1.02382	0.001989
1920	829	1.02382	0.001989
1920	830	1.02382	0.001989
1920	831	1.02382	0.001989
1920	832	1.02382	0.001989
1920	833	1.02382	0.001989
1920	834	1.02382	0.001989
1920	835	1.02382	0.001989
1920	836	1.02382	0.001989
1920	837	1.02382	0.001989
1920	838	1.02382	0.001989
1920	839	1.02382	0.001989
1920	840	1.02382	0.001989
1920	841	1.02382	0.001989
1920	842	1.02382	0.001989
1920	843	1.02382	0.001989
1920	844	1.02382	0.001989
1920	845	1.02382	0.001989
1920	846	1.02382	0.001989
1920	847	1.02382	0.001989
1920	848	1.02382	0.001989
1920	849	1.02382	0.001989
1920	850	1.02382	0.001989
1920	851	1.02382	0.001989
1920	852	1.02382	0.001989
1920	853	1.02382	0.001989
1920	854	1.02382	0.001989
1920	855	1.02382	0.001989
1920	856	1.02382	0.001989
1920	857	1.02382	0.001989
1920	858	1.02382	0.001989
1920	859	1.02382	0.001989
1920	860	1.02382	0.001989
1920	861	1.02382	0.001989
1920	862	1.02382	0.001989
1920	863	1.02382	0.001989
1920	864	1.02382	0.001989
1920	865	1.02382	0.001989
1920	866	1.02382	0.001989
1920	867	1.02382	0.001989
1920	868	1.02382	0.001989
1920	869	1.02382	0.001989
1920	870	1.02382	0.001989
1920	871	1.02382	0.001989
1920	872	1.02382	0.001989
1920	873	1.02382	0.001989
1920	874	1.02382	0.001989
1920	875	1.02382	0.001989
1920	876	1.02382	0.001989
1920	877	1.02382	0.001989
1920	878	1.02382	0.001989
1920	879	1.02382	0.001989
1920	880	1.02382	0.001989
1920	881	1.02382	0.001989
1920	882	1.02382	0.001989
1920	883	1.02382	0.001989
1920	884	1.02382	0.001989
1920	885	1.02382	0.001989
1920	886	1.02382	0.001989
1920	887	1.02382	0.001989
1920	888	1.02382	0.001989
1920	889	1.02382	0.001989
1920	890	1.02382	0.001989
1920	891	1.02382	0.001989
1920	892	1.02382	0.001989
1920	893	1.02382	0.001989
1920	894	1.02382	0.001989
1920	895	1.02382	0.001989
1920	896	1.02382	0.001989
1920	897	1.02382	0.001989
1920	898	1.02382	0.001989
1920	899	1.02382	0.001989
1920	900	1.02382	0.001989
1920	901	1.02382	0.001989
1920	902	1.02382	0.001989
1920	903	1.02382	0.001989
1920	904	1.02382	0.001989
1920	905	1.02382	0.001989
1920	906	1.02382	0.001989
1920	907	1.02382	0.001989
1920	908	1.02382	0.001989
1920	909	1.02382	0.001989
1920	910	1.02382	0.001989
1920	911	1.02382	0.001989
1920	912	1.02382	0.001989
1920	913	1.02382	0.001989
1920	914	1.02382	0.001989
1920	915	1.02382	0.001989
1920	916	1.02382	0.001989
1920	917	1.02382	0.001989
1920	918	1.02382	0.001989
1920	919	1.02382	0.001989
1920	920	1.02382	0.001989
1920	921	1.02382	0.001989
1920	922	1.02382	0.001989
1920	923	1.02382	0.001989
1920	924	1.02382	0.001989
1920	925	1.02382	0.001989
1920	926	1.02382	0.001989
1920	927	1.02382	0.001989
1920	928	1.02382	0.001989
1920	929	1.02382	0.001989
1920	930	1.02382	0.001989
1920	931	1.02382	0.001989
1920	932	1.02382	0.001989
1920	933	1.02382	0.001989
1920	934	1.02382	0.001989
1920	935	1.02382	0.001989
1920	936	1.02382	0.001989
1920	937	1.02382	0.001989
1920	938	1.02382	0.001989
1920	939	1.02382	0.001989
1920	940	1.02382	0.001989
1920	941	1.02382	0.001989
1920	942	1.02382	0.001989
1920	943	1.02382	0.001989
1920	944	1.02382	0.001989
1920	945	1.02382	0.001989
1920	946	1.02382	0.001989
1920	947	1.02382	0.001989
1920	948	1.02382	0.001989
1920	949	1.02382	0.001989
1920	950	1.02382	0.001989
1920	951	1.02382	0.001989
1920	952	1.02382	0.001989
1920	953	1.02382	0.001989
1920	954	1.02382	0.001989
1920	955	1.02382	0.001989
1920	956	1.02382	0.001989
1920	957	1.02382	0.001989
1920	958	1.02382	0.001989
1920	959	1.02382	0.001989
1920	960	1.02382	0.001989
1920	961	1.02382	0.001989
1920	962	1.02382	0.001989
1920	963	1.02382	0.001989
1920	964	1.02382	0.001989
1920	965	1.02382	0.001989
1920	966	1.02382	0.001989
1920	967	1.02382	0.001989
1920	968	1.02382	0.001989
1920	969	1.02382	0.001989
1920	970	1.02382	0.001989
1920	971	1.02382	0.001989
1920	972	1.02382	0.001989
1920	973	1.02382	0.001989
1920	974	1.02382	0.001989
1920	975	1.02382	0.001989
1920	976	1.02382	0.001989
1920	977	1.02382	0.001989
1920	978	1.02382	0.001989
1920	979	1.02382	0.001989
1920	980	1.02382	0.001989
1920	981	1.02382	0.001989
1920	982	1.02382	0.001989
1920	983	1.02382	0.001989
1920	984	1.02382	0.001989
1920	985	1.02382	0.001989
1920	986	1.02382	0.001989
1920	987	1.02382	0.001989
1920	988	1.02382	0.001989
1920	989	1.02382	0.001989
1920	990	1.02382	0.001989
1920	991	1.02382	0.001989
1920	992	1.02382	0.001989
1920	993	1.02382	0.001989
1920	994	1.02382	0.001989
1920	995	1.02382	0.001989
1920	996	1.02382	0.001989
1920	997	1.02382	0.001989
1920	998	1.02382	0.001989
1920	999	1.02382	0.001989
1920	1000	1.02382	0.001989
1920	1001	1.02382	0.001989
1920	1002	1.02382	0.001989
1920	1003	1.02382	0.001989
1920	1004	1.02382	0.001989
1920	1005	1.02382	0.001989
1920	1006	1.02382	0.001989
1920	1007	1.02382	0.001989
1920	1008	1.02382	0.001989
1920	1009	1.02382	0.001989
1920	1010	1.02382	0.001989
1920	1011	1.02382	0.001989
1920	1012	1.02382	0.001989
1920	1013	1.02382	0.001989
1920	1014	1.02382	0.001989
1920	1015	1.02382	0.001989
1920	1016	1.02382	0.001989
1920	1017	1.02382	0.001989
1920	1018	1.02382	0.001989
1920	1019	1.02382	0.001989
1920	1020	1.02382	0.001989
1920	1021	1.02382	0.001989
1920	1022	1.02382	0.001989
1920	1023	1.02382	0.001989
1920	1024	1.02382	0.001989
1920	1025	1.02382	0.001989
1920	1026	1.02382	0.001989
1920	1027	1.02382	0.001989
1920	1028	1.02382	0.001989
1920	1029	1.02382	0.001989
1920	1030	1.02382	0.001989
1920	1031	1.02382	0.001989
1920	1032	1.02382	0.001989
1920	1033	1.02382	0.001989
1920	1034	1.02382	0.001989
1920	1035	1.02382	0.001989
1920	1036	1.02382	0.001989
1920	1037	1.02382	0.001989
1920	1038	1.02382	0.001989
1920	1039	1.02382	0.001989
1920	1040	1.02382	0.001989
1920	1041	1.02382	0.001989
1920	1042	1.02382	0.001989
1920	1043	1.02382	0.001989
1920	1044	1.02382	0.001989
1920	1045	1.02382	0.001989
1920	1046	1.02382	0.001989
1920	1047	1.02382	0.001989
1920	1048	1.02382	0.001989
1920	1049	1.02382	0.001989
1920	1050	1.02382	0.001989
1920	1051	1.02382	0.001989
1920	1052	1.02382	0.001989
1920	1053	1.02382	0.001989
1920	1054	1.02382	0.001989
1920	1055	1.02382	0.001989
1920	1056	1.02382	0.001989
1920	1057	1.02382	0.001989
1920	1058	1.02382	0.001989
1920	1059	1.02382	0.001989
1920	1060	1.02382	0.001989
1920	1061	1.02382	0.001989
1920	1062	1.02382	0.001989
1920	1063	1.02382	0.001989
1920	1064	1.02382	0.001989
1920	1065	1.02382	0.001989
1920	1066	1.02382	0.001989
1920	1067	1.02382	0.001989
1920	1068	1.02382	0.001989
1920	1069	1.02382	0.001989
1920	1070	1.02382	0.001989
1920	1071	1.02382	0.001989
1920	1072	1.02382	0.001989
1920	1073	1.02382	0.001989
1920	1074	1.02382	0.001989
1920	1075	1.02382	0.001989
1920	1076	1.02382	0.001989
1920	1077	1.02382	0.001989
1920	1078	1.02382	0.001989
1920	1079	1.02382	0.001989
1920	1080	1.02382	0.001989
1920	1081	1.02382	0.001989
1920	1082	1.02382	0.001989
1920	1083	1.02382	0.001989
1920	1084	1.02382	0.001989
1920	1085	1.02382	0.001989
1920	1086	1.02382	0.001989
1920	1087	1.02382	0.001989
1920	1088	1.02382	0.001989
1920	1089	1.02382	0.001989
1920	1090	1.02382	0.001989
1920	1091	1.02382	0.001989
1920	1092	1.02382	0.001989
1920	1093	1.02382	0.001989
1920	1094	1.02382	0.001989
1920	1095	1.02382	0.001989
1920	1096	1.02382	0.001989
1920	1097	1.02382	0.001989
1920	1098	1.02382	0.001989
1920	1099	1.02382	0.001989
1920	1100	1.02382	0.001989
1920	1101	1.02382	0.001989
1920	1102	1.02382	0.001989
1920	1103	1.02382	0.001989
1920	1104	1.02382	0.001989
1920	1105	1.02382	0.001989
1920	1106	1.02382	0.001989
1920	1107	1.02382	0.001989
1920	1108	1.02382	0.001989
1920	1109	1.02382	0.001989
1920	1110	1.02382	0.001989
1920	1111	1.02382	0.001989
1920	1112	1.02382	0.001989
1920	1113	1.02382	0.001989
1920	1114	1.02382	0.001989
1920	1115	1.02382	0.001989
1920	1116	1.02382	0.001989
1920	1117	1.02382	0.001989
1920	1118	1.02382	0.001989
1920	1119	1.02382	0.001989
1920	1120	1.02382	0.001989
1920	1121	1.02382	0.001989
1920	1122	1.02382	0.001989
1920	1123	1.02382	0.001989
1920	1124	1.02382	0.001989
1920	1125	1.02382	0.001989
1920	1126	1.02382	0.001989
1920	1127	1.02382	0.001989
1920	1128	1.02382	0.001989
1920	1129	1.02382	0.001989
1920	1130	1.02382	0.001989
1920	1131	1.02382	0.001989
1920	1132	1.02382	0.001989
1920	1133	1.02382	0.001989
1920	1134	1.02382	0.001989
1920	1135	1.02382	0.001989
1920	1136	1.02382	0.001989
1920	1137	1.02382	0.001989
1920	1138	1.02382	0.001989
1920	1139	1.02382	0.001989
1920	1140	1.02382	0.001989
1920	1141	1.02382	0.001989
1920	1142	1.02382	0.001989
1920	1143	1.02382	0.001989
1920	1144	1.02382	0.001989
1920	1145	1.02382	0.001989
1920	1146	1.02382	0.001989
1920	1147	1.02382	0.001989
1920	1148	1.02382	0.001989
1920	1149	1.02382	0.001989
1920	1150	1.02382	0.001989
1920	1151	1.02382	0.001989
1920	1152	1.02382	0.001989
1920	1153	1.02382	0.001989
1920	1154	1.02382	0.001989
1920	1155	1.02382	0.001989
1920	1156	1.02382	0.001989
1920	1157	1.02382	0.001989
1920	1158	1.02382	0.001989
1920	1159	1.02382	0.001989
1920	1160	1.02382	0.001989
1920	1161	1.02382	0.001989
1920	1162	1.02382	0.001989
1920	1163	1.02382	0.001989
1920	1164	1.02382	0.001989
1920	1165	1.02382	0.001989
1920	1166	1.02382	0.001989
1920	1167	1.02382	0.001989
1920	1168	1.02382	0.001989
1920	1169	1.02382	0.001989
1920	1170	1.02382	0.001989
1920	1171	1.02382	0.001989
1920	1172	1.02382	0.001989
1920	1173	1.02382	0.001989
1920	1174	1.02382	0.001989
1920	1175	1.02382	0.001989
1920	1176	1.02382	0.001989
1920	1177	1.02382	0.001989
1920	1178	1.02382	0.001989
1920	1179	1.02382	0.001989
1920	1180	1.02382	0.001989
1920	1181	1.02382	0.001989
1920	1182	1.02382	0.001989
1920	1183	1.02382	0.001989
1920	1184	1.02382	0.001989
1920	1185	1.02382	0.001989
1920	1186	1.02382	0.001989
1920	1187	1.02382	0.001989
1920	1188	1.02382	0.001989
1920	1189	1.02382	0.001989
1920	1190	1.02382	0.001989
1920	1191	1.02382	0.001989
1920	1192	1.02382	0.001989
1920	1193	1.02382	0.001989
1920	1194	1.02382	0.001989
1920	1195	1.02382	0.001989
1920	1196	1.02382	0.001989
1920	1197	1.02382	0.001989
1920	1198	1.02382	0.001989
1920	1199	1.02382	0.001989
1920	1200	1.02382	0.001989
1920	1201	1.02382	0.001989
1920	1202	1.02382	0.001989
1920	1203	1.02382	0.001989
1920	1204	1.02382	0.001989
1920	1205	1.02382	0.001989
1920	1206	1.02382	0.001989
1920	1207	1.02382	0.001989
1920	1208	1.02382	0.001989
1920	1209	1.02382	0.001989
1920	1210	1.02382	0.001989
1920	1211	1.02382	0.001989
1920	1212	1.02382	0.001989
1920	1213	1.02382	0.001989
1920	1214	1.02382	0.001989
1920	1215	1.02382	0.001989
1920	1216	1.02382	0.001989
1920	1217	1.02382	0.001989
1920	1218	1.02382	0.001989
1920	1219	1.02382	0.001989
1920	1220	1.02382	0.001989
1920	1221	1.02382	0.001989
1920	1222	1.02382	0.001989
1920	1223	1.02382	0.001989
1920	1224	1.02382	0.001989
1920	1225	1.02382	0.001989
1920	1226	1.02382	0.001989
1920	1227	1.02382	0.001989
1920	1228	1.02382	0.001989
1920	1229	1.02382	0.001989
1920	1230	1.02382	0.001989
1920	1231	1.02382	0.001989
1920	1232	1.02382	0.001989
1920	1233	1.02382	0.001989
1920	1234	1.02382	0.001989
1920	1235	1.02382	0.001989
1920	1236	1.02382	0.001989
1920	1237	1.02382	0.001989
1920	1238	1.02382	0.001989
1920	1239	1.02382	0.001989
1920	1240	1.02382	0.001989
1920	1241	1.02382	0.001989
1920	1242	1.02382	0.001989
1920	1243	1.02382	0.001989
1920	1244	1.02382	0.001989
1920	1245	1.02382	0.001989
1920	1246	1.02382	0.001989
1920	1247	1.02382	0.001989
1920	1248	1.02382	0.001989
1920	1249	1.02382	0.001989
1920	1250	1.02382	0.001989
1920	1251	1.02382	0.001989
1920	1252	1.02382	0.001989
1920	1253	1.02382	0.001989
1920	1254	1.02382	0.001989
1920	1255	1.02382	0.001989
1920	1256	1.02382	0.001989
1920	1257	1.02382	0.001989
1920	1258	1.02382	0.001989
1920	1259	1.02382	0.001989
1920	1260	1.02382	0.001989
1920	1261	1.02382	0.001989
1920	1262	1.02382	0.001989
1920	1263	1.02382	0.001989
1920	1264	1.02382	0.001989
1920	1265	1.02382	0.001989
1920	1266	1.02382	0.001989
1920	1267	1.02382	0.001989
1920	1268	1.02382	0.001989
1920	1269	1.02382	0.001989
1920	1270	1.02382	0.001989
1920	1271	1.02382	0.001989
1920	1272	1.02382	0.001989
1920	1273	1.02382	0.001989
1920	1274	1.02382	0.001989
1920	1275	1.02382	0.001989
1920	1276	1.02382	0.001989
1920	1277	1.02382	0.001989
1920	1278	1.02382	0.001989
1920	1279	1.02382	0.001989
1920	1280	1.02382	0.001989
1920	1281	1.02382	0.001989
1920	1282	1.02382	0.001989
1920	1283	1.02382	0.001989
1920	1284	1.02382	0.001989
1920	1285	1.02382	0.001989
1920	1286	1.02382	0.001989
1920	1287	1.02382	0.001989
1920	1288	1.02382	0.001989
1920	1289	1.02382	0.001989
1920	1290	1.02382	0.001989
1920	1291	1.02382	0.001989
1920	1292	1.02382	0.001989
1920	1293	1.02382	0.001989
1920	1294	1.02382	0.001989
1920	1295	1.02382	0.001989
1920	1296	1.02382	0.001989
1920	1297	1.02382	0.001989
1920	1298	1.02382	0.001989
1920	1299	1.02382	0.001989
1920	1300	1.02382	0.001989
1920	1301	1.02382	0.001989
1920	1302	1.02382	0.001989
1920	1303	1.02382	0.001989
1920	1304	1.02382	0.001989
1920	1305	1.02382	0.001989
1920	1306	1.02382	0.001989
1920	1307	1.02382	0.001989
1920	1308	1.02382	0.001989
1920	1309	1.02382	0.001989
1920	1310	1.02382	0.001989
1920	1311	1.02382	0.001989
1920	1312	1.02382	0.001989
1920	1313	1.02382	0.001989
1920	1314	1.02382	0.001989
1920	1315	1.02382	0.001989
1920	1316	1.02382	0.001989
1920	1317	1.02382	0.001989
1920	1318	1.02382	0.001989
1920	1319	1.02382	0.001989
1920	1320	1.02382	0.001989
1920	1321	1.02382	0.001989
1920	1322	1.02382	0.001989
1920	1323	1.02382	0.001989
1920	1324	1.02382	0.001989
1920	1325	1.02382	0.001989
1920	1326	1.02382	0.001989
1920	1327	1.02382	0.001989
1920	1328	1.02382	0.001989
1920	1329	1.02382	0.001989
1920	1330	1.02382	0.001989
1920	1331	1.02382	0.001989
1920	1332	1.02382	0.001989
1920	1333	1.02382	0.001989
1920	1334	1.02382	0.001989
1920	1335	1.02382	0.001989
1920	1336	1.02382	0.001989
1920	1337	1.02382	0.001989
1920	1338	1.02382	0.001989
1920	1339	1.02382	0.001989
1920	1340	1.02382	0.001989
1920	1341	1.02382	0.001989
1920	1342	1.02382	0.001989
1920	1343	1.02382	0.001989
1920	1344	1.02382	0.001989
1920	1345	1.02382	0.001989
1920	1346	1.02382	0.001989
1920	1347	1.02382	0.001989
1920	1348	1.02382	0.001989
1920	1349	1.02382	0.001989
1920	1350	1.02382	0.001989
1920	1351	1.02382	0.001989
1920	1352	1.02382	0.001989
1920	1353	1.02382	0.001989
1920	1354	1.02382	0.001989
1920	1355	1.02382	0.001989
1920	1356	1.02382	0.001989
1920	1357	1.02382	0.001989
1920	1358	1.02382	0.001989
1920	1359	1.02382	0.001989
1920	1360	1.02382	0.001989
1920	1361	1.02382	0.001989
1920	1362	1.02382	0.001989
1920	1363	1.02382	0.001989
1920	1364	1.02382	0.001989
1920	1365	1.02382	0.001989
1920	1366	1.02382	0.001989
1920	1367	1.02382	0.001989
1920	1368	1.02382	0.001989
1920	1369	1.02382	0.001989
1920	1370	1.02382	0.001989
1920	1371	1.02382	0.001989
1920	1372	1.02382	0.001989
1920	1373	1.02382	0.001989
1920	1374	1.02382	0.001989
1920	1375	1.02382	0.001989
1920	1376	1.02382	0.001989
1920	1377	1.02382	0.001989
1920	1378	1.02382	0.001989
1920	1379	1.02382	0.001989
1920	1380	1.02382	0.001989
1920	1381	1.02382	0.001989
1920	1382	1.02382	0.001989
1920	1383	1.02382	0.001989
1920	1384	1.02382	0.001989
1920	1385	1.02382	0.001989
1920	1386	1.02382	0.001989
1920	1387	1.02382	0.001989
1920	1388	1.02382	0.001989
1920	1389	1.02382	0.001989
1920	1390	1.02382	0.001989
1920	1391	1.02382	0.001989
1920	1392	1.02382	0.001989
1920	1393	1.02382	0.001989
1920	1394	1.02382	0.001989
1920	1395	1.02382	0.001989
1920	1396	1.02382	0.001989
1920	1397	1.02382	0.001989
1920	1398	1.02382	0.001989
1920	1399	1.02382	0.001989
1920	1400	1.02382	0.001989
1920	1401	1.02382	0.001989
1920	1402	1.02382	0.001989
1920	1403	1.02382	0.001989
1920	1404	1.02382	0.001989
1920	1405	1.02382	0.001989
1920	1406	1.02382	0.001989
1920	1407	1.02382	0.001989
1920	1408	1.02382	0.001989
1920	1409	1.02382	0.001989
1920	1410	1.02382	0.001989
1920	1411	1.02382	0.001989
1920	1412	1.02382	0.001989
1920	1413	1.02382	0.001989
1920	1414	1.02382	0.001989
1920	1415	1.02382	0.001989
1920	1416	1.02382	0.001989
1920	1417	1.02382	0.001989
1920	1418	1.02382	0.001989
1920	1419	1.02382	0.001989
1920	1420	1.02382	0.001989
1920	1421	1.02382	0.001989
1920	1422	1.02382	0.001989
1920	1423	1.02382	0.001989
1920	1424	1.02382	0.001989
1920	1425	1.02382	0.001989
1920	1426	1.02382	0.001989
1920	1427	1.02382	0.001989
1920	1428	1.02382	0.001989
1920	1429	1.02382	0.001989
1920	1430	1.02382	0.001989
1920	1431	1.02382	0.001989
1920	1432	1.02382	0.001989
1920	1433	1.02382	0.001989
1920	1434	1.02382	0.001989
1920	1435	1.02382	0.001989
1920	1436	1.02382	0.001989
1920	1437	1.02382	0.001989
1920	1438	1.02382	0.001989
1920	1439	1.02382	0.001989
1920	1440	1.02382	0.001989
1920	1441	1.02382	0.001989
1920	1442	1.02382	0.001989
1920	1443	1.02382	0.001989
1920	1444	1.02382	0.001989
1920	1445	1.02382	0.001989
1920	1446	1.02382	0.001989
1920	1447	1.02382	0.001989
1920	1448	1.02382	0.001989
1920	1449	1.02382	0.001989
1920	1450	1.02382	0.001989
1920	1451	1.02382	0.001989
1920	1452	1.02382	0.001989
1920	1453	1.02382	0.001989
1920	1454	1.02382	0.001989
1920	1455	1.02382	0.001989
1920	1456	1.02382	0.001989
1920	1457	1.02382	0.001989
1920	1458	1.02382	0.001989
1920	1459	1.02382	0.001989
1920	1460	1.02382	0.001989
1920	1461	1.02382	0.001989
1920	1462	1.02382	0.001989
1920	1463	1.02382	0.001989
1920	1464	1.02382	0.001989
1920	1465	1.02382	0.001989
1920	1466	1.02382	0.001989
1920	1467	1.02382	0.001989
1920	1468	1.02382	0.001989
1920	1469	1.02382	0.001989
1920	1470	1.02382	0.001989
1920	1471	1.02382	0.001989
1920	1472	1.02382	0.001989
1920	1473	1.02382	0.001989
1920	1474	1.02382	0.001989
1920	1475	1.02382	0.001989
1920	1476	1.02382	0.001989
1920	1477	1.02382	0.001989
1920	1478	1.02382	0.001989
1920	1479	1.02382	0.001989
1920	1480	1.02382	0.001989
1920	1481	1.02382	0.001989
1920	1482	1.02382	0.001989
1920	1483	1.02382	0.001989
1920	1484	1.02382	0.001989
1920	1485	1.02382	0.001989
1920	1486	1.02382	0.001989
1920	1487	1.02382	0.001989
1920	1488	1.02382	0.001989
1920	1489	1.02382	0.001989
1920	1490	1.02382	0.001989
1920	1491	1.02382	0.001989
1920	1492	1.02382	0.001989
1920	1493	1.02382	0.001989
1920	1494	1.02382	0.001989
1920	1495	1.02382	0.001989
1920	1496	1.02382	0.001989
1920	1497	1.02382	0.001989
1920	1498	1.02382	0.001989
1920	1499	1.02382	0.001989
1920	1500	1.02382	0.001989
1920	1501	1.02382	0.001989
1920	1502	1.02382	0.001989
1920	1503	1.02382	0.001989
1920	1504	1.02382	0.001989
1920	1505	1.02382	0.001989
1920	1506	1.02382	0.001989
1920	1507	1.02382	0.001989
1920	1508	1.02382	0.001989
1920	1509	1.02382	0.001989
1920	1510	1.02382	0.001989
1920	1511	1.02382	0.001989
1920	1512	1.02382	0.001989
1920	1513	1.02382	0.001989
1920	1514	1.02382	0.001989
1920	1515	1.02382	0.001989
1920	1516	1.02382	0.001989
1920	1517	1.02382	0.001989
1920	1518	1.02382	0.001989
1920	1519	1.02382	0.001989
1920	1520	1.02382	0.001989
1920	1521	1.02382	0.001989
1920	1522	1.02382	0.001989
1920	1523	1.02382	0.001989
1920	1524	1.02382	0.001989
1920	1525	1.02382	0.001989
1920	1526	1.02382	0.001989
1920	1527	1.02382	0.001989
1920	1528	1.02382	0.001989
1920	1529	1.02382	0.001989
1920	1530	1.02382	0.001989
1920	1531	1.02382	0.001989
1920	1532	1.02382	0.001989
1920	1533	1.02382	0.001989
1920	1534	1.02382	0.001989
1920	1535	1.02382	0.001989
1920	1536	1.02382	0.001989
1920	1537	1.02382	0.001989
1920	1538	1.02382	0.001989
1920	1539	1.02382	0.001989
1920	1540	1.02382	0.001989
1920	1541	1.02382	0.001989
1920	1542	1.02382	0.001989
1920	1543	1.02382	0.001989
1920	1544	1.02382	0.001989
1920	1545	1.02382	0.001989
1920	1546	1.02382	0.001989
1920	1547	1.02382	0.001989
1920	1548	1.02382	0.001989
1920	1549	1.02382	0.001989
1920	1550	1.02382	0.001989
1920	1551	1.02382	0.001989
1920	1552	1.02382	0.001989
1920	1553	1.02382	0.001989
1920	1554	1.02382	0.001989
1920	1555	1.02382	0.001989
1920	1556	1.02382	0.001989
1920	1557	1.02382	0.001989
1920	1558	1.02382	0.001989
1920	1559	1.02382	0.001989
1920	1560	1.02382	0.001989
1920	1561	1.02382	0.001989
1920	1562	1.02382	0.001989
1920	1563	1.02382	0.001989
1920	1564	1.02382	0.001989
1920	1565	1.02382	0.001989
1920	1566	1.02382	0.001989
1920	1567	1.02382	0.001989
1920	1568	1.02382	0.001989
1920	1569	1.02382	0.001989
1920	1570	1.02382	0.001989
1920	1571	1.02382	0.001989
1920	1572	1.02382	0.001989
1920	1573	1.02382	0.001989
1920	1574	1.02382	0.001989
1920	1575	1.02382	0.001989
1920	1576	1.02382	0.001989
1920	1577	1.02382	0.001989
1920	1578	1.02382	0.001989
1920	1579	1.02382	0.001989
1920	1580	1.02382	0.001989
1920	1581	1.02382	0.001989
1920	1582	1.02382	0.001989
1920	1583	1.02382	0.001989
1920	1584	1.02382	0.001989
1920	1585	1.02382	0.001989
1920	1586	1.02382	0.001989
1920	1587	1.02382	0.001989
1920	1588	1.02382	0.001989
1920	1589	1.02382	0.001989
1920	1590	1.02382	0.001989
1920	1591	1.02382	0.001989
1920	1592	1.02382	0.001989
1920	1593	1.02382	0.001989
1920	1594	1.02382	0.001989
1920	1595	1.02382	0.001989
1920	1596	1.02382	0.001989
1920	1597	1.02382	0.001989
1920	1598	1.02382	0.001989
1920	1599	1.02382	0.001989
1920	1600	1.02382	0.001989
1920	1601	1.02382	0.001989
1920	1602	1.02382	0.001989
1920	1603	1.02382	0.001989
1920	1604	1.02382	0.001989
1920	1605	1.02382	0.001989
1920	1606	1.02382	0.001989
1920	1607	1.02382	0.001989
1920	1608	1.02382	0.001989
1920	1609	1.02382	0.001989
1920	1610	1.02382	0.001989
1920	1611	1.02382	0.001989
1920	1612	1.02382	0.001989
1920	1613	1.02382	0.001989
1920	1614	1.02382	0.001989
1920	1615	1.02382	0.001989
1920	1616	1.02382	0.001989
1920	1617	1.02382	0.001989
1920	1618	1.02382	0.001989
1920	1619	1.02382	0.001989
1920	1620	1.02382	0.001989
1920	1621	1.02382	0.001989
1920	1622	1.02382	0.001989
1920	1623	1.02382	0.001989
1920	1624	1.02382	0.001989
1920	1625	1.02382	0.001989
1920	1626	1.02382	0.001989
1920	1627	1.02382	0.001989
1920	1628	1.02382	0.001989
1920	1629	1.02382	0.001989
1920	1630	1.02382	0.001989
1920	1631	1.02382	0.001989
1920	1632	1.02382	0.001989
1920	1633	1.02382	0.001989
1920	1634	1.02382	0.001989
1920	1635	1.02382	0.001989
1920	1636	1.02382	0.001989
1920	1637	1.02382	0.001989
1920	1638	1.02382	0.001989
1920	1639	1.02382	0.001989
1920	1640	1.02382	0.001989
1920	1641	1.02382	0.001989
1920	1642	1.02382	0.001989
1920	1643	1.02382	0.001989
1920	1644	1.02382	0.001989
1920	1645	1.02382	0.001989
1920	1646	1.02382	0.001989
1920	1647	1.02382	0.001989
1920	1648	1.02382	0.001989
1920	1649	1.02382	0.001989
1920	1650	1.02382	0.001989
1920	1651	1.02382	0.001989
1920	1652	1.02382	0.001989
1920	1653	1.02382	0.001989
1920	1654	1.02382	0.001989
1920	1655	1.02382	0.001989
1920	1656	1.02382	0.001989
1920	1657	1.02382	0.001989
1920	1658	1.02382	0.001989
1920	1659	1.02382	0.001989
1920	1660	1.02382	0.001989
1920	1661	1.02382	0.001989
1920	1662	1.02382	0.001989
1920	1663	1.02382	0.001989
1920	1664	1.02382	0.001989
1920	1665	1.02382	0.001989
1920	1666	1.02382	0.001989
1920	1667	1.02382	0.001989
1920	1668	1.02382	0.001989
1920	1669	1.02382	0.001989
1920	1670	1.02382	0.001989
1920	1671	1.02382	0.001989
1920	1672	1.02382	0.001989
1920	1673	1.02382	0.001989
1920	1674	1.02382	0.001989
1920	1675	1.02382	0.001989
1920	1676	1.02382	0.001989
1920	1677	1.02382	0.001989
1920	1678	1.02382	0.001989
1920	1679	1.02382	0.001989
1920	1680	1.02382	0.001989
1920	1681	1.02382	0.001989
1920	1682	1.02382	0.001989
1920	1683	1.02382	0.001989
1920	1684	1.02382	0.001989
1920	1685	1.02382	0.001989
1920	1686	1.02382	0.001989
1920	1687	1.02382	0.001989
1920	1688	1.02382	0.001989
1920	1689	1.02382	0.001989
1920	1690	1.02382	0.001989
1920	1691	1.02382	0.001989
1920	1692	1.02382	0.001989
1920	1693	1.02382	0.001989
1920	1694	1.02382	0.001989
1920	1695	1.02382	0.001989
1920	1696	1.02382	0.001989
1920	1697	1.0178	0.00197593
1920	1698	1.0178	0.00197593
1920	1699	1.0178	0.00197593
1920	1700	1.0178	0.00197593
1920	1701	1.0178	0.00197593
1920	1702	1.0178	0.00197593
1920	1703	1.0178	0.00197593
1920	1704	1.0178	0.00197593
1920	1705	1.0178	0.00197593
1920	1706	1.0178	0.00197593
1920	1707	1.0178	0.00197593
1920	1708	1.0178	0.00197593
1920	1709	1.0178	0.00197593
1920	1710	1.0178	0.00197593
1920	1711	1.0178	0.00197593
1920	1712	1.0178	0.00197593
1920	1713	1.0178	0.00197593
1920	1714	1.0178	0.00197593
1920	1715	1.0178	0.00197593
1920	1716	1.0178	0.00197593
1920	1717	1.0178	0.00197593
1920	1718	1.0178	0.00197593
1920	1719	1.0178	0.00197593
1920	1720	1.0178	0.00197593
1920	1721	1.0178	0.00197593
1920	1722	1.0178	0.00197593
1920	1723	1.0178	0.00197593
1920	1724	1.0178	0.00197593
1920	1725	1.0178	0.00197593
1920	1726	1.0178	0.00197593
1920	1727	1.0178	0.00197593
1920	1728	1.0178	0.00197593
1920	1729	1.0178	0.00197593
1920	1730	1.0178	0.00197593
1920	1731	1.0178	0.00197593
1920	1732	1.0178	0.00197593
1920	1733	1.0178	0.00197593
1920	1734	1.0178	0.00197593
1920	1735	1.0178	0.00197593
1920	1736	1.0178	0.00197593
1920	1737	1.0178	0.00197593
1920	1738	1.0178	0.00197593
1920	1739	1.0178	0.00197593
1920	1740	1.0178	0.00197593
1920	1741	1.0178	0.00197593
1920	1742	1.0178	0.00197593
1920	1743	1.0178	0.00197593
1920	1744	1.0178	0.00197593
1920	1745	1.0178	0.00197593
1920	1746	1.0178	0.00197593
1920	1747	1.0178	0.00197593
1920	1748	1.0178	0.00197593
1920	1749	1.0178	0.00197593
1920	1750	1.0178	0.00197593
1920	1751	1.0178	0.00197593
1920	1752	1.0178	0.00197593
1920	1753	1.0178	0.00197593
1920	1754	1.0178	0.00197593
1920	1755	1.0178	0.00197593
1920	1756	1.0178	0.00197593
1920	1757	1.0178	0.00197593
1920	1758	1.0178	0.00197593
1920	1759	1.0178	0.00197593
1920	1760	1.0178	0.00197593
1920	1761	1.0178	0.00197593
1920	1762	1.0178	0.00197593
1920	1763	1.0178	0.00197593
1920	1764	1.0178	0.00197593
1920	1765	1.0178	0.00197593
1920	1766	1.0178	0.00197593
1920	1767	1.0178	0.00197593
1920	1768	1.0178	0.00197593
1920	1769	1.0178	0.00197593
1920	1770	1.0178	0.00197593
1920	1771	1.0178	0.00197593
1920	1772	1.0178	0.00197593
1920	1773	1.0178	0.00197593
1920	1774	1.0178	0.00197593
1920	1775	1.0178	0.00197593
1920	1776	1.0178	0.00197593
1920	1777	1.0178	0.00197593
1920	1778	1.0178	0.00197593
1920	1779	1.0178	0.00197593
1920	1780	1.0178	0.00197593
1920	1781	1.0178	0.00197593
1920	1782	1.0178	0.00197593
1920	1783	1.0178	0.00197593
1920	1784	1.0178	0.00197593
1920	1785	1.0178	0.00197593
1920	1786	1.0178	0.00197593
1920	1787	1.0178	0.00197593
1920	1788	1.0178	0.00197593
1920	1789	1.0178	0.00197593
1920	1790	1.0178	0.00197593
1920	1791	1.0178	0.00197593
1920	1792	1.0178	0.00197593
1920	1793	1.0178	0.00197593
1920	1794	1.0178	0.00197593
1920	1795	1.0178	0.00197593
1920	1796	1.0178	0.00197593
1920	1797	1.0178	0.00197593
1920	1798	1.0178	0.00197593
1920	1799	1.0178	0.00197593
1920	1800	1.0178	0.00197593
1920	1801	1.0178	0.00197593
1920	1802	1.0178	0.00197593
1920	1803	1.0178	0.00197593
1920	1804	1.0178	0.00197593
1920	1805	1.0178	0.00197593
1920	1806	1.0178	0.00197593
1920	1807	1.0178	0.00197593
1920	1808	1.0178	0.00197593
1920	1809	1.0178	0.00197593
1920	1810	1.0178	0.00197593
1920	1811	1.0178	0.00197593
1920	1812	1.0178	0.00197593
1920	1813	1.0178	0.00197593
1920	1814	1.0178	0.00197593
1920	1815	1.0178	0.00197593
1920	1816	1.0178	0.00197593
1920	1817	1.0178	0.00197593
1920	1818	1.0178	0.00197593
1920	1819	1.0178	0.00197593
1920	1820	1.0178	0.00197593
1920	1821	1.0178	0.00197593
1920	1822	1.0178	0.00197593
1920	1823	1.0178	0.00197593
1920	1824	1.0178	0.00197593
1920	1825	1.0178	0.00197593
1920	1826	1.0178	0.00197593
1920	1827	1.0178	0.00197593
1920	1828	1.0178	0.00197593
1920	1829	1.0178	0.00197593
1920	1830	1.0178	0.00197593
1920	1831	1.0178	0.00197593
1920	1832	1.0178	0.00197593
1920	1833	1.0178	0.00197593
1920	1834	1.0178	0.00197593
1920	1835	1.0178	0.00197593
1920	1836	1.0178	0.00197593
1920	1837	1.0178	0.00197593
1920	1838	1.0178	0.00197593
1920	1839	1.0178	0.00197593
1920	1840	1.0178	0.00197593
1920	1841	1.0178	0.00197593
1920	1842	1.0178	0.00197593
1920	1843	1.0178	0.00197593
1920	1844	1.0178	0.00197593
1920	1845	1.0178	0.00197593
1920	1846	1.0178	0.00197593
1920	1847	1.0178	0.00197593
1920	1848	1.0178	0.00197593
1920	1849	1.0178	0.00197593
1920	1850	1.0178	0.00197593
1920	1851	1.0178	0.00197593
1920	1852	1.0178	0.00197593
1920	1853	1.0178	0.00197593
1920	1854	1.0178	0.00197593
1920	1855	1.0178	0.00197593
1920	1856	1.0178	0.00197593
1920	1857	1.0178	0.00197593
1920	1858	1.0178	0.00197593
1920	1859	1.0178	0.00197593
1920	1860	1.0178	0.00197593
1920	1861	1.0178	0.00197593
1920	1862	1.0178	0.00197593
1920	1863	1.0178	0.00197593
1920	1864	1.0178	0.00197593
1920	1865	1.0178	0.00197593
1920	1866	1.0178	0.00197593
1920	1867	1.0178	0.00197593
1920	1868	1.0178	0.00197593
1920	1869	1.0178	0.00197593
1920	1870	1.0178	0.00197593
1920	1871	1.0178	0.00197593
1920	1872	1.0178	0.00197593
1920	1873	1.0178	0.00197593
1920	1874	1.0178	0.00197593
1920	1875	1.0178	0.00197593
1920	1876	1.0178	0.00197593
1920	1877	1.0178	0.00197593
1920	1878	1.0178	0.00197593
1920	1879	1.0178	0.00197593
1920	1880	1.0178	0.00197593
1920	1881	1.0178	0.00197593
1920	1882	1.0178	0.00197593
1920	1883	1.0178	0.00197593
1920	1884	1.0178	0.00197593
1920	1885	1.0178	0.00197593
1920	1886	1.0178	0.00197593
1920	1887	1.0178	0.00197593
1920	1888	1.0178	0.00197593
1920	1889	1.0178	0.00197593
1920	1890	1.0178	0.00197593
1920	1891	1.0178	0.00197593
1920	1892	1.0178	0.00197593
1920	1893	1.0178	0.00197593
1920	1894	1.0178	0.00197593
1920	1895	1.0178	0.00197593
1920	1896	1.0178	0.00197593
1920	1897	1.0178	0.00197593
1920	1898	1.0178	0.00197593
1920	1899	1.0178	0.00197593
1920	1900	1.0178	0.00197593
1920	1901	1.0178	0.00197593
1920	1902	1.0178	0.00197593
1920	1903	1.0178	0.00197593
1920	1904	1.0178	0.00197593
1920	1905	1.0178	0.00197593
1920	1906	1.0178	0.00197593
1920	1907	1.0178	0.00197593
1920	1908	1.0178	0.00197593
1920	1909	1.0178	0.00197593
1920	1910	1.0178	0.00197593
1920	1911	1.0178	0.00197593
1920	1912	1.0178	0.00197593
1920	1913	1.0178	0.00197593
1920	1914	1.0178	0.00197593
1920	1915	1.0178	0.00197593
1920	1916	1.0178	0.00197593
1920	1917	1.0178	0.00197593
1920	1918	1.0178	0.00197593
1920	1919	1.0178	0.00197593
1920	1920	1.0178	0.00197593
1920	1921	1.0178	0.00197593
1920	1922	1.0178	0.00197593
1920	1923	1.0178	0.00197593
1920	1924	1.0178	0.00197593
1920	1925	1.0178	0.00197593
1920	1926	1.0178	0.00197593
1920	1927	1.0178	0.00197593
1920	1928	1.0178	0.00197593
1920	1929	1.0178	0.00197593
1920	1930	1.0178	0.00197593
1920	1931	1.0178	0.00197593
1920	1932	1.0178	0.00197593
1920	1933	1.0178	0.00197593
1920	1934	1.0178	0.00197593
1920	1935	1.0178	0.00197593
1920	1936	1.0178	0.00197593
1920	1937	1.0178	0.00197593
1920	1938	1.0178	0.00197593
1920	1939	1.0178	0.00197593
1920	1940	1.0178	0.00197593
1920	1941	1.0178	0.00197593
1920	1942	1.0178	0.00197593
1920	1943	1.0178	0.00197593
1920	1944	1.0178	0.00197593
1920	1945	1.0178	0.00197593
1920	1946	1.0178	0.00197593
1920	1947	1.0178	0.00197593
1920	1948	1.0178	0.00197593
1920	1949	1.0178	0.00197593
1920	1950	1.0178	0.00197593
1920	1951	1.0178	0.00197593
1920	1952	1.0178	0.00197593
1920	1953	1.0178	0.00197593
1920	1954	1.0178	0.00197593
1920	1955	1.0178	0.00197593
1920	1956	1.0178	0.00197593
1920	1957	1.0178	0.00197593
1920	1958	1.0178	0.00197593
1920	1959	1.0178	0.00197593
1920	1960	1.0178	0.00197593
1920	1961	1.0178	0.00197593
1920	1962	1.0178	0.00197593
1920	1963	1.0178	0.00197593
1920	1964	1.0178	0.00197593
1920	1965	1.0178	0.00197593
1920	1966	1.0178	0.00197593
1920	1967	1.0178	0.00197593
1920	1968	1.0178	0.00197593
1920	1969	1.0178	0.00197593
1920	1970	1.0178	0.00197593
1920	1971	1.0178	0.00197593
1920	1972	1.0178	0.00197593
1920	1973	1.0178	0.00197593
1920	1974	1.0178	0.00197593
1920	1975	1.0178	0.00197593
1920	1976	1.0178	0.00197593
1920	1977	1.0178	0.00197593
1920	1978	1.0178	0.00197593
1920	1979	1.0178	0.00197593
1920	1980	1.0178	0.00197593
1920	1981	1.0178	0.00197593
1920	1982	1.0178	0.00197593
1920	1983	1.0178	0.00197593
1920	1984	1.0178	0.00197593
1920	1985	1.0178	0.00197593
1920	1986	1.0178	0.00197593
1920	1987	1.0178	0.00197593
1920	1988	1.0178	0.00197593
1920	1989	1.0178	0.00197593
1920	1990	1.0178	0.00197593
1920	1991	1.0178	0.00197593
1920	1992	1.0178	0.00197593
1920	1993	1.0178	0.00197593
1920	1994	1.0178	0.00197593
1920	1995	1.0178	0.00197593
1920	1996	1.0178	0.00197593
1920	1997	1.0178	0.00197593
1920	1998	1.0178	0.00197593
1920	1999	1.0178	0.00197593
1920	2000	1.0178	0.00197593
1920	2001	1.0178	0.00197593
1920	2002	1.0178	0.00197593
1920	2003	1.0178	0.00197593
1920	2004	1.0178	0.00197593
1920	2005	1.0178	0.00197593
1920	2006	1.0178	0.00197593
1920	2007	1.0178	0.00197593
1920	2008	1.0178	0.00197593
1920	2009	1.0178	0.00197593
1920	2010	1.0178	0.00197593
1920	2011	1.0178	0.00197593
1920	2012	1.0178	0.00197593
1920	2013	1.0178	0.00197593
1920	2014	1.0178	0.00197593
1920	2015	1.0178	0.00197593
1920	2016	1.0178	0.00197593
1920	2017	1.0178	0.00197593
1920	2018	1.0178	0.00197593
1920	2019	1.0178	0.00197593
1920	2020	1.0178	0.00197593
1920	2021	1.0178	0.00197593
1920	2022	1.0178	0.00197593
1920	2023	1.0178	0.00197593
1920	2024	1.0178	0.00197593
1920	2025	1.0178	0.00197593
1920	2026	1.0178	0.00197593
1920	2027	1.0178	0.00197593
1920	2028	1.0178	0.00197593
1920	2029	1.0178	0.00197593
1920	2030	1.0178	0.00197593
1920	2031	1.0178	0.00197593
1920	2032	1.0178	0.00197593
1920	2033	1.0178	0.00197593
1920	2034	1.0178	0.00197593
1920	2035	1.0178	0.00197593
1920	2036	1.0178	0.00197593
1920	2037	1.0178	0.00197593
1920	2038	1.0178	0.00197593
1920	2039	1.0178	0.00197593
1920	2040	1.0178	0.00197593
1920	2041	1.0178	0.00197593
1920	2042	1.0178	0.00197593
1920	2043	1.0178	0.00197593
1920	2044	1.0178	0.00197593
1920	2045	1.0178	0.00197593
1920	2046	1.0178	0.00197593
1920	2047	1.0178	0.00197593
1920	2048	1.0178	0.00197593
1920	2049	1.0178	0.00197593
1920	2050	1.0178	0.00197593
1920	2051	1.0178	0.00197593
1920	2052	1.0178	0.00197593
1920	2053	1.0178	0.00197593
1920	2054	1.0178	0.00197593
1920	2055	1.0178	0.00197593
1920	2056	1.0178	0.00197593
1920	2057	1.0178	0.00197593
1920	2058	1.0178	0.00197593
1920	2059	1.0178	0.00197593
1920	2060	1.0178	0.00197593
1920	2061	1.0178	0.00197593
1920	2062	1.0178	0.00197593
1920	2063	1.0178	0.00197593
1920	2064	1.0178	0.00197593
1920	2065	1.0178	0.00197593
1920	2066	1.0178	0.00197593
1920	2067	1.0178	0.00197593
1920	2068	1.0178	0.00197593
1920	2069	1.0178	0.00197593
1920	2070	1.0178	0.00197593
1920	2071	1.0178	0.00197593
1920	2072	1.0178	0.00197593
1920	2073	1.0178	0.00197593
1920	2074	1.0178	0.00197593
1920	2075	1.0178	0.00197593
1920	2076	1.0178	0.00197593
1920	2077	1.0178	0.00197593
1920	2078	1.0178	0.00197593
1920	2079	1.0178	0.00197593
1920	2080	1.0178	0.00197593
1920	2081	1.0178	0.00197593
1920	2082	1.0178	0.00197593
1920	2083	1.0178	0.00197593
1920	2084	1.0178	0.00197593
1920	2085	1.0178	0.00197593
1920	2086	1.0178	0.00197593
1920	2087	1.0178	0.00197593
1920	2088	1.0178	0.00197593
1920	2089	1.0178	0.00197593
1920	2090	1.0178	0.00197593
1920	2091	1.0178	0.00197593
1920	2092	1.0178	0.00197593
1920	2093	1.0178	0.00197593
1920	2094	1.0178	0.00197593
1920	2095	1.0178	0.00197593
1920	2096	1.0178	0.00197593
1920	2097	1.0178	0.00197593
1920	2098	1.0178	0.00197593
1920	2099	1.0178	0.00197593
1920	2100	1.0178	0.00197593
1920	2101	1.0178	0.00197593
1920	2102	1.0178	0.00197593
1920	2103	1.0178	0.00197593
1920	2104	1.0178	0.00197593
1920	2105	1.0178	0.00197593
1920	2106	1.0178	0.00197593
1920	2107	1.0178	0.00197593
1920	2108	1.0178	0.00197593
1920	2109	1.0178	0.00197593
1920	2110	1.0178	0.00197593
1920	2111	1.0178	0.00197593
1920	2112	1.0178	0.00197593
1920	2113	1.0178	0.00197593
1920	2114	1.0178	0.00197593
1920	2115	1.0178	0.00197593
1920	2116	1.0178	0.00197593
1920	2117	1.0178	0.00197593
1920	2118	1.0178	0.00197593
1920	2119	1.0178	0.00197593
1920	2120	1.0178	0.00197593
1920	2121	1.0178	0.00197593
1920	2122	1.0178	0.00197593
1920	2123	1.0178	0.00197593
1920	2124	1.0178	0.00197593
1920	2125	1.0178	0.00197593
1920	2126	1.0178	0.00197593
1920	2127	1.0178	0.00197593
1920	2128	1.0178	0.00197593
1920	2129	1.0178	0.00197593
1920	2130	1.0178	0.00197593
1920	2131	1.0178	0.00197593
1920	2132	1.0178	0.00197593
1920	2133	1.0178	0.00197593
1920	2134	1.0178	0.00197593
1920	2135	1.0178	0.00197593
1920	2136	1.0178	0.00197593
1920	2137	1.0178	0.00197593
1920	2138	1.0178	0.00197593
1920	2139	1.0178	0.00197593
1920	2140	1.0178	0.00197593
1920	2141	1.0178	0.00197593
1920	2142	1.0178	0.00197593
1920	2143	1.0178	0.00197593
1920	2144	1.0178	0.00197593
1920	2145	1.0178	0.00197593
1920	2146	1.0178	0.00197593
1920	2147	1.0178	0.00197593
1920	2148	1.0178	0.00197593
1920	2149	1.0178	0.00197593
1920	2150	1.0178	0.00197593
1920	2151	1.0178	0.00197593
1920	2152	1.0178	0.00197593
1920	2153	1.0178	0.00197593
1920	2154	1.0178	0.00197593
1920	2155	1.0178	0.00197593
1920	2156	1.0178	0.00197593
1920	2157	1.0178	0.00197593
1920	2158	1.0178	0.00197593
1920	2159	1.0178	0.00197593
1920	2160	1.0178	0.00197593
1920	2161	1.0178	0.00197593
1920	2162	1.0178	0.00197593
1920	2163	1.0178	0.00197593
1920	2164	1.0178	0.00197593
1920	2165	1.0178	0.00197593
1920	2166	1.0178	0.00197593
1920	2167	1.0178	0.00197593
1920	2168	1.0178	0.00197593
1920	2169	1.0178	0.00197593
1920	2170	1.0178	0.00197593
1920	2171	1.0178	0.00197593
1920	2172	1.0178	0.00197593
1920	2173	1.0178	0.00197593
1920	2174	1.0178	0.00197593
1920	2175	1.0178	0.00197593
1920	2176	1.0178	0.00197593
1920	2177	1.0178	0.00197593
1920	2178	1.0178	0.00197593
1920	2179	1.0178	0.00197593
1920	2180	1.0178	0.00197593
1920	2181	1.0178	0.00197593
1920	2182	1.0178	0.00197593
1920	2183	1.0178	0.00197593
1920	2184	1.0178	0.00197593
1920	2185	1.0178	0.00197593
1920	2186	1.0178	0.00197593
1920	2187	1.0178	0.00197593
1920	2188	1.0178	0.00197593
1920	2189	1.0178	0.00197593
1920	2190	1.0178	0.00197593
1920	2191	1.0178	0.00197593
1920	2192	1.0178	0.00197593
1920	2193	1.0178	0.00197593
1920	2194	1.0178	0.00197593
1920	2195	1.0178	0.00197593
1920	2196	1.0178	0.00197593
1920	2197	1.0178	0.00197593
1920	2198	1.0178	0.00197593
1920	2199	1.0178	0.00197593
1920	2200	1.0178	0.00197593
1920	2201	1.0178	0.00197593
1920	2202	1.0178	0.00197593
1920	2203	1.0178	0.00197593
1920	2204	1.0178	0.00197593
1920	2205	1.0178	0.00197593
1920	2206	1.0178	0.00197593
1920	2207	1.0178	0.00197593
1920	2208	1.0178	0.00197593
1920	2209	1.0178	0.00197593
1920	2210	1.0178	0.00197593
1920	2211	1.0178	0.00197593
1920	2212	1.0178	0.00197593
1920	2213	1.0178	0.00197593
1920	2214	1.0178	0.00197593
1920	2215	1.0178	0.00197593
1920	2216	1.0178	0.00197593
1920	2217	1.0178	0.00197593
1920	2218	1.0178	0.00197593
1920	2219	1.0178	0.00197593
1920	2220	1.0178	0.00197593
1920	2221	1.0178	0.00197593
1920	2222	1.0178	0.00197593
1920	2223	1.0178	0.00197593
1920	2224	1.0178	0.00197593
1920	2225	1.0178	0.00197593
1920	2226	1.0178	0.00197593
1920	2227	1.0178	0.00197593
1920	2228	1.0178	0.00197593
1920	2229	1.0178	0.00197593
1920	2230	1.0178	0.00197593
1920	2231	1.0178	0.00197593
1920	2232	1.0178	0.00197593
1920	2233	1.0178	0.00197593
1920	2234	1.0178	0.00197593
1920	2235	1.0178	0.00197593
1920	2236	1.0178	0.00197593
1920	2237	1.0178	0.00197593
1920	2238	1.0178	0.00197593
1920	2239	1.0178	0.00197593
1920	2240	1.0178	0.00197593
1920	2241	1.0178	0.00197593
1920	2242	1.0178	0.00197593
1920	2243	1.0178	0.00197593
1920	2244	1.0178	0.00197593
1920	2245	1.0178	0.00197593
1920	2246	1.0178	0.00197593
1920	2247	1.0178	0.00197593
1920	2248	1.0178	0.00197593
1920	2249	1.0178	0.00197593
1920	2250	1.0178	0.00197593
1920	2251	1.0178	0.00197593
1920	2252	1.0178	0.00197593
1920	2253	1.0178	0.00197593
1920	2254	1.0178	0.00197593
1920	2255	1.0178	0.00197593
1920	2256	1.0178	0.00197593
1920	2257	1.0178	0.00197593
1920	2258	1.0178	0.00197593
1920	2259	1.0178	0.00197593
1920	2260	1.0178	0.00197593
1920	2261	1.0178	0.00197593
1920	2262	1.0178	0.00197593
1920	2263	1.0178	0.00197593
1920	2264	1.0178	0.00197593
1920	2265	1.0178	0.00197593
1920	2266	1.0178	0.00197593
1920	2267	1.0178	0.00197593
1920	2268	1.0178	0.00197593
1920	2269	1.0178	0.00197593
1920	2270	1.0178	0.00197593
1920	2271	1.0178	0.00197593
1920	2272	1.0178	0.00197593
1920	2273	1.0178	0.00197593
1920	2274	1.0178	0.00197593
1920	2275	1.0178	0.00197593
1920	2276	1.0178	0.00197593
1920	2277	1.0178	0.00197593
1920	2278	1.0178	0.00197593
1920	2279	1.0178	0.00197593
1920	2280	1.0178	0.00197593
1920	2281	1.0178	0.00197593
1920	2282	1.0178	0.00197593
1920	2283	1.0178	0.00197593
1920	2284	1.0178	0.00197593
1920	2285	1.0178	0.00197593
1920	2286	1.0178	0.00197593
1920	2287	1.0178	0.00197593
1920	2288	1.0178	0.00197593
1920	2289	1.0178	0.00197593
1920	2290	1.0178	0.00197593
1920	2291	1.0178	0.00197593
1920	2292	1.0178	0.00197593
1920	2293	1.0178	0.00197593
1920	2294	1.0178	0.00197593
1920	2295	1.0178	0.00197593
1920	2296	1.0178	0.00197593
1920	2297	1.0178	0.00197593
1920	2298	1.0178	0.00197593
1920	2299	1.0178	0.00197593
1920	2300	1.0178	0.00197593
1920	2301	1.0178	0.00197593
1920	2302	1.0178	0.00197593
1920	2303	1.0178	0.00197593
1920	2304	1.0178	0.00197593
1920	2305	1.0178	0.00197593
1920	2306	1.0178	0.00197593
1920	2307	1.0178	0.00197593
1920	2308	1.0178	0.00197593
1920	2309	1.0178	0.00197593
1920	2310	1.0178	0.00197593
1920	2311	1.0178	0.00197593
1920	2312	1.0178	0.00197593
1920	2313	1.0178	0.00197593
1920	2314	1.0178	0.00197593
1920	2315	1.0178	0.00197593
1920	2316	1.0178	0.00197593
1920	2317	1.0178	0.00197593
1920	2318	1.0178	0.00197593
1920	2319	1.0178	0.00197593
1920	2320	1.0178	0.00197593
1920	2321	1.0178	0.00197593
1920	2322	1.0178	0.00197593
1920	2323	1.0178	0.00197593
1920	2324	1.0178	0.00197593
1920	2325	1.0178	0.00197593
1920	2326	1.0178	0.00197593
1920	2327	1.0178	0.00197593
1920	2328	1.0178	0.00197593
1920	2329	1.0178	0.00197593
1920	2330	1.0178	0.00197593
1920	2331	1.0178	0.00197593
1920	2332	1.0178	0.00197593
1920	2333	1.0178	0.00197593
1920	2334	1.0178	0.00197593
1920	2335	1.0178	0.00197593
1920	2336	1.0178	0.00197593
1920	2337	1.0178	0.00197593
1920	2338	1.0178	0.00197593
1920	2339	1.0178	0.00197593
1920	2340	1.0178	0.00197593
1920	2341	1.0178	0.00197593
1920	2342	1.0178	0.00197593
1920	2343	1.0178	0.00197593
1920	2344	1.0178	0.00197593
1920	2345	1.0178	0.00197593
1920	2346	1.0178	0.00197593
1920	2347	1.0178	0.00197593
1920	2348	1.0178	0.00197593
1920	2349	1.0178	0.00197593
1920	2350	1.0178	0.00197593
1920	2351	1.0178	0.00197593
1920	2352	1.0178	0.00197593
1920	2353	1.0178	0.00197593
1920	2354	1.0178	0.00197593
1920	2355	1.0178	0.00197593
1920	2356	1.0178	0.00197593
1920	2357	1.0178	0.00197593
1920	2358	1.0178	0.00197593
1920	2359	1.0178	0.00197593
1920	2360	1.0178	0.00197593
1920	2361	1.0178	0.00197593
1920	2362	1.0178	0.00197593
1920	2363	1.0178	0.00197593
1920	2364	1.0178	0.00197593
1920	2365	1.0178	0.00197593
1920	2366	1.0178	0.00197593
1920	2367	1.0178	0.00197593
1920	2368	1.0178	0.00197593
1920	2369	1.0178	0.00197593
1920	2370	1.0178	0.00197593
1920	2371	1.0178	0.00197593
1920	2372	1.0178	0.00197593
1920	2373	1.0178	0.00197593
1920	2374	1.0178	0.00197593
1920	2375	1.0178	0.00197593
1920	2376	1.0178	0.00197593
1920	2377	1.0178	0.00197593
1920	2378	1.0178	0.00197593
1920	2379	1.0178	0.00197593
1920	2380	1.0178	0.00197593
1920	2381	1.0178	0.00197593
1920	2382	1.0178	0.00197593
1920	2383	1.0178	0.00197593
1920	2384	1.0178	0.00197593
1920	2385	1.0178	0.00197593
1920	2386	1.0178	0.00197593
1920	2387	1.0178	0.00197593
1920	2388	1.0178	0.00197593
1920	2389	1.0178	0.00197593
1920	2390	1.0178	0.00197593
1920	2391	1.0178	0.00197593
1920	2392	1.0178	0.00197593
1920	2393	1.0178	0.00197593
1920	2394	1.0178	0.00197593
1920	2395	1.0178	0.00197593
1920	2396	1.0178	0.00197593
1920	2397	1.0178	0.00197593
1920	2398	1.0178	0.00197593
1920	2399	1.0178	0.00197593
1920	2400	1.0178	0.00197593
1920	2401	1.0178	0.00197593
1920	2402	1.0178	0.00197593
1920	2403	1.0178	0.00197593
1920	2404	1.0178	0.00197593
1920	2405	1.0178	0.00197593
1920	2406	1.0178	0.00197593
1920	2407	1.0178	0.00197593
1920	2408	1.0178	0.00197593
1920	2409	1.0178	0.00197593
1920	2410	1.0178	0.00197593
1920	2411	1.0178	0.00197593
1920	2412	1.0178	0.00197593
1920	2413	1.0178	0.00197593
1920	2414	1.0178	0.00197593
1920	2415	1.0178	0.00197593
1920	2416	1.0178	0.00197593
1920	2417	1.0178	0.00197593
1920	2418	1.0178	0.00197593
1920	2419	1.0178	0.00197593
1920	2420	1.0178	0.00197593
1920	2421	1.0178	0.00197593
1920	2422	1.0178	0.00197593
1920	2423	1.0178	0.00197593
1920	2424	1.0178	0.00197593
1920	2425	1.0178	0.00197593
1920	2426	1.0178	0.00197593
1920	2427	1.0178	0.00197593
1920	2428	1.0178	0.00197593
1920	2429	1.0178	0.00197593
1920	2430	1.0178	0.00197593
1920	2431	1.0178	0.00197593
1920	2432	1.0178	0.00197593
1920	2433	1.0178	0.00197593
1920	2434	1.0178	0.00197593
1920	2435	1.0178	0.00197593
1920	2436	1.0178	0.00197593
1920	2437	1.0178	0.00197593
1920	2438	1.0178	0.00197593
1920	2439	1.0178	0.00197593
1920	2440	1.0178	0.00197593
1920	2441	1.0178	0.00197593
1920	2442	1.0178	0.00197593
1920	2443	1.0178	0.00197593
1920	2444	1.0178	0.00197593
1920	2445	1.0178	0.00197593
1920	2446	1.0178	0.00197593
1920	2447	1.0178	0.00197593
1920	2448	1.0178	0.00197593
1920	2449	1.0178	0.00197593
1920	2450	1.0178	0.00197593
1920	2451	1.0178	0.00197593
1920	2452	1.0178	0.00197593
1920	2453	1.0178	0.00197593
1920	2454	1.0178	0.00197593
1920	2455	1.0178	0.00197593
1920	2456	1.0178	0.00197593
1920	2457	1.0178	0.00197593
1920	2458	1.0178	0.00197593
1920	2459	1.0178	0.00197593
1920	2460	1.0178	0.00197593
1920	2461	1.0178	0.00197593
1920	2462	1.0178	0.00197593
1920	2463	1.0178	0.00197593
1920	2464	1.0178	0.00197593
1920	2465	1.0178	0.00197593
1920	2466	1.0178	0.00197593
1920	2467	1.0178	0.00197593
1920	2468	1.0178	0.00197593
1920	2469	1.0178	0.00197593
1920	2470	1.0178	0.00197593
1920	2471	1.0178	0.00197593
1920	2472	1.0178	0.00197593
1920	2473	1.0178	0.00197593
1920	2474	1.0178	0.00197593
1920	2475	1.0178	0.00197593
1920	2476	1.0178	0.00197593
1920	2477	1.0178	0.00197593
1920	2478	1.0178	0.00197593
1920	2479	1.0178	0.00197593
1920	2480	1.0178	0.00197593
1920	2481	1.0178	0.00197593
1920	2482	1.0178	0.00197593
1920	2483	1.0178	0.00197593
1920	2484	1.0178	0.00197593
1920	2485	1.0178	0.00197593
1920	2486	1.0178	0.00197593
1920	2487	1.0178	0.00197593
1920	2488	1.0178	0.00197593
1920	2489	1.0178	0.00197593
1920	2490	1.0178	0.00197593
1920	2491	1.0178	0.00197593
1920	2492	1.0178	0.00197593
1920	2493	1.0178	0.00197593
1920	2494	1.0178	0.00197593
1920	2495	1.0178	0.00197593
1920	2496	1.0178	0.00197593
1920	2497	1.0178	0.00197593
1920	2498	1.0178	0.00197593
1920	2499	1.0178	0.00197593
1920	2500	1.0178	0.00197593
1920	2501	1.0178	0.00197593
1920	2502	1.0178	0.00197593
1920	2503	1.0178	0.00197593
1920	2504	1.0178	0.00197593
1920	2505	1.0178	0.00197593
1920	2506	1.0178	0.00197593
1920	2507	1.0178	0.00197593
1920	2508	1.0178	0.00197593
1920	2509	1.0178	0.00197593
1920	2510	1.0178	0.00197593
1920	2511	1.0178	0.00197593
1920	2512	1.0178	0.00197593
1920	2513	1.0178	0.00197593
1920	2514	1.0178	0.00197593
1920	2515	1.0178	0.00197593
1920	2516	1.0178	0.00197593
1920	2517	1.0178	0.00197593
1920	2518	1.0178	0.00197593
1920	2519	1.0178	0.00197593
1920	2520	1.0178	0.00197593
1920	2521	1.0178	0.00197593
1920	2522	1.0178	0.00197593
1920	2523	1.0178	0.00197593
1920	2524	1.0178	0.00197593
1920	2525	1.0178	0.00197593
1920	2526	1.0178	0.00197593
1920	2527	1.0178	0.00197593
1920	2528	1.0178	0.00197593
1920	2529	1.0178	0.00197593
1920	2530	1.0178	0.00197593
1920	2531	1.0178	0.00197593
1920	2532	1.0178	0.00197593
1920	2533	1.0178	0.00197593
1920	2534	1.0178	0.00197593
1920	2535	1.0178	0.00197593
1920	2536	1.0178	0.00197593
1920	2537	1.0178	0.00197593
1920	2538	1.0178	0.00197593
1920	2539	1.0178	0.00197593
1920	2540	1.0178	0.00197593
1920	2541	1.0178	0.00197593
1920	2542	1.0178	0.00197593
1920	2543	1.0178	0.00197593
1920	2544	1.0178	0.00197593
1920	2545	1.0178	0.00197593
1920	2546	1.0178	0.00197593
1920	2547	1.0178	0.00197593
1920	2548	1.0178	0.00197593
1920	2549	1.0178	0.00197593
1920	2550	1.0178	0.00197593
1920	2551	1.0178	0.00197593
1920	2552	1.0178	0.00197593
1920	2553	1.0178	0.00197593
1920	2554	1.0178	0.00197593
1920	2555	1.0178	0.00197593
1920	2556	1.0178	0.00197593
1920	2557	1.0178	0.00197593
1920	2558	1.0178	0.00197593
1920	2559	1.0178	0.00197593
1920	2560	1.0178	0.00197593
1920	2561	1.0178	0.00197593
1920	2562	1.0178	0.00197593
1920	2563	1.0178	0.00197593
1920	2564	1.0178	0.00197593
1920	2565	1.0178	0.00197593
1920	2566	1.0178	0.00197593
1920	2567	1.0178	0.00197593
1920	2568	1.0178	0.00197593
1920	2569	1.0178	0.00197593
1920	2570	1.0178	0.00197593
1920	2571	1.0178	0.00197593
1920	2572	1.0178	0.00197593
1920	2573	1.0178	0.00197593
1920	2574	1.0178	0.00197593
1920	2575	1.0178	0.00197593
1920	2576	1.0178	0.00197593
1920	2577	1.0178	0.00197593
1920	2578	1.0178	0.00197593
1920	2579	1.0178	0.00197593
1920	2580	1.0178	0.00197593
1920	2581	1.0178	0.00197593
1920	2582	1.0178	0.00197593
1920	2583	1.0178	0.00197593
1920	2584	1.0178	0.00197593
1920	2585	1.0178	0.00197593
1920	2586	1.0178	0.00197593
1920	2587	1.0178	0.00197593
1920	2588	1.0178	0.00197593
1920	2589	1.0178	0.00197593
1920	2590	1.0178	0.00197593
1920	2591	1.0178	0.00197593
1920	2592	1.0178	0.00197593
1920	2593	1.0178	0.00197593
1920	2594	1.0178	0.00197593
1920	2595	1.0178	0.00197593
1920	2596	1.0178	0.00197593
1920	2597	1.0178	0.00197593
1920	2598	1.0178	0.00197593
1920	2599	1.0178	0.00197593
1920	2600	1.0178	0.00197593
1920	2601	1.0178	0.00197593
1920	2602	1.0178	0.00197593
1920	2603	1.0178	0.00197593
1920	2604	1.0178	0.00197593
1920	2605	1.0178	0.00197593
1920	2606	1.0178	0.00197593
1920	2607	1.0178	0.00197593
1920	2608	1.0178	0.00197593
1920	2609	1.0178	0.00197593
1920	2610	1.0178	0.00197593
1920	2611	1.0178	0.00197593
1920	2612	1.0178	0.00197593
1920	2613	1.0178	0.00197593
1920	2614	1.0178	0.00197593
1920	2615	1.0178	0.00197593
1920	2616	1.0178	0.00197593
1920	2617	1.0178	0.00197593
1920	2618	1.0178	0.00197593
1920	2619	1.0178	0.00197593
1920	2620	1.0178	0.00197593
1920	2621	1.0178	0.00197593
1920	2622	1.0178	0.00197593
1920	2623	1.0178	0.00197593
1920	2624	1.0178	0.00197593
1920	2625	1.0178	0.00197593
1920	2626	1.0178	0.00197593
1920	2627	1.0178	0.00197593
1920	2628	1.0178	0.00197593
1920	2629	1.0178	0.00197593
1920	2630	1.0178	0.00197593
1920	2631	1.0178	0.00197593
1920	2632	1.0178	0.00197593
1920	2633	1.0178	0.00197593
1920	2634	1.0178	0.00197593
1920	2635	1.0178	0.00197593
1920	2636	1.0178	0.00197593
1920	2637	1.0178	0.00197593
1920	2638	1.0178	0.00197593
1920	2639	1.0178	0.00197593
1920	2640	1.0178	0.00197593
1920	2641	1.0178	0.00197593
1920	2642	1.0178	0.00197593
1920	2643	1.0178	0.00197593
1920	2644	1.0178	0.00197593
1920	2645	1.0178	0.00197593
1920	2646	1.0178	0.00197593
1920	2647	1.0178	0.00197593
1920	2648	1.0178	0.00197593
1920	2649	1.0178	0.00197593
1920	2650	1.0178	0.00197593
1920	2651	1.0178	0.00197593
1920	2652	1.0178	0.00197593
1920	2653	1.0178	0.00197593
1920	2654	1.0178	0.00197593
1920	2655	1.0178	0.00197593
1920	2656	1.0178	0.00197593
1920	2657	1.0178	0.00197593
1920	2658	1.0178	0.00197593
1920	2659	1.0178	0.00197593
1920	2660	1.0178	0.00197593
1920	2661	1.0178	0.00197593
1920	2662	1.0178	0.00197593
1920	2663	1.0178	0.00197593
1920	2664	1.0178	0.00197593
1920	2665	1.0178	0.00197593
1920	2666	1.0178	0.00197593
1920	2667	1.0178	0.00197593
1920	2668	1.0178	0.00197593
1920	2669	1.0178	0.00197593
1920	2670	1.0178	0.00197593
1920	2671	1.0178	0.00197593
1920	2672	1.0178	0.00197593
1920	2673	1.0178	0.00197593
1920	2674	1.0178	0.00197593
1920	2675	1.0178	0.00197593
1920	2676	1.0178	0.00197593
1920	2677	1.0178	0.00197593
1920	2678	1.0178	0.00197593
1920	2679	1.0178	0.00197593
1920	2680	1.0178	0.00197593
1920	2681	1.0178	0.00197593
1920	2682	1.0178	0.00197593
1920	2683	1.0178	0.00197593
1920	2684	1.0178	0.00197593
1920	2685	1.0178	0.00197593
1920	2686	1.0178	0.00197593
1920	2687	1.0178	0.00197593
1920	2688	1.0178	0.00197593
1920	2689	1.0178	0.00197593
1920	2690	1.0178	0.00197593
1920	2691	1.0178	0.00197593
1920	2692	1.0178	0.00197593
1920	2693	1.0178	0.00197593
1920	2694	1.0178	0.00197593
1920	2695	1.0178	0.00197593
1920	2696	1.0178	0.00197593
1920	2697	1.0178	0.00197593
1920	2698	1.0178	0.00197593
1920	2699	1.0178	0.00197593
1920	2700	1.0178	0.00197593
1920	2701	1.0178	0.00197593
1920	2702	1.0178	0.00197593
1920	2703	1.0178	0.00197593
1920	2704	1.0178	0.00197593
1920	2705	1.0178	0.00197593
1920	2706	1.0178	0.00197593
1920	2707	1.0178	0.00197593
1920	2708	1.0178	0.00197593
1920	2709	1.0178	0.00197593
1920	2710	1.0178	0.00197593
1920	2711	1.0178	0.00197593
1920	2712	1.0178	0.00197593
1920	2713	1.0178	0.00197593
1920	2714	1.0178	0.00197593
1920	2715	1.0178	0.00197593
1920	2716	1.0178	0.00197593
1920	2717	1.0178	0.00197593
1920	2718	1.0178	0.00197593
1920	2719	1.0178	0.00197593
1920	2720	1.0178	0.00197593
1920	2721	1.0178	0.00197593
1920	2722	1.0178	0.00197593
1920	2723	1.0178	0.00197593
1920	2724	1.0178	0.00197593
1920	2725	1.0178	0.00197593
1920	2726	1.0178	0.00197593
1920	2727	1.0178	0.00197593
1920	2728	1.0178	0.00197593
1920	2729	1.0178	0.00197593
1920	2730	1.0178	0.00197593
1920	2731	1.0178	0.00197593
1920	2732	1.0178	0.00197593
1920	2733	1.0178	0.00197593
1920	2734	1.0178	0.00197593
1920	2735	1.0178	0.00197593
1920	2736	1.0178	0.00197593
1920	2737	1.0178	0.00197593
1920	2738	1.0178	0.00197593
1920	2739	1.0178	0.00197593
1920	2740	1.0178	0.00197593
1920	2741	1.0178	0.00197593
1920	2742	1.0178	0.00197593
1920	2743	1.0178	0.00197593
1920	2744	1.0178	0.00197593
1920	2745	1.0178	0.00197593
1920	2746	1.0178	0.00197593
1920	2747	1.0178	0.00197593
1920	2748	1.0178	0.00197593
1920	2749	1.0178	0.00197593
1920	2750	1.0178	0.00197593
1920	2751	1.0178	0.00197593
1920	2752	1.0178	0.00197593
1920	2753	1.0178	0.00197593
1920	2754	1.0178	0.00197593
1920	2755	1.0178	0.00197593
1920	2756	1.0178	0.00197593
1920	2757	1.0178	0.00197593
1920	2758	1.0178	0.00197593
1920	2759	1.0178	0.00197593
1920	2760	1.0178	0.00197593
1920	2761	1.0178	0.00197593
1920	2762	1.0178	0.00197593
1920	2763	1.0178	0.00197593
1920	2764	1.0178	0.00197593
1920	2765	1.0178	0.00197593
1920	2766	1.0178	0.00197593
1920	2767	1.0178	0.00197593
1920	2768	1.0178	0.00197593
1920	2769	1.0178	0.00197593
1920	2770	1.0178	0.00197593
1920	2771	1.0178	0.00197593
1920	2772	1.0178	0.00197593
1920	2773	1.0178	0.00197593
1920	2774	1.0178	0.00197593
1920	2775	1.0178	0.00197593
1920	2776	1.0178	0.00197593
1920	2777	1.0178	0.00197593
1920	2778	1.0178	0.00197593
1920	2779	1.0178	0.00197593
1920	2780	1.0178	0.00197593
1920	2781	1.0178	0.00197593
1920	2782	1.0178	0.00197593
1920	2783	1.0178	0.00197593
1920	2784	1.0178	0.00197593
1920	2785	1.0178	0.00197593
1920	2786	1.0178	0.00197593
1920	2787	1.0178	0.00197593
1920	2788	1.0178	0.00197593
1920	2789	1.0178	0.00197593
1920	2790	1.0178	0.00197593
1920	2791	1.0178	0.00197593
1920	2792	1.0178	0.00197593
1920	2793	1.0178	0.00197593
1920	2794	1.0178	0.00197593
1920	2795	1.0178	0.00197593
1920	2796	1.0178	0.00197593
1920	2797	1.0178	0.00197593
1920	2798	1.0178	0.00197593
1920	2799	1.0178	0.00197593
1920	2800	1.0178	0.00197593
1920	2801	1.0178	0.00197593
1920	2802	1.0178	0.00197593
1920	2803	1.0178	0.00197593
1920	2804	1.0178	0.00197593
1920	2805	1.0178	0.00197593
1920	2806	1.0178	0.00197593
1920	2807	1.0178	0.00197593
1920	2808	1.0178	0.00197593
1920	2809	1.0178	0.00197593
1920	2810	1.0178	0.00197593
1920	2811	1.0178	0.00197593
1920	2812	1.0178	0.00197593
1920	2813	1.0178	0.00197593
1920	2814	1.0178	0.00197593
1920	2815	1.0178	0.00197593
1920	2816	1.0178	0.00197593
1920	2817	1.0178	0.00197593
1920	2818	1.0178	0.00197593
1920	2819	1.0178	0.00197593
1920	2820	1.0178	0.00197593
1920	2821	1.0178	0.00197593
1920	2822	1.0178	0.00197593
1920	2823	1.0178	0.00197593
1920	2824	1.0178	0.00197593
1920	2825	1.0178	0.00197593
1920	2826	1.0178	0.00197593
1920	2827	1.0178	0.00197593
1920	2828	1.0178	0.00197593
1920	2829	1.0178	0.00197593
1920	2830	1.0178	0.00197593
1920	2831	1.0178	0.00197593
1920	2832	1.0178	0.00197593
1920	2833	1.0178	0.00197593
1920	2834	1.0178	0.00197593
1920	2835	1.0178	0.00197593
1920	2836	1.0178	0.00197593
1920	2837	1.0178	0.00197593
1920	2838	1.0178	0.00197593
1920	2839	1.0178	0.00197593
1920	2840	1.0178	0.00197593
1920	2841	1.0178	0.00197593
1920	2842	1.0178	0.00197593
1920	2843	1.0178	0.00197593
1920	2844	1.0178	0.00197593
1920	2845	1.0178	0.00197593
1920	2846	1.0178	0.00197593
1920	2847	1.0178	0.00197593
1920	2848	1.0178	0.00197593
1920	2849	1.0178	0.00197593
1920	2850	1.0178	0.00197593
1920	2851	1.0178	0.00197593
1920	2852	1.0178	0.00197593
1920	2853	1.0178	0.00197593
1920	2854	1.0178	0.00197593
1920	2855	1.0178	0.00197593
1920	2856	1.0178	0.00197593
1920	2857	1.0178	0.00197593
1920	2858	1.0178	0.00197593
1920	2859	1.0178	0.00197593
1920	2860	1.0178	0.00197593
1920	2861	1.0178	0.00197593
1920	2862	1.0178	0.00197593
1920	2863	1.0178	0.00197593
1920	2864	1.0178	0.00197593
1920	2865	1.0178	0.00197593
1920	2866	1.0178	0.00197593
1920	2867	1.0178	0.00197593
1920	2868	1.0178	0.00197593
1920	2869	1.0178	0.00197593
1920	2870	1.0178	0.00197593
1920	2871	1.0178	0.00197593
1920	2872	1.0178	0.00197593
1920	2873	1.0178	0.00197593
1920	2874	1.0178	0.00197593
1920	2875	1.0178	0.00197593
1920	2876	1.0178	0.00197593
1920	2877	1.0178	0.00197593
1920	2878	1.0178	0.00197593
1920	2879	1.0178	0.00197593
1920	2880	1.0178	0.00197593
1920	2881	1.0178	0.00197593
1920	2882	1.0178	0.00197593
1920	2883	1.0178	0.00197593
1920	2884	1.0178	0.00197593
1920	2885	1.0178	0.00197593
1920	2886	1.0178	0.00197593
1920	2887	1.0178	0.00197593
1920	2888	1.0178	0.00197593
1920	2889	1.0178	0.00197593
1920	2890	1.0178	0.00197593
1920	2891	1.0178	0.00197593
1920	2892	1.0178	0.00197593
1920	2893	1.0178	0.00197593
1920	2894	1.0178	0.00197593
1920	2895	1.0178	0.00197593
1920	2896	1.0178	0.00197593
1920	2897	1.0178	0.00197593
1920	2898	1.0178	0.00197593
1920	2899	1.0178	0.00197593
1920	2900	1.0178	0.00197593
1920	2901	1.0178	0.00197593
1920	2902	1.0178	0.00197593
1920	2903	1.0178	0.00197593
1920	2904	1.0178	0.00197593
1920	2905	1.0178	0.00197593
1920	2906	1.0178	0.00197593
1920	2907	1.0178	0.00197593
1920	2908	1.0178	0.00197593
1920	2909	1.0178	0.00197593
1920	2910	1.0178	0.00197593
1920	2911	1.0178	0.00197593
1920	2912	1.0178	0.00197593
1920	2913	1.0178	0.00197593
1920	2914	1.0178	0.00197593
1920	2915	1.0178	0.00197593
1920	2916	1.0178	0.00197593
1920	2917	1.0178	0.00197593
1920	2918	1.0178	0.00197593
1920	2919	1.0178	0.00197593
1920	2920	1.0178	0.00197593
1920	2921	1.0178	0.00197593
1920	2922	1.0178	0.00197593
1920	2923	1.0178	0.00197593
1920	2924	1.0178	0.00197593
1920	2925	1.0178	0.00197593
1920	2926	1.0178	0.00197593
1920	2927	1.0178	0.00197593
1920	2928	1.0178	0.00197593
1920	2929	1.0178	0.00197593
1920	2930	1.0178	0.00197593
1920	2931	1.0178	0.00197593
1920	2932	1.0178	0.00197593
1920	2933	1.0178	0.00197593
1920	2934	1.0178	0.00197593
1920	2935	1.0178	0.00197593
1920	2936	1.0178	0.00197593
1920	2937	1.0178	0.00197593
1920	2938	1.0178	0.00197593
1920	2939	1.0178	0.00197593
1920	2940	1.0178	0.00197593
1920	2941	1.0178	0.00197593
1920	2942	1.0178	0.00197593
1920	2943	1.0178	0.00197593
1920	2944	1.0178	0.00197593
1920	2945	1.0178	0.00197593
1920	2946	1.0178	0.00197593
1920	2947	1.0178	0.00197593
1920	2948	1.0178	0.00197593
1920	2949	1.0178	0.00197593
1920	2950	1.0178	0.00197593
1920	2951	1.0178	0.00197593
1920	2952	1.0178	0.00197593
1920	2953	1.0178	0.00197593
1920	2954	1.0178	0.00197593
1920	2955	1.0178	0.00197593
1920	2956	1.0178	0.00197593
1920	2957	1.0178	0.00197593
1920	2958	1.0178	0.00197593
1920	2959	1.0178	0.00197593
1920	2960	1.0178	0.00197593
1920	2961	1.0178	0.00197593
1920	2962	1.0178	0.00197593
1920	2963	1.0178	0.00197593
1920	2964	1.0178	0.00197593
1920	2965	1.0178	0.00197593
1920	2966	1.0178	0.00197593
1920	2967	1.0178	0.00197593
1920	2968	1.0178	0.00197593
1920	2969	1.0178	0.00197593
1920	2970	1.0178	0.00197593
1920	2971	1.0178	0.00197593
1920	2972	1.0178	0.00197593
1920	2973	1.0178	0.00197593
1920	2974	1.0178	0.00197593
1920	2975	1.0178	0.00197593
1920	2976	1.0178	0.00197593
1920	2977	1.0178	0.00197593
1920	2978	1.0178	0.00197593
1920	2979	1.0178	0.00197593
1920	2980	1.0178	0.00197593
1920	2981	1.0178	0.00197593
1920	2982	1.0178	0.00197593
1920	2983	1.0178	0.00197593
1920	2984	1.0178	0.00197593
1920	2985	1.0178	0.00197593
1920	2986	1.0178	0.00197593
1920	2987	1.0178	0.00197593
1920	2988	1.0178	0.00197593
1920	2989	1.0178	0.00197593
1920	2990	1.0178	0.00197593
1920	2991	1.0178	0.00197593
1920	2992	1.0178	0.00197593
1920	2993	1.0178	0.00197593
1920	2994	1.0178	0.00197593
1920	2995	1.0178	0.00197593
1920	2996	1.0178	0.00197593
1920	2997	1.0178	0.00197593
1920	2998	1.0178	0.00197593
1920	2999	1.0178	0.00197593
1920	3000	1.0178	0.00197593
1920	3001	1.0178	0.00197593
1920	3002	1.0178	0.00197593
1920	3003	1.0178	0.00197593
1920	3004	1.0178	0.00197593
1920	3005	1.0178	0.00197593
1920	3006	1.0178	0.00197593
1920	3007	1.0178	0.00197593
1920	3008	1.0178	0.00197593
1920	3009	1.0178	0.00197593
1920	3010	1.0178	0.00197593
1920	3011	1.0178	0.00197593
1920	3012	1.0178	0.00197593
1920	3013	1.0178	0.00197593
1920	3014	1.0178	0.00197593
1920	3015	1.0178	0.00197593
1920	3016	1.0178	0.00197593
1920	3017	1.0178	0.00197593
1920	3018	1.0178	0.00197593
1920	3019	1.0178	0.00197593
1920	3020	1.0178	0.00197593
1920	3021	1.0178	0.00197593
1920	3022	1.0178	0.00197593
1920	3023	1.0178	0.00197593
1920	3024	1.0178	0.00197593
1920	3025	1.0178	0.00197593
1920	3026	1.0178	0.00197593
1920	3027	1.0178	0.00197593
1920	3028	1.0178	0.00197593
1920	3029	1.0178	0.00197593
1920	3030	1.0178	0.00197593
1920	3031	1.0178	0.00197593
1920	3032	1.0178	0.00197593
1920	3033	1.0178	0.00197593
1920	3034	1.0178	0.00197593
1920	3035	1.0178	0.00197593
1920	3036	1.0178	0.00197593
1920	3037	1.0178	0.00197593
1920	3038	1.0178	0.00197593
1920	3039	1.0178	0.00197593
1920	3040	1.0178	0.00197593
1920	3041	1.0178	0.00197593
1920	3042	1.0178	0.00197593
1920	3043	1.0178	0.00197593
1920	3044	1.0178	0.00197593
1920	3045	1.0178	0.00197593
1920	3046	1.0178	0.00197593
1920	3047	1.0178	0.00197593
1920	3048	1.0178	0.00197593
1920	3049	1.0178	0.00197593
1920	3050	1.0178	0.00197593
1920	3051	1.0178	0.00197593
1920	3052	1.0178	0.00197593
1920	3053	1.0178	0.00197593
1920	3054	1.0178	0.00197593
1920	3055	1.0178	0.00197593
1920	3056	1.0178	0.00197593
1920	3057	1.0178	0.00197593
1920	3058	1.0178	0.00197593
1920	3059	1.0178	0.00197593
1920	3060	1.0178	0.00197593
1920	3061	1.0178	0.00197593
1920	3062	1.0178	0.00197593
1920	3063	1.0178	0.00197593
1920	3064	1.0178	0.00197593
1920	3065	1.0178	0.00197593
1920	3066	1.0178	0.00197593
1920	3067	1.0178	0.00197593
1920	3068	1.0178	0.00197593
1920	3069	1.0178	0.00197593
1920	3070	1.0178	0.00197593
1920	3071	1.0178	0.00197593
1920	3072	1.0178	0.00197593
1920	3073	1.0178	0.00197593
1920	3074	1.0178	0.00197593
1920	3075	1.0178	0.00197593
1920	3076	1.0178	0.00197593
1920	3077	1.0178	0.00197593
1920	3078	1.0178	0.00197593
1920	3079	1.0178	0.00197593
1920	3080	1.0178	0.00197593
1920	3081	1.0178	0.00197593
1920	3082	1.0178	0.00197593
1920	3083	1.0178	0.00197593
1920	3084	1.0178	0.00197593
1920	3085	1.0178	0.00197593
1920	3086	1.0178	0.00197593
1920	3087	1.0178	0.00197593
1920	3088	1.0178	0.00197593
1920	3089	1.0178	0.00197593
1920	3090	1.0178	0.00197593
1920	3091	1.0178	0.00197593
1920	3092	1.0178	0.00197593
1920	3093	1.0178	0.00197593
1920	3094	1.0178	0.00197593
1920	3095	1.0178	0.00197593
1920	3096	1.0178	0.00197593
1920	3097	1.0178	0.00197593
1920	3098	1.0178	0.00197593
1920	3099	1.0178	0.00197593
1920	3100	1.0178	0.00197593
1920	3101	1.0178	0.00197593
1920	3102	1.0178	0.00197593
1920	3103	1.0178	0.00197593
1920	3104	1.0178	0.00197593
1920	3105	1.0178	0.00197593
1920	3106	1.0178	0.00197593
1920	3107	1.0178	0.00197593
1920	3108	1.0178	0.00197593
1920	3109	1.0178	0.00197593
1920	3110	1.0178	0.00197593
1920	3111	1.0178	0.00197593
1920	3112	1.0178	0.00197593
1920	3113	1.0178	0.00197593
1920	3114	1.0178	0.00197593
1920	3115	1.0178	0.00197593
1920	3116	1.0178	0.00197593
1920	3117	1.0178	0.00197593
1920	3118	1.0178	0.00197593
1920	3119	1.0178	0.00197593
1920	3120	1.0178	0.00197593
1920	3121	1.0178	0.00197593
1920	3122	1.0178	0.00197593
1920	3123	1.0178	0.00197593
1920	3124	1.0178	0.00197593
1920	3125	1.0178	0.00197593
1920	3126	1.0178	0.00197593
1920	3127	1.0178	0.00197593
1920	3128	1.0178	0.00197593
1920	3129	1.0178	0.00197593
1920	3130	1.0178	0.00197593
1920	3131	1.0178	0.00197593
1920	3132	1.0178	0.00197593
1920	3133	1.0178	0.00197593
1920	3134	1.0178	0.00197593
1920	3135	1.0178	0.00197593
1920	3136	1.0178	0.00197593
1920	3137	1.0178	0.00197593
1920	3138	1.0178	0.00197593
1920	3139	1.0178	0.00197593
1920	3140	1.0178	0.00197593
1920	3141	1.0178	0.00197593
1920	3142	1.0178	0.00197593
1920	3143	1.0178	0.00197593
1920	3144	1.0178	0.00197593
1920	3145	1.0178	0.00197593
1920	3146	1.0178	0.00197593
1920	3147	1.0178	0.00197593
1920	3148	1.0178	0.00197593
1920	3149	1.0178	0.00197593
1920	3150	1.0178	0.00197593
1920	3151	1.0178	0.00197593
1920	3152	1.0178	0.00197593
1920	3153	1.0178	0.00197593
1920	3154	1.0178	0.00197593
1920	3155	1.0178	0.00197593
1920	3156	1.0178	0.00197593
1920	3157	1.0178	0.00197593
1920	3158	1.0178	0.00197593
1920	3159	1.0178	0.00197593
1920	3160	1.0178	0.00197593
1920	3161	1.0178	0.00197593
1920	3162	1.0178	0.00197593
1920	3163	1.0178	0.00197593
1920	3164	1.0178	0.00197593
1920	3165	1.0178	0.00197593
1920	3166	1.0178	0.00197593
1920	3167	1.0178	0.00197593
1920	3168	1.0178	0.00197593
1920	3169	1.0178	0.00197593
1920	3170	1.0178	0.00197593
1920	3171	1.0178	0.00197593
1920	3172	1.0178	0.00197593
1920	3173	1.0178	0.00197593
1920	3174	1.0178	0.00197593
1920	3175	1.0178	0.00197593
1920	3176	1.0178	0.00197593
1920	3177	1.0178	0.00197593
1920	3178	1.0178	0.00197593
1920	3179	1.0178	0.00197593
1920	3180	1.0178	0.00197593
1920	3181	1.0178	0.00197593
1920	3182	1.0178	0.00197593
1920	3183	1.0178	0.00197593
1920	3184	1.0178	0.00197593
1920	3185	1.0178	0.00197593
1920	3186	1.0178	0.00197593
1920	3187	1.0178	0.00197593
1920	3188	1.0178	0.00197593
1920	3189	1.0178	0.00197593
1920	3190	1.0178	0.00197593
1920	3191	1.0178	0.00197593
1920	3192	1.0178	0.00197593
1920	3193	1.0178	0.00197593
1920	3194	1.0178	0.00197593
1920	3195	1.0178	0.00197593
1920	3196	1.0178	0.00197593
1920	3197	1.0178	0.00197593
1920	3198	1.0178	0.00197593
1920	3199	1.0178	0.00197593
1920	3200	1.0178	0.00197593
1920	3201	1.0178	0.00197593
1920	3202	1.0178	0.00197593
1920	3203	1.0178	0.00197593
1920	3204	1.0178	0.00197593
1920	3205	1.0178	0.00197593
1920	3206	1.0178	0.00197593
1920	3207	1.0178	0.00197593
1920	3208	1.0178	0.00197593
1920	3209	1.0178	0.00197593
1920	3210	1.0178	0.00197593
1920	3211	1.0178	0.00197593
1920	3212	1.0178	0.00197593
1920	3213	1.0178	0.00197593
1920	3214	1.0178	0.00197593
1920	3215	1.0178	0.00197593
1920	3216	1.0178	0.00197593
1920	3217	1.0178	0.00197593
1920	3218	1.0178	0.00197593
1920	3219	1.0178	0.00197593
1920	3220	1.0178	0.00197593
1920	3221	1.0178	0.00197593
1920	3222	1.0178	0.00197593
1920	3223	1.0178	0.00197593
1920	3224	1.0178	0.00197593
1920	3225	1.0178	0.00197593
1920	3226	1.0178	0.00197593
1920	3227	1.0178	0.00197593
1920	3228	1.0178	0.00197593
1920	3229	1.0178	0.00197593
1920	3230	1.0178	0.00197593
1920	3231	1.0178	0.00197593
1920	3232	1.0178	0.00197593
1920	3233	1.0178	0.00197593
1920	3234	1.0178	0.00197593
1920	3235	1.0178	0.00197593
1920	3236	1.0178	0.00197593
1920	3237	1.0178	0.00197593
1920	3238	1.0178	0.00197593
1920	3239	1.0178	0.00197593
1920	3240	1.0178	0.00197593
1920	3241	1.0178	0.00197593
1920	3242	1.0178	0.00197593
1920	3243	1.0178	0.00197593
1920	3244	1.0178	0.00197593
1920	3245	1.0178	0.00197593
1920	3246	1.0178	0.00197593
1920	3247	1.0178	0.00197593
1920	3248	1.0178	0.00197593
1920	3249	1.0178	0.00197593
1920	3250	1.0178	0.00197593
1920	3251	1.0178	0.00197593
1920	3252	1.0178	0.00197593
1920	3253	1.0178	0.00197593
1920	3254	1.0178	0.00197593
1920	3255	1.0178	0.00197593
1920	3256	1.0178	0.00197593
1920	3257	1.0178	0.00197593
1920	3258	1.0178	0.00197593
1920	3259	1.0178	0.00197593
1920	3260	1.0178	0.00197593
1920	3261	1.0178	0.00197593
1920	3262	1.0178	0.00197593
1920	3263	1.0178	0.00197593
1920	3264	1.0178	0.00197593
1920	3265	1.0178	0.00197593
1920	3266	1.0178	0.00197593
1920	3267	1.0178	0.00197593
1920	3268	1.0178	0.00197593
1920	3269	1.0178	0.00197593
1920	3270	1.0178	0.00197593
1920	3271	1.0178	0.00197593
1920	3272	1.0178	0.00197593
1920	3273	1.0178	0.00197593
1920	3274	1.0178	0.00197593
1920	3275	1.0178	0.00197593
1920	3276	1.0178	0.00197593
1920	3277	1.0178	0.00197593
1920	3278	1.0178	0.00197593
1920	3279	1.0178	0.00197593
1920	3280	1.0178	0.00197593
1920	3281	1.0178	0.00197593
1920	3282	1.0178	0.00197593
1920	3283	1.0178	0.00197593
1920	3284	1.0178	0.00197593
1920	3285	1.0178	0.00197593
1920	3286	1.0178	0.00197593
1920	3287	1.0178	0.00197593
1920	3288	1.0178	0.00197593
1920	3289	1.0178	0.00197593
1920	3290	1.0178	0.00197593
1920	3291	1.0178	0.00197593
1920	3292	1.0178	0.00197593
1920	3293	1.0178	0.00197593
1920	3294	1.0178	0.00197593
1920	3295	1.0178	0.00197593
1920	3296	1.0178	0.00197593
1920	3297	1.0178	0.00197593
1920	3298	1.0178	0.00197593
1920	3299	1.0178	0.00197593
1920	3300	1.0178	0.00197593
1920	3301	1.0178	0.00197593
1920	3302	1.0178	0.00197593
1920	3303	1.0178	0.00197593
1920	3304	1.0178	0.00197593
1920	3305	1.0178	0.00197593
1920	3306	1.0178	0.00197593
1920	3307	1.0178	0.00197593
1920	3308	1.0178	0.00197593
1920	3309	1.0178	0.00197593
1920	3310	1.0178	0.00197593
1920	3311	1.0178	0.00197593
1920	3312	1.0178	0.00197593
1920	3313	1.0178	0.00197593
1920	3314	1.0178	0.00197593
1920	3315	1.0178	0.00197593
1920	3316	1.0178	0.00197593
1920	3317	1.0178	0.00197593
1920	3318	1.0178	0.00197593
1920	3319	1.0178	0.00197593
1920	3320	1.0178	0.00197593
1920	3321	1.0178	0.00197593
1920	3322	1.0178	0.00197593
1920	3323	1.0178	0.00197593
1920	3324	1.0178	0.00197593
1920	3325	1.0178	0.00197593
1920	3326	1.0178	0.00197593
1920	3327	1.0178	0.00197593
1920	3328	1.0178	0.00197593
1920	3329	1.0178	0.00197593
1920	3330	1.0178	0.00197593
1920	3331	1.0178	0.00197593
1920	3332	1.0178	0.00197593
1920	3333	1.0178	0.00197593
1920	3334	1.0178	0.00197593
1920	3335	1.0178	0.00197593
1920	3336	1.0178	0.00197593
1920	3337	1.0178	0.00197593
1920	3338	1.0178	0.00197593
1920	3339	1.0178	0.00197593
1920	3340	1.0178	0.00197593
1920	3341	1.0178	0.00197593
1920	3342	1.0178	0.00197593
1920	3343	1.0178	0.00197593
1920	3344	1.0178	0.00197593
1920	3345	1.0178	0.00197593
1920	3346	1.0178	0.00197593
1920	3347	1.0178	0.00197593
1920	3348	1.0178	0.00197593
1920	3349	1.0178	0.00197593
1920	3350	1.0178	0.00197593
1920	3351	1.0178	0.00197593
1920	3352	1.0178	0.00197593
1920	3353	1.0178	0.00197593
1920	3354	1.0178	0.00197593
1920	3355	1.0178	0.00197593
1920	3356	1.0178	0.00197593
1920	3357	1.0178	0.00197593
1920	3358	1.0178	0.00197593
1920	3359	1.0178	0.00197593
1920	3360	1.0178	0.00197593
1920	3361	1.0178	0.00197593
1920	3362	1.0178	0.00197593
1920	3363	1.0178	0.00197593
1920	3364	1.0178	0.00197593
1920	3365	1.0178	0.00197593
1920	3366	1.0178	0.00197593
1920	3367	1.0178	0.00197593
1920	3368	1.0178	0.00197593
1920	3369	1.0178	0.00197593
1920	3370	1.0178	0.00197593
1920	3371	1.0178	0.00197593
1920	3372	1.0178	0.00197593
1920	3373	1.0178	0.00197593
1920	3374	1.0178	0.00197593
1920	3375	1.0178	0.00197593
1920	3376	1.0178	0.00197593
1920	3377	1.0178	0.00197593
1920	3378	1.0178	0.00197593
1920	3379	1.0178	0.00197593
1920	3380	1.0178	0.00197593
1920	3381	1.0178	0.00197593
1920	3382	1.0178	0.00197593
1920	3383	1.0178	0.00197593
1920	3384	1.0178	0.00197593
1920	3385	1.0178	0.00197593
1920	3386	1.0178	0.00197593
1920	3387	1.0178	0.00197593
1920	3388	1.0178	0.00197593
1920	3389	1.0178	0.00197593
1920	3390	1.0178	0.00197593
1920	3391	1.0178	0.00197593
1920	3392	1.0178	0.00197593
1920	3393	1.0178	0.00197593
1920	3394	1.0178	0.00197593
1920	3395	1.0178	0.00197593
1920	3396	1.0178	0.00197593
1920	3397	1.0178	0.00197593
1920	3398	1.0178	0.00197593
1920	3399	1.0178	0.00197593
1920	3400	1.0178	0.00197593
1920	3401	1.0178	0.00197593
1920	3402	1.0178	0.00197593
1920	3403	1.0178	0.00197593
1920	3404	1.0178	0.00197593
1920	3405	1.0178	0.00197593
1920	3406	1.0178	0.00197593
1920	3407	1.0178	0.00197593
1920	3408	1.0178	0.00197593
1920	3409	1.0178	0.00197593
1920	3410	1.0178	0.00197593
1920	3411	1.0178	0.00197593
1920	3412	1.0178	0.00197593
1920	3413	1.0178	0.00197593
1920	3414	1.0178	0.00197593
1920	3415	1.0178	0.00197593
1920	3416	1.0178	0.00197593
1920	3417	1.0178	0.00197593
1920	3418	1.0178	0.00197593
1920	3419	1.0178	0.00197593
1920	3420	1.0178	0.00197593
1920	3421	1.0178	0.00197593
1920	3422	1.0178	0.00197593
1920	3423	1.0178	0.00197593
1920	3424	1.0178	0.00197593
1920	3425	1.0178	0.00197593
1920	3426	1.0178	0.00197593
1920	3427	1.0178	0.00197593
1920	3428	1.0178	0.00197593
1920	3429	1.0178	0.00197593
1920	3430	1.0178	0.00197593
1920	3431	1.0178	0.00197593
1920	3432	1.0178	0.00197593
1920	3433	1.0178	0.00197593
