1722	0	1.01383	0.00193664
1722	1	1.01383	0.00193664
1722	2	1.01383	0.00193664
1722	3	1.01383	0.00193664
1722	4	1.01383	0.00193664
1722	5	1.01383	0.00193664
1722	6	1.01383	0.00193664
1722	7	1.01383	0.00193664
1722	8	1.01383	0.00193664
1722	9	1.01383	0.00193664
1722	10	1.01383	0.00193664
1722	11	1.01383	0.00193664
1722	12	1.01383	0.00193664
1722	13	1.01383	0.00193664
1722	14	1.01383	0.00193664
1722	15	1.01383	0.00193664
1722	16	1.01383	0.00193664
1722	17	1.01383	0.00193664
1722	18	1.01383	0.00193664
1722	19	1.01383	0.00193664
1722	20	1.01383	0.00193664
1722	21	1.01383	0.00193664
1722	22	1.01383	0.00193664
1722	23	1.01383	0.00193664
1722	24	1.01383	0.00193664
1722	25	1.01383	0.00193664
1722	26	1.01383	0.00193664
1722	27	1.01383	0.00193664
1722	28	1.01383	0.00193664
1722	29	1.01383	0.00193664
1722	30	1.01383	0.00193664
1722	31	1.01383	0.00193664
1722	32	1.01383	0.00193664
1722	33	1.01383	0.00193664
1722	34	1.01383	0.00193664
1722	35	1.01383	0.00193664
1722	36	1.01383	0.00193664
1722	37	1.01383	0.00193664
1722	38	1.01383	0.00193664
1722	39	1.01383	0.00193664
1722	40	1.01383	0.00193664
1722	41	1.01383	0.00193664
1722	42	1.01383	0.00193664
1722	43	1.01383	0.00193664
1722	44	1.01383	0.00193664
1722	45	1.01383	0.00193664
1722	46	1.01383	0.00193664
1722	47	1.01383	0.00193664
1722	48	1.01383	0.00193664
1722	49	1.01383	0.00193664
1722	50	1.01383	0.00193664
1722	51	1.01383	0.00193664
1722	52	1.01383	0.00193664
1722	53	1.01383	0.00193664
1722	54	1.01383	0.00193664
1722	55	1.01383	0.00193664
1722	56	1.01383	0.00193664
1722	57	1.01383	0.00193664
1722	58	1.01383	0.00193664
1722	59	1.01383	0.00193664
1722	60	1.01383	0.00193664
1722	61	1.01383	0.00193664
1722	62	1.01383	0.00193664
1722	63	1.01383	0.00193664
1722	64	1.01383	0.00193664
1722	65	1.01383	0.00193664
1722	66	1.01383	0.00193664
1722	67	1.01383	0.00193664
1722	68	1.01383	0.00193664
1722	69	1.01383	0.00193664
1722	70	1.01383	0.00193664
1722	71	1.01383	0.00193664
1722	72	1.01383	0.00193664
1722	73	1.01383	0.00193664
1722	74	1.01383	0.00193664
1722	75	1.01383	0.00193664
1722	76	1.01383	0.00193664
1722	77	1.01383	0.00193664
1722	78	1.01383	0.00193664
1722	79	1.01383	0.00193664
1722	80	1.01383	0.00193664
1722	81	1.01383	0.00193664
1722	82	1.01383	0.00193664
1722	83	1.01383	0.00193664
1722	84	1.01383	0.00193664
1722	85	1.01383	0.00193664
1722	86	1.01383	0.00193664
1722	87	1.01383	0.00193664
1722	88	1.01383	0.00193664
1722	89	1.01383	0.00193664
1722	90	1.01383	0.00193664
1722	91	1.01383	0.00193664
1722	92	1.01383	0.00193664
1722	93	1.01383	0.00193664
1722	94	1.01383	0.00193664
1722	95	1.01383	0.00193664
1722	96	1.01383	0.00193664
1722	97	1.01383	0.00193664
1722	98	1.01383	0.00193664
1722	99	1.01383	0.00193664
1722	100	1.01383	0.00193664
1722	101	1.01383	0.00193664
1722	102	1.01383	0.00193664
1722	103	1.01383	0.00193664
1722	104	1.01383	0.00193664
1722	105	1.01383	0.00193664
1722	106	1.01383	0.00193664
1722	107	1.01383	0.00193664
1722	108	1.01383	0.00193664
1722	109	1.01383	0.00193664
1722	110	1.01383	0.00193664
1722	111	1.01383	0.00193664
1722	112	1.01383	0.00193664
1722	113	1.01383	0.00193664
1722	114	1.01383	0.00193664
1722	115	1.01383	0.00193664
1722	116	1.01383	0.00193664
1722	117	1.01383	0.00193664
1722	118	1.01383	0.00193664
1722	119	1.01383	0.00193664
1722	120	1.01383	0.00193664
1722	121	1.01383	0.00193664
1722	122	1.01383	0.00193664
1722	123	1.01383	0.00193664
1722	124	1.01383	0.00193664
1722	125	1.01383	0.00193664
1722	126	1.01383	0.00193664
1722	127	1.01383	0.00193664
1722	128	1.01383	0.00193664
1722	129	1.01383	0.00193664
1722	130	1.01383	0.00193664
1722	131	1.01383	0.00193664
1722	132	1.01383	0.00193664
1722	133	1.01383	0.00193664
1722	134	1.01383	0.00193664
1722	135	1.01383	0.00193664
1722	136	1.01383	0.00193664
1722	137	1.01383	0.00193664
1722	138	1.01383	0.00193664
1722	139	1.01383	0.00193664
1722	140	1.01383	0.00193664
1722	141	1.01383	0.00193664
1722	142	1.01383	0.00193664
1722	143	1.01383	0.00193664
1722	144	1.01383	0.00193664
1722	145	1.01383	0.00193664
1722	146	1.01383	0.00193664
1722	147	1.01383	0.00193664
1722	148	1.01383	0.00193664
1722	149	1.01383	0.00193664
1722	150	1.01383	0.00193664
1722	151	1.01383	0.00193664
1722	152	1.01383	0.00193664
1722	153	1.01383	0.00193664
1722	154	1.01383	0.00193664
1722	155	1.01383	0.00193664
1722	156	1.01383	0.00193664
1722	157	1.01383	0.00193664
1722	158	1.01383	0.00193664
1722	159	1.01383	0.00193664
1722	160	1.01383	0.00193664
1722	161	1.01383	0.00193664
1722	162	1.01383	0.00193664
1722	163	1.01383	0.00193664
1722	164	1.01383	0.00193664
1722	165	1.01383	0.00193664
1722	166	1.01383	0.00193664
1722	167	1.01383	0.00193664
1722	168	1.01383	0.00193664
1722	169	1.01383	0.00193664
1722	170	1.01383	0.00193664
1722	171	1.01383	0.00193664
1722	172	1.01383	0.00193664
1722	173	1.01383	0.00193664
1722	174	1.01383	0.00193664
1722	175	1.01383	0.00193664
1722	176	1.01383	0.00193664
1722	177	1.01383	0.00193664
1722	178	1.01383	0.00193664
1722	179	1.01383	0.00193664
1722	180	1.01383	0.00193664
1722	181	1.01383	0.00193664
1722	182	1.01383	0.00193664
1722	183	1.01383	0.00193664
1722	184	1.01383	0.00193664
1722	185	1.01383	0.00193664
1722	186	1.01383	0.00193664
1722	187	1.01383	0.00193664
1722	188	1.01383	0.00193664
1722	189	1.01383	0.00193664
1722	190	1.01383	0.00193664
1722	191	1.01383	0.00193664
1722	192	1.01383	0.00193664
1722	193	1.01383	0.00193664
1722	194	1.01383	0.00193664
1722	195	1.01383	0.00193664
1722	196	1.01383	0.00193664
1722	197	1.01383	0.00193664
1722	198	1.01383	0.00193664
1722	199	1.01383	0.00193664
1722	200	1.01383	0.00193664
1722	201	1.01383	0.00193664
1722	202	1.01383	0.00193664
1722	203	1.01383	0.00193664
1722	204	1.01383	0.00193664
1722	205	1.01383	0.00193664
1722	206	1.01383	0.00193664
1722	207	1.01383	0.00193664
1722	208	1.01383	0.00193664
1722	209	1.01383	0.00193664
1722	210	1.01383	0.00193664
1722	211	1.01383	0.00193664
1722	212	1.01383	0.00193664
1722	213	1.01383	0.00193664
1722	214	1.01383	0.00193664
1722	215	1.01383	0.00193664
1722	216	1.01383	0.00193664
1722	217	1.01383	0.00193664
1722	218	1.01383	0.00193664
1722	219	1.01383	0.00193664
1722	220	1.01383	0.00193664
1722	221	1.01383	0.00193664
1722	222	1.01383	0.00193664
1722	223	1.01383	0.00193664
1722	224	1.01383	0.00193664
1722	225	1.01383	0.00193664
1722	226	1.01383	0.00193664
1722	227	1.01383	0.00193664
1722	228	1.01383	0.00193664
1722	229	1.01383	0.00193664
1722	230	1.01383	0.00193664
1722	231	1.01383	0.00193664
1722	232	1.01383	0.00193664
1722	233	1.01383	0.00193664
1722	234	1.01383	0.00193664
1722	235	1.01383	0.00193664
1722	236	1.01383	0.00193664
1722	237	1.01383	0.00193664
1722	238	1.01383	0.00193664
1722	239	1.01383	0.00193664
1722	240	1.01383	0.00193664
1722	241	1.01383	0.00193664
1722	242	1.01383	0.00193664
1722	243	1.01383	0.00193664
1722	244	1.01383	0.00193664
1722	245	1.01383	0.00193664
1722	246	1.01383	0.00193664
1722	247	1.01383	0.00193664
1722	248	1.01383	0.00193664
1722	249	1.01383	0.00193664
1722	250	1.01383	0.00193664
1722	251	1.01383	0.00193664
1722	252	1.01383	0.00193664
1722	253	1.01383	0.00193664
1722	254	1.01383	0.00193664
1722	255	1.01383	0.00193664
1722	256	1.01383	0.00193664
1722	257	1.01383	0.00193664
1722	258	1.01383	0.00193664
1722	259	1.01383	0.00193664
1722	260	1.01383	0.00193664
1722	261	1.01383	0.00193664
1722	262	1.01383	0.00193664
1722	263	1.01383	0.00193664
1722	264	1.01383	0.00193664
1722	265	1.01383	0.00193664
1722	266	1.01383	0.00193664
1722	267	1.01383	0.00193664
1722	268	1.01383	0.00193664
1722	269	1.01383	0.00193664
1722	270	1.01383	0.00193664
1722	271	1.01383	0.00193664
1722	272	1.01383	0.00193664
1722	273	1.01383	0.00193664
1722	274	1.01383	0.00193664
1722	275	1.01383	0.00193664
1722	276	1.01383	0.00193664
1722	277	1.01383	0.00193664
1722	278	1.01383	0.00193664
1722	279	1.01383	0.00193664
1722	280	1.01383	0.00193664
1722	281	1.01383	0.00193664
1722	282	1.01383	0.00193664
1722	283	1.01383	0.00193664
1722	284	1.01383	0.00193664
1722	285	1.01383	0.00193664
1722	286	1.01383	0.00193664
1722	287	1.01383	0.00193664
1722	288	1.01383	0.00193664
1722	289	1.01383	0.00193664
1722	290	1.01383	0.00193664
1722	291	1.01383	0.00193664
1722	292	1.01383	0.00193664
1722	293	1.01383	0.00193664
1722	294	1.01383	0.00193664
1722	295	1.01383	0.00193664
1722	296	1.01383	0.00193664
1722	297	1.01383	0.00193664
1722	298	1.01383	0.00193664
1722	299	1.01383	0.00193664
1722	300	1.01383	0.00193664
1722	301	1.01383	0.00193664
1722	302	1.01383	0.00193664
1722	303	1.01383	0.00193664
1722	304	1.01383	0.00193664
1722	305	1.01383	0.00193664
1722	306	1.01383	0.00193664
1722	307	1.01383	0.00193664
1722	308	1.01383	0.00193664
1722	309	1.01383	0.00193664
1722	310	1.01383	0.00193664
1722	311	1.01383	0.00193664
1722	312	1.01383	0.00193664
1722	313	1.01383	0.00193664
1722	314	1.01383	0.00193664
1722	315	1.01383	0.00193664
1722	316	1.01383	0.00193664
1722	317	1.01383	0.00193664
1722	318	1.01383	0.00193664
1722	319	1.01383	0.00193664
1722	320	1.01383	0.00193664
1722	321	1.01383	0.00193664
1722	322	1.01383	0.00193664
1722	323	1.01383	0.00193664
1722	324	1.01383	0.00193664
1722	325	1.01383	0.00193664
1722	326	1.01383	0.00193664
1722	327	1.01383	0.00193664
1722	328	1.01383	0.00193664
1722	329	1.01383	0.00193664
1722	330	1.01383	0.00193664
1722	331	1.01383	0.00193664
1722	332	1.01383	0.00193664
1722	333	1.01383	0.00193664
1722	334	1.01383	0.00193664
1722	335	1.01383	0.00193664
1722	336	1.01383	0.00193664
1722	337	1.01383	0.00193664
1722	338	1.01383	0.00193664
1722	339	1.01383	0.00193664
1722	340	1.01383	0.00193664
1722	341	1.01383	0.00193664
1722	342	1.01383	0.00193664
1722	343	1.01383	0.00193664
1722	344	1.01383	0.00193664
1722	345	1.01383	0.00193664
1722	346	1.01383	0.00193664
1722	347	1.01383	0.00193664
1722	348	1.01383	0.00193664
1722	349	1.01383	0.00193664
1722	350	1.01383	0.00193664
1722	351	1.01383	0.00193664
1722	352	1.01383	0.00193664
1722	353	1.01383	0.00193664
1722	354	1.01383	0.00193664
1722	355	1.01383	0.00193664
1722	356	1.01383	0.00193664
1722	357	1.01383	0.00193664
1722	358	1.01383	0.00193664
1722	359	1.01383	0.00193664
1722	360	1.01383	0.00193664
1722	361	1.01383	0.00193664
1722	362	1.01383	0.00193664
1722	363	1.01383	0.00193664
1722	364	1.01383	0.00193664
1722	365	1.01383	0.00193664
1722	366	1.01175	0.00193454
1722	367	1.01175	0.00193454
1722	368	1.01175	0.00193454
1722	369	1.01175	0.00193454
1722	370	1.01175	0.00193454
1722	371	1.01175	0.00193454
1722	372	1.01175	0.00193454
1722	373	1.01175	0.00193454
1722	374	1.01175	0.00193454
1722	375	1.01175	0.00193454
1722	376	1.01175	0.00193454
1722	377	1.01175	0.00193454
1722	378	1.01175	0.00193454
1722	379	1.01175	0.00193454
1722	380	1.01175	0.00193454
1722	381	1.01175	0.00193454
1722	382	1.01175	0.00193454
1722	383	1.01175	0.00193454
1722	384	1.01175	0.00193454
1722	385	1.01175	0.00193454
1722	386	1.01175	0.00193454
1722	387	1.01175	0.00193454
1722	388	1.01175	0.00193454
1722	389	1.01175	0.00193454
1722	390	1.01175	0.00193454
1722	391	1.01175	0.00193454
1722	392	1.01175	0.00193454
1722	393	1.01175	0.00193454
1722	394	1.01175	0.00193454
1722	395	1.01175	0.00193454
1722	396	1.01175	0.00193454
1722	397	1.01175	0.00193454
1722	398	1.01175	0.00193454
1722	399	1.01175	0.00193454
1722	400	1.01175	0.00193454
1722	401	1.01175	0.00193454
1722	402	1.01175	0.00193454
1722	403	1.01175	0.00193454
1722	404	1.01175	0.00193454
1722	405	1.01175	0.00193454
1722	406	1.01175	0.00193454
1722	407	1.01175	0.00193454
1722	408	1.01175	0.00193454
1722	409	1.01175	0.00193454
1722	410	1.01175	0.00193454
1722	411	1.01175	0.00193454
1722	412	1.01175	0.00193454
1722	413	1.01175	0.00193454
1722	414	1.01175	0.00193454
1722	415	1.01175	0.00193454
1722	416	1.01175	0.00193454
1722	417	1.01175	0.00193454
1722	418	1.01175	0.00193454
1722	419	1.01175	0.00193454
1722	420	1.01175	0.00193454
1722	421	1.01175	0.00193454
1722	422	1.01175	0.00193454
1722	423	1.01175	0.00193454
1722	424	1.01175	0.00193454
1722	425	1.01175	0.00193454
1722	426	1.01175	0.00193454
1722	427	1.01175	0.00193454
1722	428	1.01175	0.00193454
1722	429	1.01175	0.00193454
1722	430	1.01175	0.00193454
1722	431	1.01175	0.00193454
1722	432	1.01175	0.00193454
1722	433	1.01175	0.00193454
1722	434	1.01175	0.00193454
1722	435	1.01175	0.00193454
1722	436	1.01175	0.00193454
1722	437	1.01175	0.00193454
1722	438	1.01175	0.00193454
1722	439	1.01175	0.00193454
1722	440	1.01175	0.00193454
1722	441	1.01175	0.00193454
1722	442	1.01175	0.00193454
1722	443	1.01175	0.00193454
1722	444	1.01175	0.00193454
1722	445	1.01175	0.00193454
1722	446	1.01175	0.00193454
1722	447	1.01175	0.00193454
1722	448	1.01175	0.00193454
1722	449	1.01175	0.00193454
1722	450	1.01175	0.00193454
1722	451	1.01175	0.00193454
1722	452	1.01175	0.00193454
1722	453	1.01175	0.00193454
1722	454	1.01175	0.00193454
1722	455	1.01175	0.00193454
1722	456	1.01175	0.00193454
1722	457	1.01175	0.00193454
1722	458	1.01175	0.00193454
1722	459	1.01175	0.00193454
1722	460	1.01175	0.00193454
1722	461	1.01175	0.00193454
1722	462	1.01175	0.00193454
1722	463	1.01175	0.00193454
1722	464	1.01175	0.00193454
1722	465	1.01175	0.00193454
1722	466	1.01175	0.00193454
1722	467	1.01175	0.00193454
1722	468	1.01175	0.00193454
1722	469	1.01175	0.00193454
1722	470	1.01175	0.00193454
1722	471	1.01175	0.00193454
1722	472	1.01175	0.00193454
1722	473	1.01175	0.00193454
1722	474	1.01175	0.00193454
1722	475	1.01175	0.00193454
1722	476	1.01175	0.00193454
1722	477	1.01175	0.00193454
1722	478	1.01175	0.00193454
1722	479	1.01175	0.00193454
1722	480	1.01175	0.00193454
1722	481	1.01175	0.00193454
1722	482	1.01175	0.00193454
1722	483	1.01175	0.00193454
1722	484	1.01175	0.00193454
1722	485	1.01175	0.00193454
1722	486	1.01175	0.00193454
1722	487	1.01175	0.00193454
1722	488	1.01175	0.00193454
1722	489	1.01175	0.00193454
1722	490	1.01175	0.00193454
1722	491	1.01175	0.00193454
1722	492	1.01175	0.00193454
1722	493	1.01175	0.00193454
1722	494	1.01175	0.00193454
1722	495	1.01175	0.00193454
1722	496	1.01175	0.00193454
1722	497	1.01175	0.00193454
1722	498	1.01175	0.00193454
1722	499	1.01175	0.00193454
1722	500	1.01175	0.00193454
1722	501	1.01175	0.00193454
1722	502	1.01175	0.00193454
1722	503	1.01175	0.00193454
1722	504	1.01175	0.00193454
1722	505	1.01175	0.00193454
1722	506	1.01175	0.00193454
1722	507	1.01175	0.00193454
1722	508	1.01175	0.00193454
1722	509	1.01175	0.00193454
1722	510	1.01175	0.00193454
1722	511	1.01175	0.00193454
1722	512	1.01175	0.00193454
1722	513	1.01175	0.00193454
1722	514	1.01175	0.00193454
1722	515	1.01175	0.00193454
1722	516	1.01175	0.00193454
1722	517	1.01175	0.00193454
1722	518	1.01175	0.00193454
1722	519	1.01175	0.00193454
1722	520	1.01175	0.00193454
1722	521	1.01175	0.00193454
1722	522	1.01175	0.00193454
1722	523	1.01175	0.00193454
1722	524	1.01175	0.00193454
1722	525	1.01175	0.00193454
1722	526	1.01175	0.00193454
1722	527	1.01175	0.00193454
1722	528	1.01175	0.00193454
1722	529	1.01175	0.00193454
1722	530	1.01175	0.00193454
1722	531	1.01175	0.00193454
1722	532	1.01175	0.00193454
1722	533	1.01175	0.00193454
1722	534	1.01175	0.00193454
1722	535	1.01175	0.00193454
1722	536	1.01175	0.00193454
1722	537	1.01175	0.00193454
1722	538	1.01175	0.00193454
1722	539	1.01175	0.00193454
1722	540	1.01175	0.00193454
1722	541	1.01175	0.00193454
1722	542	1.01175	0.00193454
1722	543	1.01175	0.00193454
1722	544	1.01175	0.00193454
1722	545	1.01175	0.00193454
1722	546	1.01175	0.00193454
1722	547	1.01175	0.00193454
1722	548	1.01175	0.00193454
1722	549	1.01175	0.00193454
1722	550	1.01175	0.00193454
1722	551	1.01175	0.00193454
1722	552	1.01175	0.00193454
1722	553	1.01175	0.00193454
1722	554	1.01175	0.00193454
1722	555	1.01175	0.00193454
1722	556	1.01175	0.00193454
1722	557	1.01175	0.00193454
1722	558	1.01175	0.00193454
1722	559	1.01175	0.00193454
1722	560	1.01175	0.00193454
1722	561	1.01175	0.00193454
1722	562	1.01175	0.00193454
1722	563	1.01175	0.00193454
1722	564	1.01175	0.00193454
1722	565	1.01175	0.00193454
1722	566	1.01175	0.00193454
1722	567	1.01175	0.00193454
1722	568	1.01175	0.00193454
1722	569	1.01175	0.00193454
1722	570	1.01175	0.00193454
1722	571	1.01175	0.00193454
1722	572	1.01175	0.00193454
1722	573	1.01175	0.00193454
1722	574	1.01175	0.00193454
1722	575	1.01175	0.00193454
1722	576	1.01175	0.00193454
1722	577	1.01175	0.00193454
1722	578	1.01175	0.00193454
1722	579	1.01175	0.00193454
1722	580	1.01175	0.00193454
1722	581	1.01175	0.00193454
1722	582	1.01175	0.00193454
1722	583	1.01175	0.00193454
1722	584	1.01175	0.00193454
1722	585	1.01175	0.00193454
1722	586	1.01175	0.00193454
1722	587	1.01175	0.00193454
1722	588	1.01175	0.00193454
1722	589	1.01175	0.00193454
1722	590	1.01175	0.00193454
1722	591	1.01175	0.00193454
1722	592	1.01175	0.00193454
1722	593	1.01175	0.00193454
1722	594	1.01175	0.00193454
1722	595	1.01175	0.00193454
1722	596	1.01175	0.00193454
1722	597	1.01175	0.00193454
1722	598	1.01175	0.00193454
1722	599	1.01175	0.00193454
1722	600	1.01175	0.00193454
1722	601	1.01175	0.00193454
1722	602	1.01175	0.00193454
1722	603	1.01175	0.00193454
1722	604	1.01175	0.00193454
1722	605	1.01175	0.00193454
1722	606	1.01175	0.00193454
1722	607	1.01175	0.00193454
1722	608	1.01175	0.00193454
1722	609	1.01175	0.00193454
1722	610	1.01175	0.00193454
1722	611	1.01175	0.00193454
1722	612	1.01175	0.00193454
1722	613	1.01175	0.00193454
1722	614	1.01175	0.00193454
1722	615	1.01175	0.00193454
1722	616	1.01175	0.00193454
1722	617	1.01175	0.00193454
1722	618	1.01175	0.00193454
1722	619	1.01175	0.00193454
1722	620	1.01175	0.00193454
1722	621	1.01175	0.00193454
1722	622	1.01175	0.00193454
1722	623	1.01175	0.00193454
1722	624	1.01175	0.00193454
1722	625	1.01175	0.00193454
1722	626	1.01175	0.00193454
1722	627	1.01175	0.00193454
1722	628	1.01175	0.00193454
1722	629	1.01175	0.00193454
1722	630	1.01175	0.00193454
1722	631	1.01175	0.00193454
1722	632	1.01175	0.00193454
1722	633	1.01175	0.00193454
1722	634	1.01175	0.00193454
1722	635	1.01175	0.00193454
1722	636	1.01175	0.00193454
1722	637	1.01175	0.00193454
1722	638	1.01175	0.00193454
1722	639	1.01175	0.00193454
1722	640	1.01175	0.00193454
1722	641	1.01175	0.00193454
1722	642	1.01175	0.00193454
1722	643	1.01175	0.00193454
1722	644	1.01175	0.00193454
1722	645	1.01175	0.00193454
1722	646	1.01175	0.00193454
1722	647	1.01175	0.00193454
1722	648	1.01175	0.00193454
1722	649	1.01175	0.00193454
1722	650	1.01175	0.00193454
1722	651	1.01175	0.00193454
1722	652	1.01175	0.00193454
1722	653	1.01175	0.00193454
1722	654	1.01175	0.00193454
1722	655	1.01175	0.00193454
1722	656	1.01175	0.00193454
1722	657	1.01175	0.00193454
1722	658	1.01175	0.00193454
1722	659	1.01175	0.00193454
1722	660	1.01175	0.00193454
1722	661	1.01175	0.00193454
1722	662	1.01175	0.00193454
1722	663	1.01175	0.00193454
1722	664	1.01175	0.00193454
1722	665	1.01175	0.00193454
1722	666	1.01175	0.00193454
1722	667	1.01175	0.00193454
1722	668	1.01175	0.00193454
1722	669	1.01175	0.00193454
1722	670	1.01175	0.00193454
1722	671	1.01175	0.00193454
1722	672	1.01175	0.00193454
1722	673	1.01175	0.00193454
1722	674	1.01175	0.00193454
1722	675	1.01175	0.00193454
1722	676	1.01175	0.00193454
1722	677	1.01175	0.00193454
1722	678	1.01175	0.00193454
1722	679	1.01175	0.00193454
1722	680	1.01175	0.00193454
1722	681	1.01175	0.00193454
1722	682	1.01175	0.00193454
1722	683	1.01175	0.00193454
1722	684	1.01175	0.00193454
1722	685	1.01175	0.00193454
1722	686	1.01175	0.00193454
1722	687	1.01175	0.00193454
1722	688	1.01175	0.00193454
1722	689	1.01175	0.00193454
1722	690	1.01175	0.00193454
1722	691	1.01175	0.00193454
1722	692	1.01175	0.00193454
1722	693	1.01175	0.00193454
1722	694	1.01175	0.00193454
1722	695	1.01175	0.00193454
1722	696	1.01175	0.00193454
1722	697	1.01175	0.00193454
1722	698	1.01175	0.00193454
1722	699	1.01175	0.00193454
1722	700	1.01175	0.00193454
1722	701	1.01175	0.00193454
1722	702	1.01175	0.00193454
1722	703	1.01175	0.00193454
1722	704	1.01175	0.00193454
1722	705	1.01175	0.00193454
1722	706	1.01175	0.00193454
1722	707	1.01175	0.00193454
1722	708	1.01175	0.00193454
1722	709	1.01175	0.00193454
1722	710	1.01175	0.00193454
1722	711	1.01175	0.00193454
1722	712	1.01175	0.00193454
1722	713	1.01175	0.00193454
1722	714	1.01175	0.00193454
1722	715	1.01175	0.00193454
1722	716	1.01175	0.00193454
1722	717	1.01175	0.00193454
1722	718	1.01175	0.00193454
1722	719	1.01175	0.00193454
1722	720	1.01175	0.00193454
1722	721	1.01175	0.00193454
1722	722	1.01175	0.00193454
1722	723	1.01175	0.00193454
1722	724	1.01175	0.00193454
1722	725	1.01175	0.00193454
1722	726	1.01175	0.00193454
1722	727	1.01175	0.00193454
1722	728	1.01175	0.00193454
1722	729	1.01175	0.00193454
1722	730	1.01175	0.00193454
1722	731	1.01175	0.00193454
1722	732	1.01175	0.00193454
1722	733	1.01175	0.00193454
1722	734	1.01175	0.00193454
1722	735	1.01175	0.00193454
1722	736	1.01175	0.00193454
1722	737	1.01175	0.00193454
1722	738	1.01175	0.00193454
1722	739	1.01175	0.00193454
1722	740	1.01175	0.00193454
1722	741	1.01175	0.00193454
1722	742	1.01175	0.00193454
1722	743	1.01175	0.00193454
1722	744	1.01175	0.00193454
1722	745	1.01175	0.00193454
1722	746	1.01175	0.00193454
1722	747	1.01175	0.00193454
1722	748	1.01175	0.00193454
1722	749	1.01175	0.00193454
1722	750	1.01175	0.00193454
1722	751	1.01175	0.00193454
1722	752	1.01175	0.00193454
1722	753	1.01175	0.00193454
1722	754	1.01175	0.00193454
1722	755	1.01175	0.00193454
1722	756	1.01175	0.00193454
1722	757	1.01175	0.00193454
1722	758	1.01175	0.00193454
1722	759	1.01175	0.00193454
1722	760	1.01175	0.00193454
1722	761	1.01175	0.00193454
1722	762	1.01175	0.00193454
1722	763	1.01175	0.00193454
1722	764	1.01175	0.00193454
1722	765	1.01175	0.00193454
1722	766	1.01175	0.00193454
1722	767	1.01175	0.00193454
1722	768	1.01175	0.00193454
1722	769	1.01175	0.00193454
1722	770	1.01175	0.00193454
1722	771	1.01175	0.00193454
1722	772	1.01175	0.00193454
1722	773	1.01175	0.00193454
1722	774	1.01175	0.00193454
1722	775	1.01175	0.00193454
1722	776	1.01175	0.00193454
1722	777	1.01175	0.00193454
1722	778	1.01175	0.00193454
1722	779	1.01175	0.00193454
1722	780	1.01175	0.00193454
1722	781	1.01175	0.00193454
1722	782	1.01175	0.00193454
1722	783	1.01175	0.00193454
1722	784	1.01175	0.00193454
1722	785	1.01175	0.00193454
1722	786	1.01175	0.00193454
1722	787	1.01175	0.00193454
1722	788	1.01175	0.00193454
1722	789	1.01175	0.00193454
1722	790	1.01175	0.00193454
1722	791	1.01175	0.00193454
1722	792	1.01175	0.00193454
1722	793	1.01175	0.00193454
1722	794	1.01175	0.00193454
1722	795	1.01175	0.00193454
1722	796	1.01175	0.00193454
1722	797	1.01175	0.00193454
1722	798	1.01175	0.00193454
1722	799	1.01175	0.00193454
1722	800	1.01175	0.00193454
1722	801	1.01175	0.00193454
1722	802	1.01175	0.00193454
1722	803	1.01175	0.00193454
1722	804	1.01175	0.00193454
1722	805	1.01175	0.00193454
1722	806	1.01175	0.00193454
1722	807	1.01175	0.00193454
1722	808	1.01175	0.00193454
1722	809	1.01175	0.00193454
1722	810	1.01175	0.00193454
1722	811	1.01175	0.00193454
1722	812	1.01175	0.00193454
1722	813	1.01175	0.00193454
1722	814	1.01175	0.00193454
1722	815	1.01175	0.00193454
1722	816	1.01175	0.00193454
1722	817	1.01175	0.00193454
1722	818	1.01175	0.00193454
1722	819	1.01175	0.00193454
1722	820	1.01175	0.00193454
1722	821	1.01175	0.00193454
1722	822	1.01175	0.00193454
1722	823	1.01175	0.00193454
1722	824	1.01175	0.00193454
1722	825	1.01175	0.00193454
1722	826	1.01175	0.00193454
1722	827	1.01175	0.00193454
1722	828	1.01175	0.00193454
1722	829	1.01175	0.00193454
1722	830	1.01175	0.00193454
1722	831	1.01175	0.00193454
1722	832	1.01175	0.00193454
1722	833	1.01175	0.00193454
1722	834	1.01175	0.00193454
1722	835	1.01175	0.00193454
1722	836	1.01175	0.00193454
1722	837	1.01175	0.00193454
1722	838	1.01175	0.00193454
1722	839	1.01175	0.00193454
1722	840	1.01175	0.00193454
1722	841	1.01175	0.00193454
1722	842	1.01175	0.00193454
1722	843	1.01175	0.00193454
1722	844	1.01175	0.00193454
1722	845	1.01175	0.00193454
1722	846	1.01175	0.00193454
1722	847	1.01175	0.00193454
1722	848	1.01175	0.00193454
1722	849	1.01175	0.00193454
1722	850	1.01175	0.00193454
1722	851	1.01175	0.00193454
1722	852	1.01175	0.00193454
1722	853	1.01175	0.00193454
1722	854	1.01175	0.00193454
1722	855	1.01175	0.00193454
1722	856	1.01175	0.00193454
1722	857	1.01175	0.00193454
1722	858	1.01175	0.00193454
1722	859	1.01175	0.00193454
1722	860	1.01175	0.00193454
1722	861	1.01175	0.00193454
1722	862	1.01175	0.00193454
1722	863	1.01175	0.00193454
1722	864	1.01175	0.00193454
1722	865	1.01175	0.00193454
1722	866	1.01175	0.00193454
1722	867	1.01175	0.00193454
1722	868	1.01175	0.00193454
1722	869	1.01175	0.00193454
1722	870	1.01175	0.00193454
1722	871	1.01175	0.00193454
1722	872	1.01175	0.00193454
1722	873	1.01175	0.00193454
1722	874	1.01175	0.00193454
1722	875	1.01175	0.00193454
1722	876	1.01175	0.00193454
1722	877	1.01175	0.00193454
1722	878	1.01175	0.00193454
1722	879	1.01175	0.00193454
1722	880	1.01175	0.00193454
1722	881	1.01175	0.00193454
1722	882	1.01175	0.00193454
1722	883	1.01175	0.00193454
1722	884	1.01175	0.00193454
1722	885	1.01175	0.00193454
1722	886	1.01175	0.00193454
1722	887	1.01175	0.00193454
1722	888	1.01175	0.00193454
1722	889	1.01175	0.00193454
1722	890	1.01175	0.00193454
1722	891	1.01175	0.00193454
1722	892	1.01175	0.00193454
1722	893	1.01175	0.00193454
1722	894	1.01175	0.00193454
1722	895	1.01175	0.00193454
1722	896	1.01175	0.00193454
1722	897	1.01175	0.00193454
1722	898	1.01175	0.00193454
1722	899	1.01175	0.00193454
1722	900	1.01175	0.00193454
1722	901	1.01175	0.00193454
1722	902	1.01175	0.00193454
1722	903	1.01175	0.00193454
1722	904	1.01175	0.00193454
1722	905	1.01175	0.00193454
1722	906	1.01175	0.00193454
1722	907	1.01175	0.00193454
1722	908	1.01175	0.00193454
1722	909	1.01175	0.00193454
1722	910	1.01175	0.00193454
1722	911	1.01175	0.00193454
1722	912	1.01175	0.00193454
1722	913	1.01175	0.00193454
1722	914	1.01175	0.00193454
1722	915	1.01175	0.00193454
1722	916	1.01175	0.00193454
1722	917	1.01175	0.00193454
1722	918	1.01175	0.00193454
1722	919	1.01175	0.00193454
1722	920	1.01175	0.00193454
1722	921	1.01175	0.00193454
1722	922	1.01175	0.00193454
1722	923	1.01175	0.00193454
1722	924	1.01175	0.00193454
1722	925	1.01175	0.00193454
1722	926	1.01175	0.00193454
1722	927	1.01175	0.00193454
1722	928	1.01175	0.00193454
1722	929	1.01175	0.00193454
1722	930	1.01175	0.00193454
1722	931	1.01175	0.00193454
1722	932	1.01175	0.00193454
1722	933	1.01175	0.00193454
1722	934	1.01175	0.00193454
1722	935	1.01175	0.00193454
1722	936	1.01175	0.00193454
1722	937	1.01175	0.00193454
1722	938	1.01175	0.00193454
1722	939	1.01175	0.00193454
1722	940	1.01175	0.00193454
1722	941	1.01175	0.00193454
1722	942	1.01175	0.00193454
1722	943	1.01175	0.00193454
1722	944	1.01175	0.00193454
1722	945	1.01175	0.00193454
1722	946	1.01175	0.00193454
1722	947	1.01175	0.00193454
1722	948	1.01175	0.00193454
1722	949	1.01175	0.00193454
1722	950	1.01175	0.00193454
1722	951	1.01175	0.00193454
1722	952	1.01175	0.00193454
1722	953	1.01175	0.00193454
1722	954	1.01175	0.00193454
1722	955	1.01175	0.00193454
1722	956	1.01175	0.00193454
1722	957	1.01175	0.00193454
1722	958	1.01175	0.00193454
1722	959	1.01175	0.00193454
1722	960	1.01175	0.00193454
1722	961	1.01175	0.00193454
1722	962	1.01175	0.00193454
1722	963	1.01175	0.00193454
1722	964	1.01175	0.00193454
1722	965	1.01175	0.00193454
1722	966	1.01175	0.00193454
1722	967	1.01175	0.00193454
1722	968	1.01175	0.00193454
1722	969	1.01175	0.00193454
1722	970	1.01175	0.00193454
1722	971	1.01175	0.00193454
1722	972	1.01175	0.00193454
1722	973	1.01175	0.00193454
1722	974	1.01175	0.00193454
1722	975	1.01175	0.00193454
1722	976	1.01175	0.00193454
1722	977	1.01175	0.00193454
1722	978	1.01175	0.00193454
1722	979	1.01175	0.00193454
1722	980	1.01175	0.00193454
1722	981	1.01175	0.00193454
1722	982	1.01175	0.00193454
1722	983	1.01175	0.00193454
1722	984	1.01175	0.00193454
1722	985	1.01175	0.00193454
1722	986	1.01175	0.00193454
1722	987	1.01175	0.00193454
1722	988	1.01175	0.00193454
1722	989	1.01175	0.00193454
1722	990	1.01175	0.00193454
1722	991	1.01175	0.00193454
1722	992	1.01175	0.00193454
1722	993	1.01175	0.00193454
1722	994	1.01175	0.00193454
1722	995	1.01175	0.00193454
1722	996	1.01175	0.00193454
1722	997	1.01175	0.00193454
1722	998	1.01175	0.00193454
1722	999	1.01175	0.00193454
1722	1000	1.01175	0.00193454
1722	1001	1.01175	0.00193454
1722	1002	1.01175	0.00193454
1722	1003	1.01175	0.00193454
1722	1004	1.01175	0.00193454
1722	1005	1.01175	0.00193454
1722	1006	1.01175	0.00193454
1722	1007	1.01175	0.00193454
1722	1008	1.01175	0.00193454
1722	1009	1.01175	0.00193454
1722	1010	1.01175	0.00193454
1722	1011	1.01175	0.00193454
1722	1012	1.01175	0.00193454
1722	1013	1.01175	0.00193454
1722	1014	1.01175	0.00193454
1722	1015	1.01175	0.00193454
1722	1016	1.01175	0.00193454
1722	1017	1.01175	0.00193454
1722	1018	1.01175	0.00193454
1722	1019	1.01175	0.00193454
1722	1020	1.01175	0.00193454
1722	1021	1.01175	0.00193454
1722	1022	1.01175	0.00193454
1722	1023	1.01175	0.00193454
1722	1024	1.01175	0.00193454
1722	1025	1.01175	0.00193454
1722	1026	1.01175	0.00193454
1722	1027	1.01175	0.00193454
1722	1028	1.01175	0.00193454
1722	1029	1.01175	0.00193454
1722	1030	1.01175	0.00193454
1722	1031	1.01175	0.00193454
1722	1032	1.01175	0.00193454
1722	1033	1.01175	0.00193454
1722	1034	1.01175	0.00193454
1722	1035	1.01175	0.00193454
1722	1036	1.01175	0.00193454
1722	1037	1.01175	0.00193454
1722	1038	1.01175	0.00193454
1722	1039	1.01175	0.00193454
1722	1040	1.01175	0.00193454
1722	1041	1.01175	0.00193454
1722	1042	1.01175	0.00193454
1722	1043	1.01175	0.00193454
1722	1044	1.01175	0.00193454
1722	1045	1.01175	0.00193454
1722	1046	1.01175	0.00193454
1722	1047	1.01175	0.00193454
1722	1048	1.01175	0.00193454
1722	1049	1.01175	0.00193454
1722	1050	1.01175	0.00193454
1722	1051	1.01175	0.00193454
1722	1052	1.01175	0.00193454
1722	1053	1.01175	0.00193454
1722	1054	1.01175	0.00193454
1722	1055	1.01175	0.00193454
1722	1056	1.01175	0.00193454
1722	1057	1.01175	0.00193454
1722	1058	1.01175	0.00193454
1722	1059	1.01175	0.00193454
1722	1060	1.01175	0.00193454
1722	1061	1.01175	0.00193454
1722	1062	1.01175	0.00193454
1722	1063	1.01175	0.00193454
1722	1064	1.01175	0.00193454
1722	1065	1.01175	0.00193454
1722	1066	1.01175	0.00193454
1722	1067	1.01175	0.00193454
1722	1068	1.01175	0.00193454
1722	1069	1.01175	0.00193454
1722	1070	1.01175	0.00193454
1722	1071	1.01175	0.00193454
1722	1072	1.01175	0.00193454
1722	1073	1.01175	0.00193454
1722	1074	1.01175	0.00193454
1722	1075	1.01175	0.00193454
1722	1076	1.01175	0.00193454
1722	1077	1.01175	0.00193454
1722	1078	1.01175	0.00193454
1722	1079	1.01175	0.00193454
1722	1080	1.01175	0.00193454
1722	1081	1.01175	0.00193454
1722	1082	1.01175	0.00193454
1722	1083	1.01175	0.00193454
1722	1084	1.01175	0.00193454
1722	1085	1.01175	0.00193454
1722	1086	1.01175	0.00193454
1722	1087	1.01175	0.00193454
1722	1088	1.01175	0.00193454
1722	1089	1.01175	0.00193454
1722	1090	1.01175	0.00193454
1722	1091	1.01175	0.00193454
1722	1092	1.01175	0.00193454
1722	1093	1.01175	0.00193454
1722	1094	1.01175	0.00193454
1722	1095	1.01175	0.00193454
1722	1096	1.01175	0.00193454
1722	1097	1.01175	0.00193454
1722	1098	1.01175	0.00193454
1722	1099	1.01175	0.00193454
1722	1100	1.01175	0.00193454
1722	1101	1.01175	0.00193454
1722	1102	1.01175	0.00193454
1722	1103	1.01175	0.00193454
1722	1104	1.01175	0.00193454
1722	1105	1.01175	0.00193454
1722	1106	1.01175	0.00193454
1722	1107	1.01175	0.00193454
1722	1108	1.01175	0.00193454
1722	1109	1.01175	0.00193454
1722	1110	1.01175	0.00193454
1722	1111	1.01175	0.00193454
1722	1112	1.01175	0.00193454
1722	1113	1.01175	0.00193454
1722	1114	1.01175	0.00193454
1722	1115	1.01175	0.00193454
1722	1116	1.01175	0.00193454
1722	1117	1.01175	0.00193454
1722	1118	1.01175	0.00193454
1722	1119	1.01175	0.00193454
1722	1120	1.01175	0.00193454
1722	1121	1.01175	0.00193454
1722	1122	1.01175	0.00193454
1722	1123	1.01175	0.00193454
1722	1124	1.01175	0.00193454
1722	1125	1.01175	0.00193454
1722	1126	1.01175	0.00193454
1722	1127	1.01175	0.00193454
1722	1128	1.01175	0.00193454
1722	1129	1.01175	0.00193454
1722	1130	1.01175	0.00193454
1722	1131	1.01175	0.00193454
1722	1132	1.01175	0.00193454
1722	1133	1.01175	0.00193454
1722	1134	1.01175	0.00193454
1722	1135	1.01175	0.00193454
1722	1136	1.01175	0.00193454
1722	1137	1.01175	0.00193454
1722	1138	1.01175	0.00193454
1722	1139	1.01175	0.00193454
1722	1140	1.01175	0.00193454
1722	1141	1.01175	0.00193454
1722	1142	1.01175	0.00193454
1722	1143	1.01175	0.00193454
1722	1144	1.01175	0.00193454
1722	1145	1.01175	0.00193454
1722	1146	1.01175	0.00193454
1722	1147	1.01175	0.00193454
1722	1148	1.01175	0.00193454
1722	1149	1.01175	0.00193454
1722	1150	1.01175	0.00193454
1722	1151	1.01175	0.00193454
1722	1152	1.01175	0.00193454
1722	1153	1.01175	0.00193454
1722	1154	1.01175	0.00193454
1722	1155	1.01175	0.00193454
1722	1156	1.01175	0.00193454
1722	1157	1.01175	0.00193454
1722	1158	1.01175	0.00193454
1722	1159	1.01175	0.00193454
1722	1160	1.01175	0.00193454
1722	1161	1.01175	0.00193454
1722	1162	1.01175	0.00193454
1722	1163	1.01175	0.00193454
1722	1164	1.01175	0.00193454
1722	1165	1.01175	0.00193454
1722	1166	1.01175	0.00193454
1722	1167	1.01175	0.00193454
1722	1168	1.01175	0.00193454
1722	1169	1.01175	0.00193454
1722	1170	1.01175	0.00193454
1722	1171	1.01175	0.00193454
1722	1172	1.01175	0.00193454
1722	1173	1.01175	0.00193454
1722	1174	1.01175	0.00193454
1722	1175	1.01175	0.00193454
1722	1176	1.01175	0.00193454
1722	1177	1.01175	0.00193454
1722	1178	1.01175	0.00193454
1722	1179	1.01175	0.00193454
1722	1180	1.01175	0.00193454
1722	1181	1.01175	0.00193454
1722	1182	1.01175	0.00193454
1722	1183	1.01175	0.00193454
1722	1184	1.01175	0.00193454
1722	1185	1.01175	0.00193454
1722	1186	1.01175	0.00193454
1722	1187	1.01175	0.00193454
1722	1188	1.01175	0.00193454
1722	1189	1.01175	0.00193454
1722	1190	1.01175	0.00193454
1722	1191	1.01175	0.00193454
1722	1192	1.01175	0.00193454
1722	1193	1.01175	0.00193454
1722	1194	1.01175	0.00193454
1722	1195	1.01175	0.00193454
1722	1196	1.01175	0.00193454
1722	1197	1.01175	0.00193454
1722	1198	1.01175	0.00193454
1722	1199	1.01175	0.00193454
1722	1200	1.01175	0.00193454
1722	1201	1.01175	0.00193454
1722	1202	1.01175	0.00193454
1722	1203	1.01175	0.00193454
1722	1204	1.01175	0.00193454
1722	1205	1.01175	0.00193454
1722	1206	1.01175	0.00193454
1722	1207	1.01175	0.00193454
1722	1208	1.01175	0.00193454
1722	1209	1.01175	0.00193454
1722	1210	1.01175	0.00193454
1722	1211	1.01175	0.00193454
1722	1212	1.01175	0.00193454
1722	1213	1.01175	0.00193454
1722	1214	1.01175	0.00193454
1722	1215	1.01175	0.00193454
1722	1216	1.01175	0.00193454
1722	1217	1.01175	0.00193454
1722	1218	1.01175	0.00193454
1722	1219	1.01175	0.00193454
1722	1220	1.01175	0.00193454
1722	1221	1.01175	0.00193454
1722	1222	1.01175	0.00193454
1722	1223	1.01175	0.00193454
1722	1224	1.01175	0.00193454
1722	1225	1.01175	0.00193454
1722	1226	1.01175	0.00193454
1722	1227	1.01175	0.00193454
1722	1228	1.01175	0.00193454
1722	1229	1.01175	0.00193454
1722	1230	1.01175	0.00193454
1722	1231	1.01175	0.00193454
1722	1232	1.01175	0.00193454
1722	1233	1.01175	0.00193454
1722	1234	1.01175	0.00193454
1722	1235	1.01175	0.00193454
1722	1236	1.01175	0.00193454
1722	1237	1.01175	0.00193454
1722	1238	1.01175	0.00193454
1722	1239	1.01175	0.00193454
1722	1240	1.01175	0.00193454
1722	1241	1.01175	0.00193454
1722	1242	1.01175	0.00193454
1722	1243	1.01175	0.00193454
1722	1244	1.01175	0.00193454
1722	1245	1.01175	0.00193454
1722	1246	1.01175	0.00193454
1722	1247	1.01175	0.00193454
1722	1248	1.01175	0.00193454
1722	1249	1.01175	0.00193454
1722	1250	1.01175	0.00193454
1722	1251	1.01175	0.00193454
1722	1252	1.01175	0.00193454
1722	1253	1.01175	0.00193454
1722	1254	1.01175	0.00193454
1722	1255	1.01175	0.00193454
1722	1256	1.01175	0.00193454
1722	1257	1.01175	0.00193454
1722	1258	1.01175	0.00193454
1722	1259	1.01175	0.00193454
1722	1260	1.01175	0.00193454
1722	1261	1.01175	0.00193454
1722	1262	1.01175	0.00193454
1722	1263	1.01175	0.00193454
1722	1264	1.01175	0.00193454
1722	1265	1.01175	0.00193454
1722	1266	1.01175	0.00193454
1722	1267	1.01175	0.00193454
1722	1268	1.01175	0.00193454
1722	1269	1.01175	0.00193454
1722	1270	1.01175	0.00193454
1722	1271	1.01175	0.00193454
1722	1272	1.01175	0.00193454
1722	1273	1.01175	0.00193454
1722	1274	1.01175	0.00193454
1722	1275	1.01175	0.00193454
1722	1276	1.01175	0.00193454
1722	1277	1.01175	0.00193454
1722	1278	1.01175	0.00193454
1722	1279	1.01175	0.00193454
1722	1280	1.01175	0.00193454
1722	1281	1.01175	0.00193454
1722	1282	1.01175	0.00193454
1722	1283	1.01175	0.00193454
1722	1284	1.01175	0.00193454
1722	1285	1.01175	0.00193454
1722	1286	1.01175	0.00193454
1722	1287	1.01175	0.00193454
1722	1288	1.01175	0.00193454
1722	1289	1.01175	0.00193454
1722	1290	1.01175	0.00193454
1722	1291	1.01175	0.00193454
1722	1292	1.01175	0.00193454
1722	1293	1.01175	0.00193454
1722	1294	1.01175	0.00193454
1722	1295	1.01175	0.00193454
1722	1296	1.01175	0.00193454
1722	1297	1.01175	0.00193454
1722	1298	1.01175	0.00193454
1722	1299	1.01175	0.00193454
1722	1300	1.01175	0.00193454
1722	1301	1.01175	0.00193454
1722	1302	1.01175	0.00193454
1722	1303	1.01175	0.00193454
1722	1304	1.01175	0.00193454
1722	1305	1.01175	0.00193454
1722	1306	1.01175	0.00193454
1722	1307	1.01175	0.00193454
1722	1308	1.01175	0.00193454
1722	1309	1.01175	0.00193454
1722	1310	1.01175	0.00193454
1722	1311	1.01175	0.00193454
1722	1312	1.01175	0.00193454
1722	1313	1.01175	0.00193454
1722	1314	1.01175	0.00193454
1722	1315	1.01175	0.00193454
1722	1316	1.01175	0.00193454
1722	1317	1.01175	0.00193454
1722	1318	1.01175	0.00193454
1722	1319	1.01175	0.00193454
1722	1320	1.01175	0.00193454
1722	1321	1.01175	0.00193454
1722	1322	1.01175	0.00193454
1722	1323	1.01175	0.00193454
1722	1324	1.01175	0.00193454
1722	1325	1.01175	0.00193454
1722	1326	1.01175	0.00193454
1722	1327	1.01175	0.00193454
1722	1328	1.01175	0.00193454
1722	1329	1.01175	0.00193454
1722	1330	1.01175	0.00193454
1722	1331	1.01175	0.00193454
1722	1332	1.01175	0.00193454
1722	1333	1.01175	0.00193454
1722	1334	1.01175	0.00193454
1722	1335	1.01175	0.00193454
1722	1336	1.01175	0.00193454
1722	1337	1.01175	0.00193454
1722	1338	1.01175	0.00193454
1722	1339	1.01175	0.00193454
1722	1340	1.01175	0.00193454
1722	1341	1.01175	0.00193454
1722	1342	1.01175	0.00193454
1722	1343	1.01175	0.00193454
1722	1344	1.01175	0.00193454
1722	1345	1.01175	0.00193454
1722	1346	1.01175	0.00193454
1722	1347	1.01175	0.00193454
1722	1348	1.01175	0.00193454
1722	1349	1.01175	0.00193454
1722	1350	1.01175	0.00193454
1722	1351	1.01175	0.00193454
1722	1352	1.01175	0.00193454
1722	1353	1.01175	0.00193454
1722	1354	1.01175	0.00193454
1722	1355	1.01175	0.00193454
1722	1356	1.01175	0.00193454
1722	1357	1.01175	0.00193454
1722	1358	1.01175	0.00193454
1722	1359	1.01175	0.00193454
1722	1360	1.01175	0.00193454
1722	1361	1.01175	0.00193454
1722	1362	1.01175	0.00193454
1722	1363	1.01175	0.00193454
1722	1364	1.01175	0.00193454
1722	1365	1.01175	0.00193454
1722	1366	1.01175	0.00193454
1722	1367	1.01175	0.00193454
1722	1368	1.01175	0.00193454
1722	1369	1.01175	0.00193454
1722	1370	1.01175	0.00193454
1722	1371	1.01175	0.00193454
1722	1372	1.01175	0.00193454
1722	1373	1.01175	0.00193454
1722	1374	1.01175	0.00193454
1722	1375	1.01175	0.00193454
1722	1376	1.01175	0.00193454
1722	1377	1.01175	0.00193454
1722	1378	1.01175	0.00193454
1722	1379	1.01175	0.00193454
1722	1380	1.01175	0.00193454
1722	1381	1.01175	0.00193454
1722	1382	1.01175	0.00193454
1722	1383	1.01175	0.00193454
1722	1384	1.01175	0.00193454
1722	1385	1.01175	0.00193454
1722	1386	1.01175	0.00193454
1722	1387	1.01175	0.00193454
1722	1388	1.01175	0.00193454
1722	1389	1.01175	0.00193454
1722	1390	1.01175	0.00193454
1722	1391	1.01175	0.00193454
1722	1392	1.01175	0.00193454
1722	1393	1.01175	0.00193454
1722	1394	1.01175	0.00193454
1722	1395	1.01175	0.00193454
1722	1396	1.01175	0.00193454
1722	1397	1.01175	0.00193454
1722	1398	1.01175	0.00193454
1722	1399	1.01175	0.00193454
1722	1400	1.01175	0.00193454
1722	1401	1.01175	0.00193454
1722	1402	1.01175	0.00193454
1722	1403	1.01175	0.00193454
1722	1404	1.01175	0.00193454
1722	1405	1.01175	0.00193454
1722	1406	1.01175	0.00193454
1722	1407	1.01175	0.00193454
1722	1408	1.01175	0.00193454
1722	1409	1.01175	0.00193454
1722	1410	1.01175	0.00193454
1722	1411	1.01175	0.00193454
1722	1412	1.01175	0.00193454
1722	1413	1.01175	0.00193454
1722	1414	1.01175	0.00193454
1722	1415	1.01175	0.00193454
1722	1416	1.01175	0.00193454
1722	1417	1.01175	0.00193454
1722	1418	1.01175	0.00193454
1722	1419	1.01175	0.00193454
1722	1420	1.01175	0.00193454
1722	1421	1.01175	0.00193454
1722	1422	1.01175	0.00193454
1722	1423	1.01175	0.00193454
1722	1424	1.01175	0.00193454
1722	1425	1.01175	0.00193454
1722	1426	1.01175	0.00193454
1722	1427	1.01175	0.00193454
1722	1428	1.01175	0.00193454
1722	1429	1.01175	0.00193454
1722	1430	1.01175	0.00193454
1722	1431	1.01175	0.00193454
1722	1432	1.01175	0.00193454
1722	1433	1.01175	0.00193454
1722	1434	1.01175	0.00193454
1722	1435	1.01175	0.00193454
1722	1436	1.01175	0.00193454
1722	1437	1.01175	0.00193454
1722	1438	1.01175	0.00193454
1722	1439	1.01175	0.00193454
1722	1440	1.01175	0.00193454
1722	1441	1.01175	0.00193454
1722	1442	1.01175	0.00193454
1722	1443	1.01175	0.00193454
1722	1444	1.01175	0.00193454
1722	1445	1.01175	0.00193454
1722	1446	1.01175	0.00193454
1722	1447	1.01175	0.00193454
1722	1448	1.01175	0.00193454
1722	1449	1.01175	0.00193454
1722	1450	1.01175	0.00193454
1722	1451	1.01175	0.00193454
1722	1452	1.01175	0.00193454
1722	1453	1.01175	0.00193454
1722	1454	1.01175	0.00193454
1722	1455	1.01175	0.00193454
1722	1456	1.01175	0.00193454
1722	1457	1.01175	0.00193454
1722	1458	1.01175	0.00193454
1722	1459	1.01175	0.00193454
1722	1460	1.01175	0.00193454
1722	1461	1.01175	0.00193454
1722	1462	1.01175	0.00193454
1722	1463	1.01175	0.00193454
1722	1464	1.01175	0.00193454
1722	1465	1.01175	0.00193454
1722	1466	1.01175	0.00193454
1722	1467	1.01175	0.00193454
1722	1468	1.01175	0.00193454
1722	1469	1.01175	0.00193454
1722	1470	1.01175	0.00193454
1722	1471	1.01175	0.00193454
1722	1472	1.01175	0.00193454
1722	1473	1.01175	0.00193454
1722	1474	1.01175	0.00193454
1722	1475	1.01175	0.00193454
1722	1476	1.01175	0.00193454
1722	1477	1.01175	0.00193454
1722	1478	1.01175	0.00193454
1722	1479	1.01175	0.00193454
1722	1480	1.01175	0.00193454
1722	1481	1.01175	0.00193454
1722	1482	1.01175	0.00193454
1722	1483	1.01175	0.00193454
1722	1484	1.01175	0.00193454
1722	1485	1.01175	0.00193454
1722	1486	1.01175	0.00193454
1722	1487	1.01175	0.00193454
1722	1488	1.01175	0.00193454
1722	1489	1.01175	0.00193454
1722	1490	1.01175	0.00193454
1722	1491	1.01175	0.00193454
1722	1492	1.01175	0.00193454
1722	1493	1.01175	0.00193454
1722	1494	1.01175	0.00193454
1722	1495	1.01175	0.00193454
1722	1496	1.01175	0.00193454
1722	1497	1.01175	0.00193454
1722	1498	1.01175	0.00193454
1722	1499	1.01175	0.00193454
1722	1500	1.01175	0.00193454
1722	1501	1.01175	0.00193454
1722	1502	1.01175	0.00193454
1722	1503	1.01175	0.00193454
1722	1504	1.01175	0.00193454
1722	1505	1.01175	0.00193454
1722	1506	1.01175	0.00193454
1722	1507	1.01175	0.00193454
1722	1508	1.01175	0.00193454
1722	1509	1.01175	0.00193454
1722	1510	1.01175	0.00193454
1722	1511	1.01175	0.00193454
1722	1512	1.01175	0.00193454
1722	1513	1.01175	0.00193454
1722	1514	1.01175	0.00193454
1722	1515	1.01175	0.00193454
1722	1516	1.01175	0.00193454
1722	1517	1.01175	0.00193454
1722	1518	1.01175	0.00193454
1722	1519	1.01175	0.00193454
1722	1520	1.01175	0.00193454
1722	1521	1.01175	0.00193454
1722	1522	1.01175	0.00193454
1722	1523	1.01175	0.00193454
1722	1524	1.01175	0.00193454
1722	1525	1.01175	0.00193454
1722	1526	1.01175	0.00193454
1722	1527	1.01175	0.00193454
1722	1528	1.01175	0.00193454
1722	1529	1.01175	0.00193454
1722	1530	1.01175	0.00193454
1722	1531	1.01175	0.00193454
1722	1532	1.01175	0.00193454
1722	1533	1.01175	0.00193454
1722	1534	1.01175	0.00193454
1722	1535	1.01175	0.00193454
1722	1536	1.01175	0.00193454
1722	1537	1.01175	0.00193454
1722	1538	1.01175	0.00193454
1722	1539	1.01175	0.00193454
1722	1540	1.01175	0.00193454
1722	1541	1.01175	0.00193454
1722	1542	1.01175	0.00193454
1722	1543	1.01175	0.00193454
1722	1544	1.01175	0.00193454
1722	1545	1.01175	0.00193454
1722	1546	1.01175	0.00193454
1722	1547	1.01175	0.00193454
1722	1548	1.01175	0.00193454
1722	1549	1.01175	0.00193454
1722	1550	1.01175	0.00193454
1722	1551	1.01175	0.00193454
1722	1552	1.01175	0.00193454
1722	1553	1.01175	0.00193454
1722	1554	1.01175	0.00193454
1722	1555	1.01175	0.00193454
1722	1556	1.01175	0.00193454
1722	1557	1.01175	0.00193454
1722	1558	1.01175	0.00193454
1722	1559	1.01175	0.00193454
1722	1560	1.01175	0.00193454
1722	1561	1.01175	0.00193454
1722	1562	1.01175	0.00193454
1722	1563	1.01175	0.00193454
1722	1564	1.01175	0.00193454
1722	1565	1.01175	0.00193454
1722	1566	1.01175	0.00193454
1722	1567	1.01175	0.00193454
1722	1568	1.01175	0.00193454
1722	1569	1.01175	0.00193454
1722	1570	1.01175	0.00193454
1722	1571	1.01175	0.00193454
1722	1572	1.01175	0.00193454
1722	1573	1.01175	0.00193454
1722	1574	1.01175	0.00193454
1722	1575	1.01175	0.00193454
1722	1576	1.01175	0.00193454
1722	1577	1.01175	0.00193454
1722	1578	1.01175	0.00193454
1722	1579	1.01175	0.00193454
1722	1580	1.01175	0.00193454
1722	1581	1.01175	0.00193454
1722	1582	1.01175	0.00193454
1722	1583	1.01175	0.00193454
1722	1584	1.01175	0.00193454
1722	1585	1.01175	0.00193454
1722	1586	1.01175	0.00193454
1722	1587	1.01175	0.00193454
1722	1588	1.01175	0.00193454
1722	1589	1.01175	0.00193454
1722	1590	1.01175	0.00193454
1722	1591	1.01175	0.00193454
1722	1592	1.01175	0.00193454
1722	1593	1.01175	0.00193454
1722	1594	1.01175	0.00193454
1722	1595	1.01175	0.00193454
1722	1596	1.01175	0.00193454
1722	1597	1.01175	0.00193454
1722	1598	1.01175	0.00193454
1722	1599	1.01175	0.00193454
1722	1600	1.01175	0.00193454
1722	1601	1.01175	0.00193454
1722	1602	1.01175	0.00193454
1722	1603	1.01175	0.00193454
1722	1604	1.01175	0.00193454
1722	1605	1.01175	0.00193454
1722	1606	1.01175	0.00193454
1722	1607	1.01175	0.00193454
1722	1608	1.01175	0.00193454
1722	1609	1.01175	0.00193454
1722	1610	1.01175	0.00193454
1722	1611	1.01175	0.00193454
1722	1612	1.01175	0.00193454
1722	1613	1.01175	0.00193454
1722	1614	1.01175	0.00193454
1722	1615	1.01175	0.00193454
1722	1616	1.01175	0.00193454
1722	1617	1.01175	0.00193454
1722	1618	1.01175	0.00193454
1722	1619	1.01175	0.00193454
1722	1620	1.01175	0.00193454
1722	1621	1.01175	0.00193454
1722	1622	1.01175	0.00193454
1722	1623	1.01175	0.00193454
1722	1624	1.01175	0.00193454
1722	1625	1.01175	0.00193454
1722	1626	1.01175	0.00193454
1722	1627	1.01175	0.00193454
1722	1628	1.01175	0.00193454
1722	1629	1.01175	0.00193454
1722	1630	1.01175	0.00193454
1722	1631	1.01175	0.00193454
1722	1632	1.01175	0.00193454
1722	1633	1.01175	0.00193454
1722	1634	1.01175	0.00193454
1722	1635	1.01175	0.00193454
1722	1636	1.01175	0.00193454
1722	1637	1.01175	0.00193454
1722	1638	1.01175	0.00193454
1722	1639	1.01175	0.00193454
1722	1640	1.01175	0.00193454
1722	1641	1.01175	0.00193454
1722	1642	1.01175	0.00193454
1722	1643	1.01175	0.00193454
1722	1644	1.01175	0.00193454
1722	1645	1.01175	0.00193454
1722	1646	1.01175	0.00193454
1722	1647	1.01175	0.00193454
1722	1648	1.01175	0.00193454
1722	1649	1.01175	0.00193454
1722	1650	1.01175	0.00193454
1722	1651	1.01175	0.00193454
1722	1652	1.01175	0.00193454
1722	1653	1.01175	0.00193454
1722	1654	1.01175	0.00193454
1722	1655	1.01175	0.00193454
1722	1656	1.01175	0.00193454
1722	1657	1.01175	0.00193454
1722	1658	1.01175	0.00193454
1722	1659	1.01175	0.00193454
1722	1660	1.01175	0.00193454
1722	1661	1.01175	0.00193454
1722	1662	1.01175	0.00193454
1722	1663	1.01175	0.00193454
1722	1664	1.01175	0.00193454
1722	1665	1.01175	0.00193454
1722	1666	1.01175	0.00193454
1722	1667	1.01175	0.00193454
1722	1668	1.01175	0.00193454
1722	1669	1.01175	0.00193454
1722	1670	1.01175	0.00193454
1722	1671	1.01175	0.00193454
1722	1672	1.01175	0.00193454
1722	1673	1.01175	0.00193454
1722	1674	1.01175	0.00193454
1722	1675	1.01175	0.00193454
1722	1676	1.01175	0.00193454
1722	1677	1.01175	0.00193454
1722	1678	1.01175	0.00193454
1722	1679	1.01175	0.00193454
1722	1680	1.01175	0.00193454
1722	1681	1.01175	0.00193454
1722	1682	1.01175	0.00193454
1722	1683	1.01175	0.00193454
1722	1684	1.01175	0.00193454
1722	1685	1.01175	0.00193454
1722	1686	1.01175	0.00193454
1722	1687	1.01175	0.00193454
1722	1688	1.01175	0.00193454
1722	1689	1.01175	0.00193454
1722	1690	1.01175	0.00193454
1722	1691	1.01175	0.00193454
1722	1692	1.01175	0.00193454
1722	1693	1.01175	0.00193454
1722	1694	1.01175	0.00193454
1722	1695	1.01175	0.00193454
1722	1696	1.01175	0.00193454
1722	1697	1.01175	0.00193454
1722	1698	1.01175	0.00193454
1722	1699	1.01175	0.00193454
1722	1700	1.01175	0.00193454
1722	1701	1.01175	0.00193454
1722	1702	1.01175	0.00193454
1722	1703	1.01175	0.00193454
1722	1704	1.01175	0.00193454
1722	1705	1.01175	0.00193454
1722	1706	1.01175	0.00193454
1722	1707	1.01175	0.00193454
1722	1708	1.01175	0.00193454
1722	1709	1.01175	0.00193454
1722	1710	1.01175	0.00193454
1722	1711	1.01175	0.00193454
1722	1712	1.01175	0.00193454
1722	1713	1.01175	0.00193454
1722	1714	1.01175	0.00193454
1722	1715	1.01175	0.00193454
1722	1716	1.01175	0.00193454
1722	1717	1.01175	0.00193454
1722	1718	1.01175	0.00193454
1722	1719	1.01175	0.00193454
1722	1720	1.01175	0.00193454
1722	1721	1.01175	0.00193454
1722	1722	1.01175	0.00193454
1722	1723	1.01175	0.00193454
1722	1724	1.01175	0.00193454
1722	1725	1.01175	0.00193454
1722	1726	1.01175	0.00193454
1722	1727	1.01175	0.00193454
1722	1728	1.01175	0.00193454
1722	1729	1.01175	0.00193454
1722	1730	1.01175	0.00193454
1722	1731	1.01175	0.00193454
1722	1732	1.01175	0.00193454
1722	1733	1.01175	0.00193454
1722	1734	1.01175	0.00193454
1722	1735	1.01175	0.00193454
1722	1736	1.01175	0.00193454
1722	1737	1.01175	0.00193454
1722	1738	1.01175	0.00193454
1722	1739	1.01175	0.00193454
1722	1740	1.01175	0.00193454
1722	1741	1.01175	0.00193454
1722	1742	1.01175	0.00193454
1722	1743	1.01175	0.00193454
1722	1744	1.01175	0.00193454
1722	1745	1.01175	0.00193454
1722	1746	1.01175	0.00193454
1722	1747	1.01175	0.00193454
1722	1748	1.01175	0.00193454
1722	1749	1.01175	0.00193454
1722	1750	1.01175	0.00193454
1722	1751	1.01175	0.00193454
1722	1752	1.01175	0.00193454
1722	1753	1.01175	0.00193454
1722	1754	1.01175	0.00193454
1722	1755	1.01175	0.00193454
1722	1756	1.01175	0.00193454
1722	1757	1.01175	0.00193454
1722	1758	1.01175	0.00193454
1722	1759	1.01175	0.00193454
1722	1760	1.01175	0.00193454
1722	1761	1.01175	0.00193454
1722	1762	1.01175	0.00193454
1722	1763	1.01175	0.00193454
1722	1764	1.01175	0.00193454
1722	1765	1.01175	0.00193454
1722	1766	1.01175	0.00193454
1722	1767	1.01175	0.00193454
1722	1768	1.01175	0.00193454
1722	1769	1.01175	0.00193454
1722	1770	1.01175	0.00193454
1722	1771	1.01175	0.00193454
1722	1772	1.01175	0.00193454
1722	1773	1.01175	0.00193454
1722	1774	1.01175	0.00193454
1722	1775	1.01175	0.00193454
1722	1776	1.01175	0.00193454
1722	1777	1.01175	0.00193454
1722	1778	1.01175	0.00193454
1722	1779	1.01175	0.00193454
1722	1780	1.01175	0.00193454
1722	1781	1.01175	0.00193454
1722	1782	1.01175	0.00193454
1722	1783	1.01175	0.00193454
1722	1784	1.01175	0.00193454
1722	1785	1.01175	0.00193454
1722	1786	1.01175	0.00193454
1722	1787	1.01175	0.00193454
1722	1788	1.01175	0.00193454
1722	1789	1.01175	0.00193454
1722	1790	1.01175	0.00193454
1722	1791	1.01175	0.00193454
1722	1792	1.01175	0.00193454
1722	1793	1.01175	0.00193454
1722	1794	1.01175	0.00193454
1722	1795	1.01175	0.00193454
1722	1796	1.01175	0.00193454
1722	1797	1.01175	0.00193454
1722	1798	1.01175	0.00193454
1722	1799	1.01175	0.00193454
1722	1800	1.01175	0.00193454
1722	1801	1.01175	0.00193454
1722	1802	1.01175	0.00193454
1722	1803	1.01175	0.00193454
1722	1804	1.01175	0.00193454
1722	1805	1.01175	0.00193454
1722	1806	1.01175	0.00193454
1722	1807	1.01175	0.00193454
1722	1808	1.01175	0.00193454
1722	1809	1.01175	0.00193454
1722	1810	1.01175	0.00193454
1722	1811	1.01175	0.00193454
1722	1812	1.01175	0.00193454
1722	1813	1.01175	0.00193454
1722	1814	1.01175	0.00193454
1722	1815	1.01175	0.00193454
1722	1816	1.01175	0.00193454
1722	1817	1.01175	0.00193454
1722	1818	1.01175	0.00193454
1722	1819	1.01175	0.00193454
1722	1820	1.01175	0.00193454
1722	1821	1.01175	0.00193454
1722	1822	1.01175	0.00193454
1722	1823	1.01175	0.00193454
1722	1824	1.01175	0.00193454
1722	1825	1.01175	0.00193454
1722	1826	1.01175	0.00193454
1722	1827	1.01175	0.00193454
1722	1828	1.01175	0.00193454
1722	1829	1.01175	0.00193454
1722	1830	1.01175	0.00193454
1722	1831	1.01175	0.00193454
1722	1832	1.01175	0.00193454
1722	1833	1.01175	0.00193454
1722	1834	1.01175	0.00193454
1722	1835	1.01175	0.00193454
1722	1836	1.01175	0.00193454
1722	1837	1.01175	0.00193454
1722	1838	1.01175	0.00193454
1722	1839	1.01175	0.00193454
1722	1840	1.01175	0.00193454
1722	1841	1.01175	0.00193454
1722	1842	1.01175	0.00193454
1722	1843	1.01175	0.00193454
1722	1844	1.01175	0.00193454
1722	1845	1.01175	0.00193454
1722	1846	1.01175	0.00193454
1722	1847	1.01175	0.00193454
1722	1848	1.01175	0.00193454
1722	1849	1.01175	0.00193454
1722	1850	1.01175	0.00193454
1722	1851	1.01175	0.00193454
1722	1852	1.01175	0.00193454
1722	1853	1.01175	0.00193454
1722	1854	1.01175	0.00193454
1722	1855	1.01175	0.00193454
1722	1856	1.01175	0.00193454
1722	1857	1.01175	0.00193454
1722	1858	1.01175	0.00193454
1722	1859	1.01175	0.00193454
1722	1860	1.01175	0.00193454
1722	1861	1.01175	0.00193454
1722	1862	1.01175	0.00193454
1722	1863	1.01175	0.00193454
1722	1864	1.01175	0.00193454
1722	1865	1.01175	0.00193454
1722	1866	1.01175	0.00193454
1722	1867	1.01175	0.00193454
1722	1868	1.01175	0.00193454
1722	1869	1.01175	0.00193454
1722	1870	1.01175	0.00193454
1722	1871	1.01175	0.00193454
1722	1872	1.01175	0.00193454
1722	1873	1.01175	0.00193454
1722	1874	1.01175	0.00193454
1722	1875	1.01175	0.00193454
1722	1876	1.01175	0.00193454
1722	1877	1.01175	0.00193454
1722	1878	1.01175	0.00193454
1722	1879	1.01175	0.00193454
1722	1880	1.01175	0.00193454
1722	1881	1.01175	0.00193454
1722	1882	1.01175	0.00193454
1722	1883	1.01175	0.00193454
1722	1884	1.01175	0.00193454
1722	1885	1.01175	0.00193454
1722	1886	1.01175	0.00193454
1722	1887	1.01175	0.00193454
1722	1888	1.01175	0.00193454
1722	1889	1.01175	0.00193454
1722	1890	1.01175	0.00193454
1722	1891	1.01175	0.00193454
1722	1892	1.01175	0.00193454
1722	1893	1.01175	0.00193454
1722	1894	1.01175	0.00193454
1722	1895	1.01175	0.00193454
1722	1896	1.01175	0.00193454
1722	1897	1.01175	0.00193454
1722	1898	1.01175	0.00193454
1722	1899	1.01175	0.00193454
1722	1900	1.01175	0.00193454
1722	1901	1.01175	0.00193454
1722	1902	1.01175	0.00193454
1722	1903	1.01175	0.00193454
1722	1904	1.01175	0.00193454
1722	1905	1.01175	0.00193454
1722	1906	1.01175	0.00193454
1722	1907	1.01175	0.00193454
1722	1908	1.01175	0.00193454
1722	1909	1.01175	0.00193454
1722	1910	1.01175	0.00193454
1722	1911	1.01175	0.00193454
1722	1912	1.01175	0.00193454
1722	1913	1.01175	0.00193454
1722	1914	1.01175	0.00193454
1722	1915	1.01175	0.00193454
1722	1916	1.01175	0.00193454
1722	1917	1.01175	0.00193454
1722	1918	1.01175	0.00193454
1722	1919	1.01175	0.00193454
1722	1920	1.01175	0.00193454
1722	1921	1.01175	0.00193454
1722	1922	1.01175	0.00193454
1722	1923	1.01175	0.00193454
1722	1924	1.01175	0.00193454
1722	1925	1.01175	0.00193454
1722	1926	1.01175	0.00193454
1722	1927	1.01175	0.00193454
1722	1928	1.01175	0.00193454
1722	1929	1.01175	0.00193454
1722	1930	1.01175	0.00193454
1722	1931	1.01175	0.00193454
1722	1932	1.01175	0.00193454
1722	1933	1.01175	0.00193454
1722	1934	1.01175	0.00193454
1722	1935	1.01175	0.00193454
1722	1936	1.01175	0.00193454
1722	1937	1.01175	0.00193454
1722	1938	1.01175	0.00193454
1722	1939	1.01175	0.00193454
1722	1940	1.01175	0.00193454
1722	1941	1.01175	0.00193454
1722	1942	1.01175	0.00193454
1722	1943	1.01175	0.00193454
1722	1944	1.01175	0.00193454
1722	1945	1.01175	0.00193454
1722	1946	1.01175	0.00193454
1722	1947	1.01175	0.00193454
1722	1948	1.01175	0.00193454
1722	1949	1.01175	0.00193454
1722	1950	1.01175	0.00193454
1722	1951	1.01175	0.00193454
1722	1952	1.01175	0.00193454
1722	1953	1.01175	0.00193454
1722	1954	1.01175	0.00193454
1722	1955	1.01175	0.00193454
1722	1956	1.01175	0.00193454
1722	1957	1.01175	0.00193454
1722	1958	1.01175	0.00193454
1722	1959	1.01175	0.00193454
1722	1960	1.01175	0.00193454
1722	1961	1.01175	0.00193454
1722	1962	1.01175	0.00193454
1722	1963	1.01175	0.00193454
1722	1964	1.01175	0.00193454
1722	1965	1.01175	0.00193454
1722	1966	1.01175	0.00193454
1722	1967	1.01175	0.00193454
1722	1968	1.01175	0.00193454
1722	1969	1.01175	0.00193454
1722	1970	1.01175	0.00193454
1722	1971	1.01175	0.00193454
1722	1972	1.01175	0.00193454
1722	1973	1.01175	0.00193454
1722	1974	1.01175	0.00193454
1722	1975	1.01175	0.00193454
1722	1976	1.01175	0.00193454
1722	1977	1.01175	0.00193454
1722	1978	1.01175	0.00193454
1722	1979	1.01175	0.00193454
1722	1980	1.01175	0.00193454
1722	1981	1.01175	0.00193454
1722	1982	1.01175	0.00193454
1722	1983	1.01175	0.00193454
1722	1984	1.01175	0.00193454
1722	1985	1.01175	0.00193454
1722	1986	1.01175	0.00193454
1722	1987	1.01175	0.00193454
1722	1988	1.01175	0.00193454
1722	1989	1.01175	0.00193454
1722	1990	1.01175	0.00193454
1722	1991	1.01175	0.00193454
1722	1992	1.01175	0.00193454
1722	1993	1.01175	0.00193454
1722	1994	1.01175	0.00193454
1722	1995	1.01175	0.00193454
1722	1996	1.01175	0.00193454
1722	1997	1.01175	0.00193454
1722	1998	1.01175	0.00193454
1722	1999	1.01175	0.00193454
1722	2000	1.01175	0.00193454
1722	2001	1.01175	0.00193454
1722	2002	1.01175	0.00193454
1722	2003	1.01175	0.00193454
1722	2004	1.01175	0.00193454
1722	2005	1.01175	0.00193454
1722	2006	1.01175	0.00193454
1722	2007	1.01175	0.00193454
1722	2008	1.01175	0.00193454
1722	2009	1.01175	0.00193454
1722	2010	1.01175	0.00193454
1722	2011	1.01175	0.00193454
1722	2012	1.01175	0.00193454
1722	2013	1.01175	0.00193454
1722	2014	1.01175	0.00193454
1722	2015	1.01175	0.00193454
1722	2016	1.01175	0.00193454
1722	2017	1.01175	0.00193454
1722	2018	1.01175	0.00193454
1722	2019	1.01175	0.00193454
1722	2020	1.01175	0.00193454
1722	2021	1.01175	0.00193454
1722	2022	1.01175	0.00193454
1722	2023	1.01175	0.00193454
1722	2024	1.01175	0.00193454
1722	2025	1.01175	0.00193454
1722	2026	1.01175	0.00193454
1722	2027	1.01175	0.00193454
1722	2028	1.01175	0.00193454
1722	2029	1.01175	0.00193454
1722	2030	1.01175	0.00193454
1722	2031	1.01175	0.00193454
1722	2032	1.01175	0.00193454
1722	2033	1.01175	0.00193454
1722	2034	1.01175	0.00193454
1722	2035	1.01175	0.00193454
1722	2036	1.01175	0.00193454
1722	2037	1.01175	0.00193454
1722	2038	1.01175	0.00193454
1722	2039	1.01175	0.00193454
1722	2040	1.01175	0.00193454
1722	2041	1.01175	0.00193454
1722	2042	1.01175	0.00193454
1722	2043	1.01175	0.00193454
1722	2044	1.01175	0.00193454
1722	2045	1.01175	0.00193454
1722	2046	1.01175	0.00193454
1722	2047	1.01175	0.00193454
1722	2048	1.01175	0.00193454
1722	2049	1.01175	0.00193454
1722	2050	1.01175	0.00193454
1722	2051	1.01175	0.00193454
1722	2052	1.01175	0.00193454
1722	2053	1.01175	0.00193454
1722	2054	1.01175	0.00193454
1722	2055	1.01175	0.00193454
1722	2056	1.01175	0.00193454
1722	2057	1.01175	0.00193454
1722	2058	1.01175	0.00193454
1722	2059	1.01175	0.00193454
1722	2060	1.01175	0.00193454
1722	2061	1.01175	0.00193454
1722	2062	1.01175	0.00193454
1722	2063	1.01175	0.00193454
1722	2064	1.01175	0.00193454
1722	2065	1.01175	0.00193454
1722	2066	1.01175	0.00193454
1722	2067	1.01175	0.00193454
1722	2068	1.01175	0.00193454
1722	2069	1.01175	0.00193454
1722	2070	1.01175	0.00193454
1722	2071	1.01175	0.00193454
1722	2072	1.01175	0.00193454
1722	2073	1.01175	0.00193454
1722	2074	1.01175	0.00193454
1722	2075	1.01175	0.00193454
1722	2076	1.01175	0.00193454
1722	2077	1.01175	0.00193454
1722	2078	1.01175	0.00193454
1722	2079	1.01175	0.00193454
1722	2080	1.01175	0.00193454
1722	2081	1.01175	0.00193454
1722	2082	1.01175	0.00193454
1722	2083	1.01175	0.00193454
1722	2084	1.01175	0.00193454
1722	2085	1.01175	0.00193454
1722	2086	1.01175	0.00193454
1722	2087	1.01175	0.00193454
1722	2088	1.01175	0.00193454
1722	2089	1.01175	0.00193454
1722	2090	1.01175	0.00193454
1722	2091	1.01175	0.00193454
1722	2092	1.01175	0.00193454
1722	2093	1.01175	0.00193454
1722	2094	1.01175	0.00193454
1722	2095	1.01175	0.00193454
1722	2096	1.01175	0.00193454
1722	2097	1.01175	0.00193454
1722	2098	1.01175	0.00193454
1722	2099	1.01175	0.00193454
1722	2100	1.01175	0.00193454
1722	2101	1.01175	0.00193454
1722	2102	1.01175	0.00193454
1722	2103	1.01175	0.00193454
1722	2104	1.01175	0.00193454
1722	2105	1.01175	0.00193454
1722	2106	1.01175	0.00193454
1722	2107	1.01175	0.00193454
1722	2108	1.01175	0.00193454
1722	2109	1.01175	0.00193454
1722	2110	1.01175	0.00193454
1722	2111	1.01175	0.00193454
1722	2112	1.01175	0.00193454
1722	2113	1.01175	0.00193454
1722	2114	1.01175	0.00193454
1722	2115	1.01175	0.00193454
1722	2116	1.01175	0.00193454
1722	2117	1.01175	0.00193454
1722	2118	1.01175	0.00193454
1722	2119	1.01175	0.00193454
1722	2120	1.01175	0.00193454
1722	2121	1.01175	0.00193454
1722	2122	1.01175	0.00193454
1722	2123	1.01175	0.00193454
1722	2124	1.01175	0.00193454
1722	2125	1.01175	0.00193454
1722	2126	1.01175	0.00193454
1722	2127	1.01175	0.00193454
1722	2128	1.01175	0.00193454
1722	2129	1.01175	0.00193454
1722	2130	1.01175	0.00193454
1722	2131	1.01175	0.00193454
1722	2132	1.01175	0.00193454
1722	2133	1.01175	0.00193454
1722	2134	1.01175	0.00193454
1722	2135	1.01175	0.00193454
1722	2136	1.01175	0.00193454
1722	2137	1.01175	0.00193454
1722	2138	1.01175	0.00193454
1722	2139	1.01175	0.00193454
1722	2140	1.01175	0.00193454
1722	2141	1.01175	0.00193454
1722	2142	1.01175	0.00193454
1722	2143	1.01175	0.00193454
1722	2144	1.01175	0.00193454
1722	2145	1.01175	0.00193454
1722	2146	1.01175	0.00193454
1722	2147	1.01175	0.00193454
1722	2148	1.01175	0.00193454
1722	2149	1.01175	0.00193454
1722	2150	1.01175	0.00193454
1722	2151	1.01175	0.00193454
1722	2152	1.01175	0.00193454
1722	2153	1.01175	0.00193454
1722	2154	1.01175	0.00193454
1722	2155	1.01175	0.00193454
1722	2156	1.01175	0.00193454
1722	2157	1.01175	0.00193454
1722	2158	1.01175	0.00193454
1722	2159	1.01175	0.00193454
1722	2160	1.01175	0.00193454
1722	2161	1.01175	0.00193454
1722	2162	1.01175	0.00193454
1722	2163	1.01175	0.00193454
1722	2164	1.01175	0.00193454
1722	2165	1.01175	0.00193454
1722	2166	1.01175	0.00193454
1722	2167	1.01175	0.00193454
1722	2168	1.01175	0.00193454
1722	2169	1.01175	0.00193454
1722	2170	1.01175	0.00193454
1722	2171	1.01175	0.00193454
1722	2172	1.01175	0.00193454
1722	2173	1.01175	0.00193454
1722	2174	1.01175	0.00193454
1722	2175	1.01175	0.00193454
1722	2176	1.01175	0.00193454
1722	2177	1.01175	0.00193454
1722	2178	1.01175	0.00193454
1722	2179	1.01175	0.00193454
1722	2180	1.01175	0.00193454
1722	2181	1.01175	0.00193454
1722	2182	1.01175	0.00193454
1722	2183	1.01175	0.00193454
1722	2184	1.01175	0.00193454
1722	2185	1.01175	0.00193454
1722	2186	1.01175	0.00193454
1722	2187	1.01175	0.00193454
1722	2188	1.01175	0.00193454
1722	2189	1.01175	0.00193454
1722	2190	1.01175	0.00193454
1722	2191	1.01175	0.00193454
1722	2192	1.01175	0.00193454
1722	2193	1.01175	0.00193454
1722	2194	1.01175	0.00193454
1722	2195	1.01175	0.00193454
1722	2196	1.01175	0.00193454
1722	2197	1.01175	0.00193454
1722	2198	1.01175	0.00193454
1722	2199	1.01175	0.00193454
1722	2200	1.01175	0.00193454
1722	2201	1.01175	0.00193454
1722	2202	1.01175	0.00193454
1722	2203	1.01175	0.00193454
1722	2204	1.01175	0.00193454
1722	2205	1.01175	0.00193454
1722	2206	1.01175	0.00193454
1722	2207	1.01175	0.00193454
1722	2208	1.01175	0.00193454
1722	2209	1.01175	0.00193454
1722	2210	1.01175	0.00193454
1722	2211	1.01175	0.00193454
1722	2212	1.01175	0.00193454
1722	2213	1.01175	0.00193454
1722	2214	1.01175	0.00193454
1722	2215	1.01175	0.00193454
1722	2216	1.01175	0.00193454
1722	2217	1.01175	0.00193454
1722	2218	1.01175	0.00193454
1722	2219	1.01175	0.00193454
1722	2220	1.01175	0.00193454
1722	2221	1.01175	0.00193454
1722	2222	1.01175	0.00193454
1722	2223	1.01175	0.00193454
1722	2224	1.01175	0.00193454
1722	2225	1.01175	0.00193454
1722	2226	1.01175	0.00193454
1722	2227	1.01175	0.00193454
1722	2228	1.01175	0.00193454
1722	2229	1.01175	0.00193454
1722	2230	1.01175	0.00193454
1722	2231	1.01175	0.00193454
1722	2232	1.01175	0.00193454
1722	2233	1.01175	0.00193454
1722	2234	1.01175	0.00193454
1722	2235	1.01175	0.00193454
1722	2236	1.01175	0.00193454
1722	2237	1.01175	0.00193454
1722	2238	1.01175	0.00193454
1722	2239	1.01175	0.00193454
1722	2240	1.01175	0.00193454
1722	2241	1.01175	0.00193454
