1874	0	1.02495	0.00198269
1874	1	1.02495	0.00198269
1874	2	1.02495	0.00198269
1874	3	1.02495	0.00198269
1874	4	1.02495	0.00198269
1874	5	1.02495	0.00198269
1874	6	1.02495	0.00198269
1874	7	1.02495	0.00198269
1874	8	1.02495	0.00198269
1874	9	1.02495	0.00198269
1874	10	1.02495	0.00198269
1874	11	1.02495	0.00198269
1874	12	1.02495	0.00198269
1874	13	1.02495	0.00198269
1874	14	1.02495	0.00198269
1874	15	1.02495	0.00198269
1874	16	1.02495	0.00198269
1874	17	1.02495	0.00198269
1874	18	1.02495	0.00198269
1874	19	1.02495	0.00198269
1874	20	1.02495	0.00198269
1874	21	1.02495	0.00198269
1874	22	1.02495	0.00198269
1874	23	1.02495	0.00198269
1874	24	1.02495	0.00198269
1874	25	1.02495	0.00198269
1874	26	1.02495	0.00198269
1874	27	1.02495	0.00198269
1874	28	1.02495	0.00198269
1874	29	1.02495	0.00198269
1874	30	1.02495	0.00198269
1874	31	1.02495	0.00198269
1874	32	1.02495	0.00198269
1874	33	1.02495	0.00198269
1874	34	1.02495	0.00198269
1874	35	1.02495	0.00198269
1874	36	1.02495	0.00198269
1874	37	1.02495	0.00198269
1874	38	1.02495	0.00198269
1874	39	1.02495	0.00198269
1874	40	1.02495	0.00198269
1874	41	1.02495	0.00198269
1874	42	1.02495	0.00198269
1874	43	1.02495	0.00198269
1874	44	1.02495	0.00198269
1874	45	1.02495	0.00198269
1874	46	1.02495	0.00198269
1874	47	1.02495	0.00198269
1874	48	1.02495	0.00198269
1874	49	1.02495	0.00198269
1874	50	1.02495	0.00198269
1874	51	1.02495	0.00198269
1874	52	1.02495	0.00198269
1874	53	1.02495	0.00198269
1874	54	1.02495	0.00198269
1874	55	1.02495	0.00198269
1874	56	1.02495	0.00198269
1874	57	1.02495	0.00198269
1874	58	1.02495	0.00198269
1874	59	1.02495	0.00198269
1874	60	1.02495	0.00198269
1874	61	1.02495	0.00198269
1874	62	1.02495	0.00198269
1874	63	1.02495	0.00198269
1874	64	1.02495	0.00198269
1874	65	1.02495	0.00198269
1874	66	1.02495	0.00198269
1874	67	1.02495	0.00198269
1874	68	1.02495	0.00198269
1874	69	1.02495	0.00198269
1874	70	1.02495	0.00198269
1874	71	1.02495	0.00198269
1874	72	1.02495	0.00198269
1874	73	1.02495	0.00198269
1874	74	1.02495	0.00198269
1874	75	1.02495	0.00198269
1874	76	1.02495	0.00198269
1874	77	1.02495	0.00198269
1874	78	1.02495	0.00198269
1874	79	1.02495	0.00198269
1874	80	1.02495	0.00198269
1874	81	1.02495	0.00198269
1874	82	1.02495	0.00198269
1874	83	1.02495	0.00198269
1874	84	1.02495	0.00198269
1874	85	1.02495	0.00198269
1874	86	1.02495	0.00198269
1874	87	1.02495	0.00198269
1874	88	1.02495	0.00198269
1874	89	1.02495	0.00198269
1874	90	1.02495	0.00198269
1874	91	1.02495	0.00198269
1874	92	1.02495	0.00198269
1874	93	1.02495	0.00198269
1874	94	1.02495	0.00198269
1874	95	1.02495	0.00198269
1874	96	1.02495	0.00198269
1874	97	1.02495	0.00198269
1874	98	1.02495	0.00198269
1874	99	1.02495	0.00198269
1874	100	1.02495	0.00198269
1874	101	1.02495	0.00198269
1874	102	1.02495	0.00198269
1874	103	1.02495	0.00198269
1874	104	1.02495	0.00198269
1874	105	1.02495	0.00198269
1874	106	1.02495	0.00198269
1874	107	1.02495	0.00198269
1874	108	1.02495	0.00198269
1874	109	1.02495	0.00198269
1874	110	1.02495	0.00198269
1874	111	1.02495	0.00198269
1874	112	1.02495	0.00198269
1874	113	1.02495	0.00198269
1874	114	1.02495	0.00198269
1874	115	1.02495	0.00198269
1874	116	1.02495	0.00198269
1874	117	1.02495	0.00198269
1874	118	1.02495	0.00198269
1874	119	1.02495	0.00198269
1874	120	1.02495	0.00198269
1874	121	1.02495	0.00198269
1874	122	1.02495	0.00198269
1874	123	1.02495	0.00198269
1874	124	1.02495	0.00198269
1874	125	1.02495	0.00198269
1874	126	1.02495	0.00198269
1874	127	1.02495	0.00198269
1874	128	1.02495	0.00198269
1874	129	1.02495	0.00198269
1874	130	1.02495	0.00198269
1874	131	1.02495	0.00198269
1874	132	1.02495	0.00198269
1874	133	1.02495	0.00198269
1874	134	1.02495	0.00198269
1874	135	1.02495	0.00198269
1874	136	1.02495	0.00198269
1874	137	1.02495	0.00198269
1874	138	1.02495	0.00198269
1874	139	1.02495	0.00198269
1874	140	1.02495	0.00198269
1874	141	1.02495	0.00198269
1874	142	1.02495	0.00198269
1874	143	1.02495	0.00198269
1874	144	1.02495	0.00198269
1874	145	1.02495	0.00198269
1874	146	1.02495	0.00198269
1874	147	1.02495	0.00198269
1874	148	1.02495	0.00198269
1874	149	1.02495	0.00198269
1874	150	1.02495	0.00198269
1874	151	1.02495	0.00198269
1874	152	1.02495	0.00198269
1874	153	1.02495	0.00198269
1874	154	1.02495	0.00198269
1874	155	1.02495	0.00198269
1874	156	1.02495	0.00198269
1874	157	1.02495	0.00198269
1874	158	1.02495	0.00198269
1874	159	1.02495	0.00198269
1874	160	1.02495	0.00198269
1874	161	1.02495	0.00198269
1874	162	1.02495	0.00198269
1874	163	1.02495	0.00198269
1874	164	1.02495	0.00198269
1874	165	1.02495	0.00198269
1874	166	1.02495	0.00198269
1874	167	1.02495	0.00198269
1874	168	1.02495	0.00198269
1874	169	1.02495	0.00198269
1874	170	1.02495	0.00198269
1874	171	1.02495	0.00198269
1874	172	1.02495	0.00198269
1874	173	1.02495	0.00198269
1874	174	1.02495	0.00198269
1874	175	1.02495	0.00198269
1874	176	1.02495	0.00198269
1874	177	1.02495	0.00198269
1874	178	1.02495	0.00198269
1874	179	1.02495	0.00198269
1874	180	1.02495	0.00198269
1874	181	1.02495	0.00198269
1874	182	1.02495	0.00198269
1874	183	1.02495	0.00198269
1874	184	1.02495	0.00198269
1874	185	1.02495	0.00198269
1874	186	1.02495	0.00198269
1874	187	1.02495	0.00198269
1874	188	1.02495	0.00198269
1874	189	1.02495	0.00198269
1874	190	1.02495	0.00198269
1874	191	1.02495	0.00198269
1874	192	1.02495	0.00198269
1874	193	1.02495	0.00198269
1874	194	1.02495	0.00198269
1874	195	1.02495	0.00198269
1874	196	1.02495	0.00198269
1874	197	1.02495	0.00198269
1874	198	1.02495	0.00198269
1874	199	1.02495	0.00198269
1874	200	1.02495	0.00198269
1874	201	1.02495	0.00198269
1874	202	1.02495	0.00198269
1874	203	1.02495	0.00198269
1874	204	1.02495	0.00198269
1874	205	1.02495	0.00198269
1874	206	1.02495	0.00198269
1874	207	1.02495	0.00198269
1874	208	1.02495	0.00198269
1874	209	1.02495	0.00198269
1874	210	1.02495	0.00198269
1874	211	1.02495	0.00198269
1874	212	1.02495	0.00198269
1874	213	1.02495	0.00198269
1874	214	1.02495	0.00198269
1874	215	1.02495	0.00198269
1874	216	1.02495	0.00198269
1874	217	1.02495	0.00198269
1874	218	1.02495	0.00198269
1874	219	1.02495	0.00198269
1874	220	1.02495	0.00198269
1874	221	1.02495	0.00198269
1874	222	1.02495	0.00198269
1874	223	1.02495	0.00198269
1874	224	1.02495	0.00198269
1874	225	1.02495	0.00198269
1874	226	1.02495	0.00198269
1874	227	1.02495	0.00198269
1874	228	1.02495	0.00198269
1874	229	1.02495	0.00198269
1874	230	1.02495	0.00198269
1874	231	1.02495	0.00198269
1874	232	1.02495	0.00198269
1874	233	1.02495	0.00198269
1874	234	1.02495	0.00198269
1874	235	1.02495	0.00198269
1874	236	1.02495	0.00198269
1874	237	1.02495	0.00198269
1874	238	1.02495	0.00198269
1874	239	1.02495	0.00198269
1874	240	1.02495	0.00198269
1874	241	1.02495	0.00198269
1874	242	1.02495	0.00198269
1874	243	1.02495	0.00198269
1874	244	1.02495	0.00198269
1874	245	1.02495	0.00198269
1874	246	1.02495	0.00198269
1874	247	1.02495	0.00198269
1874	248	1.02495	0.00198269
1874	249	1.02495	0.00198269
1874	250	1.02495	0.00198269
1874	251	1.02495	0.00198269
1874	252	1.02495	0.00198269
1874	253	1.02495	0.00198269
1874	254	1.02495	0.00198269
1874	255	1.02495	0.00198269
1874	256	1.02495	0.00198269
1874	257	1.02495	0.00198269
1874	258	1.02495	0.00198269
1874	259	1.02495	0.00198269
1874	260	1.02495	0.00198269
1874	261	1.02495	0.00198269
1874	262	1.02495	0.00198269
1874	263	1.02495	0.00198269
1874	264	1.02495	0.00198269
1874	265	1.02495	0.00198269
1874	266	1.02495	0.00198269
1874	267	1.02495	0.00198269
1874	268	1.02495	0.00198269
1874	269	1.02495	0.00198269
1874	270	1.02495	0.00198269
1874	271	1.02495	0.00198269
1874	272	1.02495	0.00198269
1874	273	1.02495	0.00198269
1874	274	1.02495	0.00198269
1874	275	1.02495	0.00198269
1874	276	1.02495	0.00198269
1874	277	1.02495	0.00198269
1874	278	1.02495	0.00198269
1874	279	1.02495	0.00198269
1874	280	1.02495	0.00198269
1874	281	1.02495	0.00198269
1874	282	1.02495	0.00198269
1874	283	1.02495	0.00198269
1874	284	1.02495	0.00198269
1874	285	1.02495	0.00198269
1874	286	1.02495	0.00198269
1874	287	1.02495	0.00198269
1874	288	1.02495	0.00198269
1874	289	1.02495	0.00198269
1874	290	1.02495	0.00198269
1874	291	1.02495	0.00198269
1874	292	1.02495	0.00198269
1874	293	1.02495	0.00198269
1874	294	1.02495	0.00198269
1874	295	1.02495	0.00198269
1874	296	1.02495	0.00198269
1874	297	1.02495	0.00198269
1874	298	1.02495	0.00198269
1874	299	1.02495	0.00198269
1874	300	1.02495	0.00198269
1874	301	1.02495	0.00198269
1874	302	1.02495	0.00198269
1874	303	1.02495	0.00198269
1874	304	1.02495	0.00198269
1874	305	1.02495	0.00198269
1874	306	1.02495	0.00198269
1874	307	1.02495	0.00198269
1874	308	1.02495	0.00198269
1874	309	1.02495	0.00198269
1874	310	1.02495	0.00198269
1874	311	1.02495	0.00198269
1874	312	1.02495	0.00198269
1874	313	1.02495	0.00198269
1874	314	1.02495	0.00198269
1874	315	1.02495	0.00198269
1874	316	1.02495	0.00198269
1874	317	1.02495	0.00198269
1874	318	1.02495	0.00198269
1874	319	1.02495	0.00198269
1874	320	1.02495	0.00198269
1874	321	1.02495	0.00198269
1874	322	1.02495	0.00198269
1874	323	1.02495	0.00198269
1874	324	1.02495	0.00198269
1874	325	1.02495	0.00198269
1874	326	1.02495	0.00198269
1874	327	1.02495	0.00198269
1874	328	1.02495	0.00198269
1874	329	1.02495	0.00198269
1874	330	1.02495	0.00198269
1874	331	1.02495	0.00198269
1874	332	1.02495	0.00198269
1874	333	1.02495	0.00198269
1874	334	1.02495	0.00198269
1874	335	1.02495	0.00198269
1874	336	1.02495	0.00198269
1874	337	1.02495	0.00198269
1874	338	1.02495	0.00198269
1874	339	1.02495	0.00198269
1874	340	1.02495	0.00198269
1874	341	1.02495	0.00198269
1874	342	1.02495	0.00198269
1874	343	1.02495	0.00198269
1874	344	1.02495	0.00198269
1874	345	1.02495	0.00198269
1874	346	1.02495	0.00198269
1874	347	1.02495	0.00198269
1874	348	1.02495	0.00198269
1874	349	1.02495	0.00198269
1874	350	1.02495	0.00198269
1874	351	1.02495	0.00198269
1874	352	1.02495	0.00198269
1874	353	1.02495	0.00198269
1874	354	1.02495	0.00198269
1874	355	1.02495	0.00198269
1874	356	1.02495	0.00198269
1874	357	1.02495	0.00198269
1874	358	1.02495	0.00198269
1874	359	1.02495	0.00198269
1874	360	1.02495	0.00198269
1874	361	1.02495	0.00198269
1874	362	1.02495	0.00198269
1874	363	1.02495	0.00198269
1874	364	1.02495	0.00198269
1874	365	1.02495	0.00198269
1874	366	1.02495	0.00198269
1874	367	1.02495	0.00198269
1874	368	1.02495	0.00198269
1874	369	1.02495	0.00198269
1874	370	1.02495	0.00198269
1874	371	1.02495	0.00198269
1874	372	1.02495	0.00198269
1874	373	1.02495	0.00198269
1874	374	1.02495	0.00198269
1874	375	1.02495	0.00198269
1874	376	1.02495	0.00198269
1874	377	1.02495	0.00198269
1874	378	1.02495	0.00198269
1874	379	1.02495	0.00198269
1874	380	1.02495	0.00198269
1874	381	1.02495	0.00198269
1874	382	1.02495	0.00198269
1874	383	1.02495	0.00198269
1874	384	1.02495	0.00198269
1874	385	1.02495	0.00198269
1874	386	1.02495	0.00198269
1874	387	1.02495	0.00198269
1874	388	1.02495	0.00198269
1874	389	1.02495	0.00198269
1874	390	1.02495	0.00198269
1874	391	1.02495	0.00198269
1874	392	1.02495	0.00198269
1874	393	1.02495	0.00198269
1874	394	1.02495	0.00198269
1874	395	1.02495	0.00198269
1874	396	1.02495	0.00198269
1874	397	1.02495	0.00198269
1874	398	1.02495	0.00198269
1874	399	1.02495	0.00198269
1874	400	1.02495	0.00198269
1874	401	1.02495	0.00198269
1874	402	1.02495	0.00198269
1874	403	1.02495	0.00198269
1874	404	1.02495	0.00198269
1874	405	1.02495	0.00198269
1874	406	1.02495	0.00198269
1874	407	1.02495	0.00198269
1874	408	1.02495	0.00198269
1874	409	1.02495	0.00198269
1874	410	1.02495	0.00198269
1874	411	1.02495	0.00198269
1874	412	1.02495	0.00198269
1874	413	1.02495	0.00198269
1874	414	1.02495	0.00198269
1874	415	1.02495	0.00198269
1874	416	1.02495	0.00198269
1874	417	1.02495	0.00198269
1874	418	1.02495	0.00198269
1874	419	1.02495	0.00198269
1874	420	1.02495	0.00198269
1874	421	1.02495	0.00198269
1874	422	1.02495	0.00198269
1874	423	1.02495	0.00198269
1874	424	1.02495	0.00198269
1874	425	1.02495	0.00198269
1874	426	1.02495	0.00198269
1874	427	1.02495	0.00198269
1874	428	1.02495	0.00198269
1874	429	1.02495	0.00198269
1874	430	1.02495	0.00198269
1874	431	1.02495	0.00198269
1874	432	1.02495	0.00198269
1874	433	1.02495	0.00198269
1874	434	1.02495	0.00198269
1874	435	1.02495	0.00198269
1874	436	1.02495	0.00198269
1874	437	1.02495	0.00198269
1874	438	1.02495	0.00198269
1874	439	1.02495	0.00198269
1874	440	1.02495	0.00198269
1874	441	1.02495	0.00198269
1874	442	1.02495	0.00198269
1874	443	1.02495	0.00198269
1874	444	1.02495	0.00198269
1874	445	1.02495	0.00198269
1874	446	1.02495	0.00198269
1874	447	1.02495	0.00198269
1874	448	1.02495	0.00198269
1874	449	1.02495	0.00198269
1874	450	1.02495	0.00198269
1874	451	1.02495	0.00198269
1874	452	1.02495	0.00198269
1874	453	1.02495	0.00198269
1874	454	1.02495	0.00198269
1874	455	1.02495	0.00198269
1874	456	1.02495	0.00198269
1874	457	1.02495	0.00198269
1874	458	1.02495	0.00198269
1874	459	1.02495	0.00198269
1874	460	1.02495	0.00198269
1874	461	1.02495	0.00198269
1874	462	1.02495	0.00198269
1874	463	1.02495	0.00198269
1874	464	1.02495	0.00198269
1874	465	1.02495	0.00198269
1874	466	1.02495	0.00198269
1874	467	1.02495	0.00198269
1874	468	1.02495	0.00198269
1874	469	1.02495	0.00198269
1874	470	1.02495	0.00198269
1874	471	1.02495	0.00198269
1874	472	1.02495	0.00198269
1874	473	1.02495	0.00198269
1874	474	1.02495	0.00198269
1874	475	1.02495	0.00198269
1874	476	1.02495	0.00198269
1874	477	1.02495	0.00198269
1874	478	1.02495	0.00198269
1874	479	1.02495	0.00198269
1874	480	1.02495	0.00198269
1874	481	1.02495	0.00198269
1874	482	1.02495	0.00198269
1874	483	1.02495	0.00198269
1874	484	1.02495	0.00198269
1874	485	1.02495	0.00198269
1874	486	1.02495	0.00198269
1874	487	1.02495	0.00198269
1874	488	1.02495	0.00198269
1874	489	1.02495	0.00198269
1874	490	1.02495	0.00198269
1874	491	1.02495	0.00198269
1874	492	1.02495	0.00198269
1874	493	1.02495	0.00198269
1874	494	1.02495	0.00198269
1874	495	1.02495	0.00198269
1874	496	1.02495	0.00198269
1874	497	1.02495	0.00198269
1874	498	1.02495	0.00198269
1874	499	1.02495	0.00198269
1874	500	1.02495	0.00198269
1874	501	1.02495	0.00198269
1874	502	1.02495	0.00198269
1874	503	1.02495	0.00198269
1874	504	1.02495	0.00198269
1874	505	1.02495	0.00198269
1874	506	1.02495	0.00198269
1874	507	1.02495	0.00198269
1874	508	1.02495	0.00198269
1874	509	1.02495	0.00198269
1874	510	1.02495	0.00198269
1874	511	1.02495	0.00198269
1874	512	1.02495	0.00198269
1874	513	1.02495	0.00198269
1874	514	1.02495	0.00198269
1874	515	1.02495	0.00198269
1874	516	1.02495	0.00198269
1874	517	1.02495	0.00198269
1874	518	1.02495	0.00198269
1874	519	1.02495	0.00198269
1874	520	1.02495	0.00198269
1874	521	1.02495	0.00198269
1874	522	1.02495	0.00198269
1874	523	1.02495	0.00198269
1874	524	1.02495	0.00198269
1874	525	1.02495	0.00198269
1874	526	1.02495	0.00198269
1874	527	1.02495	0.00198269
1874	528	1.02495	0.00198269
1874	529	1.02495	0.00198269
1874	530	1.02495	0.00198269
1874	531	1.02495	0.00198269
1874	532	1.02495	0.00198269
1874	533	1.02495	0.00198269
1874	534	1.02495	0.00198269
1874	535	1.02495	0.00198269
1874	536	1.02495	0.00198269
1874	537	1.02495	0.00198269
1874	538	1.02495	0.00198269
1874	539	1.02495	0.00198269
1874	540	1.02495	0.00198269
1874	541	1.02495	0.00198269
1874	542	1.02495	0.00198269
1874	543	1.02495	0.00198269
1874	544	1.02495	0.00198269
1874	545	1.02495	0.00198269
1874	546	1.02495	0.00198269
1874	547	1.02495	0.00198269
1874	548	1.02495	0.00198269
1874	549	1.02495	0.00198269
1874	550	1.02495	0.00198269
1874	551	1.02495	0.00198269
1874	552	1.02495	0.00198269
1874	553	1.02495	0.00198269
1874	554	1.02495	0.00198269
1874	555	1.02495	0.00198269
1874	556	1.02495	0.00198269
1874	557	1.02495	0.00198269
1874	558	1.02495	0.00198269
1874	559	1.02495	0.00198269
1874	560	1.02495	0.00198269
1874	561	1.02495	0.00198269
1874	562	1.02495	0.00198269
1874	563	1.02495	0.00198269
1874	564	1.02495	0.00198269
1874	565	1.02495	0.00198269
1874	566	1.02495	0.00198269
1874	567	1.02495	0.00198269
1874	568	1.02495	0.00198269
1874	569	1.02495	0.00198269
1874	570	1.02495	0.00198269
1874	571	1.02495	0.00198269
1874	572	1.02495	0.00198269
1874	573	1.02495	0.00198269
1874	574	1.02495	0.00198269
1874	575	1.02495	0.00198269
1874	576	1.02495	0.00198269
1874	577	1.02495	0.00198269
1874	578	1.02495	0.00198269
1874	579	1.02495	0.00198269
1874	580	1.02495	0.00198269
1874	581	1.02495	0.00198269
1874	582	1.02495	0.00198269
1874	583	1.02495	0.00198269
1874	584	1.02495	0.00198269
1874	585	1.02495	0.00198269
1874	586	1.02495	0.00198269
1874	587	1.02495	0.00198269
1874	588	1.02495	0.00198269
1874	589	1.02495	0.00198269
1874	590	1.02495	0.00198269
1874	591	1.02495	0.00198269
1874	592	1.02495	0.00198269
1874	593	1.02495	0.00198269
1874	594	1.02495	0.00198269
1874	595	1.02495	0.00198269
1874	596	1.02495	0.00198269
1874	597	1.02495	0.00198269
1874	598	1.02495	0.00198269
1874	599	1.02495	0.00198269
1874	600	1.02495	0.00198269
1874	601	1.02495	0.00198269
1874	602	1.02495	0.00198269
1874	603	1.02495	0.00198269
1874	604	1.02495	0.00198269
1874	605	1.02495	0.00198269
1874	606	1.02495	0.00198269
1874	607	1.02495	0.00198269
1874	608	1.02495	0.00198269
1874	609	1.02495	0.00198269
1874	610	1.02495	0.00198269
1874	611	1.02495	0.00198269
1874	612	1.02495	0.00198269
1874	613	1.02495	0.00198269
1874	614	1.02495	0.00198269
1874	615	1.02495	0.00198269
1874	616	1.02495	0.00198269
1874	617	1.02495	0.00198269
1874	618	1.02495	0.00198269
1874	619	1.02495	0.00198269
1874	620	1.02495	0.00198269
1874	621	1.02495	0.00198269
1874	622	1.02495	0.00198269
1874	623	1.02495	0.00198269
1874	624	1.02495	0.00198269
1874	625	1.02495	0.00198269
1874	626	1.02495	0.00198269
1874	627	1.02495	0.00198269
1874	628	1.02495	0.00198269
1874	629	1.02495	0.00198269
1874	630	1.02495	0.00198269
1874	631	1.02495	0.00198269
1874	632	1.02495	0.00198269
1874	633	1.02495	0.00198269
1874	634	1.02495	0.00198269
1874	635	1.02495	0.00198269
1874	636	1.02495	0.00198269
1874	637	1.02495	0.00198269
1874	638	1.02495	0.00198269
1874	639	1.02495	0.00198269
1874	640	1.02495	0.00198269
1874	641	1.02495	0.00198269
1874	642	1.02495	0.00198269
1874	643	1.02495	0.00198269
1874	644	1.02495	0.00198269
1874	645	1.02495	0.00198269
1874	646	1.02495	0.00198269
1874	647	1.02495	0.00198269
1874	648	1.02495	0.00198269
1874	649	1.02495	0.00198269
1874	650	1.02495	0.00198269
1874	651	1.02495	0.00198269
1874	652	1.02495	0.00198269
1874	653	1.02495	0.00198269
1874	654	1.02495	0.00198269
1874	655	1.02495	0.00198269
1874	656	1.02495	0.00198269
1874	657	1.02495	0.00198269
1874	658	1.02495	0.00198269
1874	659	1.02495	0.00198269
1874	660	1.02495	0.00198269
1874	661	1.02495	0.00198269
1874	662	1.02495	0.00198269
1874	663	1.02495	0.00198269
1874	664	1.02495	0.00198269
1874	665	1.02495	0.00198269
1874	666	1.02495	0.00198269
1874	667	1.02495	0.00198269
1874	668	1.02495	0.00198269
1874	669	1.02495	0.00198269
1874	670	1.02495	0.00198269
1874	671	1.02495	0.00198269
1874	672	1.02495	0.00198269
1874	673	1.02495	0.00198269
1874	674	1.02495	0.00198269
1874	675	1.02495	0.00198269
1874	676	1.02495	0.00198269
1874	677	1.02495	0.00198269
1874	678	1.02495	0.00198269
1874	679	1.02495	0.00198269
1874	680	1.02495	0.00198269
1874	681	1.02495	0.00198269
1874	682	1.02495	0.00198269
1874	683	1.02495	0.00198269
1874	684	1.02495	0.00198269
1874	685	1.02495	0.00198269
1874	686	1.02495	0.00198269
1874	687	1.02495	0.00198269
1874	688	1.02495	0.00198269
1874	689	1.02495	0.00198269
1874	690	1.02495	0.00198269
1874	691	1.02495	0.00198269
1874	692	1.02495	0.00198269
1874	693	1.02495	0.00198269
1874	694	1.02495	0.00198269
1874	695	1.02495	0.00198269
1874	696	1.02495	0.00198269
1874	697	1.02495	0.00198269
1874	698	1.02495	0.00198269
1874	699	1.02495	0.00198269
1874	700	1.02495	0.00198269
1874	701	1.02495	0.00198269
1874	702	1.02495	0.00198269
1874	703	1.02495	0.00198269
1874	704	1.02495	0.00198269
1874	705	1.02495	0.00198269
1874	706	1.02495	0.00198269
1874	707	1.02495	0.00198269
1874	708	1.02495	0.00198269
1874	709	1.02495	0.00198269
1874	710	1.02495	0.00198269
1874	711	1.02495	0.00198269
1874	712	1.02495	0.00198269
1874	713	1.02495	0.00198269
1874	714	1.02495	0.00198269
1874	715	1.02495	0.00198269
1874	716	1.02495	0.00198269
1874	717	1.02495	0.00198269
1874	718	1.02495	0.00198269
1874	719	1.02495	0.00198269
1874	720	1.02495	0.00198269
1874	721	1.02495	0.00198269
1874	722	1.02495	0.00198269
1874	723	1.02495	0.00198269
1874	724	1.02495	0.00198269
1874	725	1.02495	0.00198269
1874	726	1.02495	0.00198269
1874	727	1.02495	0.00198269
1874	728	1.02495	0.00198269
1874	729	1.02495	0.00198269
1874	730	1.02495	0.00198269
1874	731	1.02495	0.00198269
1874	732	1.02495	0.00198269
1874	733	1.02495	0.00198269
1874	734	1.02495	0.00198269
1874	735	1.02495	0.00198269
1874	736	1.02495	0.00198269
1874	737	1.02495	0.00198269
1874	738	1.02495	0.00198269
1874	739	1.02495	0.00198269
1874	740	1.02495	0.00198269
1874	741	1.02495	0.00198269
1874	742	1.02495	0.00198269
1874	743	1.02495	0.00198269
1874	744	1.02495	0.00198269
1874	745	1.02495	0.00198269
1874	746	1.02495	0.00198269
1874	747	1.02495	0.00198269
1874	748	1.02495	0.00198269
1874	749	1.02495	0.00198269
1874	750	1.02495	0.00198269
1874	751	1.02495	0.00198269
1874	752	1.02495	0.00198269
1874	753	1.02495	0.00198269
1874	754	1.02495	0.00198269
1874	755	1.02495	0.00198269
1874	756	1.02495	0.00198269
1874	757	1.02495	0.00198269
1874	758	1.02495	0.00198269
1874	759	1.02495	0.00198269
1874	760	1.02495	0.00198269
1874	761	1.02495	0.00198269
1874	762	1.02495	0.00198269
1874	763	1.02495	0.00198269
1874	764	1.02495	0.00198269
1874	765	1.02495	0.00198269
1874	766	1.02495	0.00198269
1874	767	1.02495	0.00198269
1874	768	1.02495	0.00198269
1874	769	1.02495	0.00198269
1874	770	1.02495	0.00198269
1874	771	1.02495	0.00198269
1874	772	1.02495	0.00198269
1874	773	1.02495	0.00198269
1874	774	1.02495	0.00198269
1874	775	1.02495	0.00198269
1874	776	1.02495	0.00198269
1874	777	1.02495	0.00198269
1874	778	1.02495	0.00198269
1874	779	1.02495	0.00198269
1874	780	1.02495	0.00198269
1874	781	1.02495	0.00198269
1874	782	1.02495	0.00198269
1874	783	1.02495	0.00198269
1874	784	1.02495	0.00198269
1874	785	1.02495	0.00198269
1874	786	1.02495	0.00198269
1874	787	1.02495	0.00198269
1874	788	1.02495	0.00198269
1874	789	1.02495	0.00198269
1874	790	1.02495	0.00198269
1874	791	1.02495	0.00198269
1874	792	1.02495	0.00198269
1874	793	1.02495	0.00198269
1874	794	1.02495	0.00198269
1874	795	1.02495	0.00198269
1874	796	1.02495	0.00198269
1874	797	1.02495	0.00198269
1874	798	1.02495	0.00198269
1874	799	1.02495	0.00198269
1874	800	1.02495	0.00198269
1874	801	1.02495	0.00198269
1874	802	1.02495	0.00198269
1874	803	1.02495	0.00198269
1874	804	1.02495	0.00198269
1874	805	1.02495	0.00198269
1874	806	1.02495	0.00198269
1874	807	1.02495	0.00198269
1874	808	1.02495	0.00198269
1874	809	1.02495	0.00198269
1874	810	1.02495	0.00198269
1874	811	1.02495	0.00198269
1874	812	1.02495	0.00198269
1874	813	1.02495	0.00198269
1874	814	1.02495	0.00198269
1874	815	1.02495	0.00198269
1874	816	1.02495	0.00198269
1874	817	1.02495	0.00198269
1874	818	1.02495	0.00198269
1874	819	1.02495	0.00198269
1874	820	1.02495	0.00198269
1874	821	1.02495	0.00198269
1874	822	1.02495	0.00198269
1874	823	1.02495	0.00198269
1874	824	1.02495	0.00198269
1874	825	1.02495	0.00198269
1874	826	1.02495	0.00198269
1874	827	1.02495	0.00198269
1874	828	1.02495	0.00198269
1874	829	1.02495	0.00198269
1874	830	1.02495	0.00198269
1874	831	1.02495	0.00198269
1874	832	1.02495	0.00198269
1874	833	1.02495	0.00198269
1874	834	1.02495	0.00198269
1874	835	1.02495	0.00198269
1874	836	1.02495	0.00198269
1874	837	1.02495	0.00198269
1874	838	1.02495	0.00198269
1874	839	1.02495	0.00198269
1874	840	1.02495	0.00198269
1874	841	1.02495	0.00198269
1874	842	1.02495	0.00198269
1874	843	1.02495	0.00198269
1874	844	1.02495	0.00198269
1874	845	1.02495	0.00198269
1874	846	1.02495	0.00198269
1874	847	1.02495	0.00198269
1874	848	1.02495	0.00198269
1874	849	1.02495	0.00198269
1874	850	1.02495	0.00198269
1874	851	1.02495	0.00198269
1874	852	1.02495	0.00198269
1874	853	1.02495	0.00198269
1874	854	1.02495	0.00198269
1874	855	1.02495	0.00198269
1874	856	1.02495	0.00198269
1874	857	1.02495	0.00198269
1874	858	1.02495	0.00198269
1874	859	1.02495	0.00198269
1874	860	1.02495	0.00198269
1874	861	1.02495	0.00198269
1874	862	1.02495	0.00198269
1874	863	1.02495	0.00198269
1874	864	1.02495	0.00198269
1874	865	1.02495	0.00198269
1874	866	1.02495	0.00198269
1874	867	1.02495	0.00198269
1874	868	1.02495	0.00198269
1874	869	1.02495	0.00198269
1874	870	1.02495	0.00198269
1874	871	1.02495	0.00198269
1874	872	1.02495	0.00198269
1874	873	1.02495	0.00198269
1874	874	1.02495	0.00198269
1874	875	1.02495	0.00198269
1874	876	1.02495	0.00198269
1874	877	1.02495	0.00198269
1874	878	1.02495	0.00198269
1874	879	1.02495	0.00198269
1874	880	1.02495	0.00198269
1874	881	1.02495	0.00198269
1874	882	1.02495	0.00198269
1874	883	1.02495	0.00198269
1874	884	1.02495	0.00198269
1874	885	1.02495	0.00198269
1874	886	1.02495	0.00198269
1874	887	1.02495	0.00198269
1874	888	1.02495	0.00198269
1874	889	1.02495	0.00198269
1874	890	1.02495	0.00198269
1874	891	1.02495	0.00198269
1874	892	1.02495	0.00198269
1874	893	1.02495	0.00198269
1874	894	1.02495	0.00198269
1874	895	1.02495	0.00198269
1874	896	1.02495	0.00198269
1874	897	1.02495	0.00198269
1874	898	1.02495	0.00198269
1874	899	1.02495	0.00198269
1874	900	1.02495	0.00198269
1874	901	1.02495	0.00198269
1874	902	1.02495	0.00198269
1874	903	1.02495	0.00198269
1874	904	1.02495	0.00198269
1874	905	1.02495	0.00198269
1874	906	1.02495	0.00198269
1874	907	1.02495	0.00198269
1874	908	1.02495	0.00198269
1874	909	1.02495	0.00198269
1874	910	1.02495	0.00198269
1874	911	1.02495	0.00198269
1874	912	1.02495	0.00198269
1874	913	1.02495	0.00198269
1874	914	1.02495	0.00198269
1874	915	1.02495	0.00198269
1874	916	1.02495	0.00198269
1874	917	1.02495	0.00198269
1874	918	1.02495	0.00198269
1874	919	1.02495	0.00198269
1874	920	1.02495	0.00198269
1874	921	1.02495	0.00198269
1874	922	1.02495	0.00198269
1874	923	1.02495	0.00198269
1874	924	1.02495	0.00198269
1874	925	1.02495	0.00198269
1874	926	1.02495	0.00198269
1874	927	1.02495	0.00198269
1874	928	1.02495	0.00198269
1874	929	1.02495	0.00198269
1874	930	1.02495	0.00198269
1874	931	1.02495	0.00198269
1874	932	1.02495	0.00198269
1874	933	1.02495	0.00198269
1874	934	1.02495	0.00198269
1874	935	1.02495	0.00198269
1874	936	1.02495	0.00198269
1874	937	1.02495	0.00198269
1874	938	1.02495	0.00198269
1874	939	1.02495	0.00198269
1874	940	1.02495	0.00198269
1874	941	1.02495	0.00198269
1874	942	1.02495	0.00198269
1874	943	1.02495	0.00198269
1874	944	1.02495	0.00198269
1874	945	1.02495	0.00198269
1874	946	1.02495	0.00198269
1874	947	1.02495	0.00198269
1874	948	1.02495	0.00198269
1874	949	1.02495	0.00198269
1874	950	1.02495	0.00198269
1874	951	1.02495	0.00198269
1874	952	1.02495	0.00198269
1874	953	1.02495	0.00198269
1874	954	1.02495	0.00198269
1874	955	1.02495	0.00198269
1874	956	1.02495	0.00198269
1874	957	1.02495	0.00198269
1874	958	1.02495	0.00198269
1874	959	1.02495	0.00198269
1874	960	1.02495	0.00198269
1874	961	1.02495	0.00198269
1874	962	1.02495	0.00198269
1874	963	1.02495	0.00198269
1874	964	1.02495	0.00198269
1874	965	1.02495	0.00198269
1874	966	1.02495	0.00198269
1874	967	1.02495	0.00198269
1874	968	1.02495	0.00198269
1874	969	1.02495	0.00198269
1874	970	1.02495	0.00198269
1874	971	1.02495	0.00198269
1874	972	1.02495	0.00198269
1874	973	1.02495	0.00198269
1874	974	1.02495	0.00198269
1874	975	1.02495	0.00198269
1874	976	1.02495	0.00198269
1874	977	1.02495	0.00198269
1874	978	1.02495	0.00198269
1874	979	1.02495	0.00198269
1874	980	1.02495	0.00198269
1874	981	1.02495	0.00198269
1874	982	1.02495	0.00198269
1874	983	1.02495	0.00198269
1874	984	1.02495	0.00198269
1874	985	1.02495	0.00198269
1874	986	1.02495	0.00198269
1874	987	1.02495	0.00198269
1874	988	1.02495	0.00198269
1874	989	1.02495	0.00198269
1874	990	1.02495	0.00198269
1874	991	1.02495	0.00198269
1874	992	1.02495	0.00198269
1874	993	1.02495	0.00198269
1874	994	1.02495	0.00198269
1874	995	1.02495	0.00198269
1874	996	1.02495	0.00198269
1874	997	1.02495	0.00198269
1874	998	1.02495	0.00198269
1874	999	1.02495	0.00198269
1874	1000	1.02495	0.00198269
1874	1001	1.02495	0.00198269
1874	1002	1.02495	0.00198269
1874	1003	1.02495	0.00198269
1874	1004	1.02495	0.00198269
1874	1005	1.02495	0.00198269
1874	1006	1.02495	0.00198269
1874	1007	1.02495	0.00198269
1874	1008	1.02495	0.00198269
1874	1009	1.02495	0.00198269
1874	1010	1.02495	0.00198269
1874	1011	1.02495	0.00198269
1874	1012	1.02495	0.00198269
1874	1013	1.02495	0.00198269
1874	1014	1.02495	0.00198269
1874	1015	1.02495	0.00198269
1874	1016	1.02495	0.00198269
1874	1017	1.02495	0.00198269
1874	1018	1.02495	0.00198269
1874	1019	1.02495	0.00198269
1874	1020	1.02495	0.00198269
1874	1021	1.02495	0.00198269
1874	1022	1.02495	0.00198269
1874	1023	1.02495	0.00198269
1874	1024	1.02495	0.00198269
1874	1025	1.02495	0.00198269
1874	1026	1.02495	0.00198269
1874	1027	1.02495	0.00198269
1874	1028	1.02495	0.00198269
1874	1029	1.02495	0.00198269
1874	1030	1.02495	0.00198269
1874	1031	1.02495	0.00198269
1874	1032	1.02495	0.00198269
1874	1033	1.02495	0.00198269
1874	1034	1.02495	0.00198269
1874	1035	1.02495	0.00198269
1874	1036	1.02495	0.00198269
1874	1037	1.02495	0.00198269
1874	1038	1.02495	0.00198269
1874	1039	1.02495	0.00198269
1874	1040	1.02495	0.00198269
1874	1041	1.02495	0.00198269
1874	1042	1.02495	0.00198269
1874	1043	1.02495	0.00198269
1874	1044	1.02495	0.00198269
1874	1045	1.02495	0.00198269
1874	1046	1.02495	0.00198269
1874	1047	1.02495	0.00198269
1874	1048	1.02495	0.00198269
1874	1049	1.02495	0.00198269
1874	1050	1.02495	0.00198269
1874	1051	1.02495	0.00198269
1874	1052	1.02495	0.00198269
1874	1053	1.02495	0.00198269
1874	1054	1.02495	0.00198269
1874	1055	1.02495	0.00198269
1874	1056	1.02495	0.00198269
1874	1057	1.02495	0.00198269
1874	1058	1.02495	0.00198269
1874	1059	1.02495	0.00198269
1874	1060	1.02495	0.00198269
1874	1061	1.02495	0.00198269
1874	1062	1.02495	0.00198269
1874	1063	1.02495	0.00198269
1874	1064	1.02495	0.00198269
1874	1065	1.02495	0.00198269
1874	1066	1.02495	0.00198269
1874	1067	1.02495	0.00198269
1874	1068	1.02495	0.00198269
1874	1069	1.02495	0.00198269
1874	1070	1.02495	0.00198269
1874	1071	1.02495	0.00198269
1874	1072	1.02495	0.00198269
1874	1073	1.02495	0.00198269
1874	1074	1.02495	0.00198269
1874	1075	1.02495	0.00198269
1874	1076	1.02495	0.00198269
1874	1077	1.02495	0.00198269
1874	1078	1.02495	0.00198269
1874	1079	1.02495	0.00198269
1874	1080	1.02495	0.00198269
1874	1081	1.02495	0.00198269
1874	1082	1.02495	0.00198269
1874	1083	1.02495	0.00198269
1874	1084	1.02495	0.00198269
1874	1085	1.02495	0.00198269
1874	1086	1.02495	0.00198269
1874	1087	1.02495	0.00198269
1874	1088	1.02495	0.00198269
1874	1089	1.02495	0.00198269
1874	1090	1.02495	0.00198269
1874	1091	1.02495	0.00198269
1874	1092	1.02495	0.00198269
1874	1093	1.02495	0.00198269
1874	1094	1.02495	0.00198269
1874	1095	1.02495	0.00198269
1874	1096	1.02495	0.00198269
1874	1097	1.02495	0.00198269
1874	1098	1.02495	0.00198269
1874	1099	1.02495	0.00198269
1874	1100	1.02495	0.00198269
1874	1101	1.02495	0.00198269
1874	1102	1.02495	0.00198269
1874	1103	1.02495	0.00198269
1874	1104	1.02495	0.00198269
1874	1105	1.02495	0.00198269
1874	1106	1.02495	0.00198269
1874	1107	1.02495	0.00198269
1874	1108	1.02495	0.00198269
1874	1109	1.02495	0.00198269
1874	1110	1.02495	0.00198269
1874	1111	1.02495	0.00198269
1874	1112	1.02495	0.00198269
1874	1113	1.02495	0.00198269
1874	1114	1.02495	0.00198269
1874	1115	1.02495	0.00198269
1874	1116	1.02495	0.00198269
1874	1117	1.02495	0.00198269
1874	1118	1.02495	0.00198269
1874	1119	1.02495	0.00198269
1874	1120	1.02495	0.00198269
1874	1121	1.02495	0.00198269
1874	1122	1.02495	0.00198269
1874	1123	1.02495	0.00198269
1874	1124	1.02495	0.00198269
1874	1125	1.02495	0.00198269
1874	1126	1.02495	0.00198269
1874	1127	1.02495	0.00198269
1874	1128	1.02495	0.00198269
1874	1129	1.02495	0.00198269
1874	1130	1.02495	0.00198269
1874	1131	1.02495	0.00198269
1874	1132	1.02495	0.00198269
1874	1133	1.02495	0.00198269
1874	1134	1.02495	0.00198269
1874	1135	1.02495	0.00198269
1874	1136	1.02495	0.00198269
1874	1137	1.02495	0.00198269
1874	1138	1.02495	0.00198269
1874	1139	1.02495	0.00198269
1874	1140	1.02495	0.00198269
1874	1141	1.02495	0.00198269
1874	1142	1.02495	0.00198269
1874	1143	1.02495	0.00198269
1874	1144	1.02495	0.00198269
1874	1145	1.02495	0.00198269
1874	1146	1.02495	0.00198269
1874	1147	1.02495	0.00198269
1874	1148	1.02495	0.00198269
1874	1149	1.02495	0.00198269
1874	1150	1.02495	0.00198269
1874	1151	1.02495	0.00198269
1874	1152	1.02495	0.00198269
1874	1153	1.02495	0.00198269
1874	1154	1.02495	0.00198269
1874	1155	1.02495	0.00198269
1874	1156	1.02495	0.00198269
1874	1157	1.02495	0.00198269
1874	1158	1.02495	0.00198269
1874	1159	1.02495	0.00198269
1874	1160	1.02495	0.00198269
1874	1161	1.02495	0.00198269
1874	1162	1.02495	0.00198269
1874	1163	1.02495	0.00198269
1874	1164	1.02495	0.00198269
1874	1165	1.02495	0.00198269
1874	1166	1.02495	0.00198269
1874	1167	1.02495	0.00198269
1874	1168	1.02495	0.00198269
1874	1169	1.02495	0.00198269
1874	1170	1.02495	0.00198269
1874	1171	1.02495	0.00198269
1874	1172	1.02495	0.00198269
1874	1173	1.02495	0.00198269
1874	1174	1.02495	0.00198269
1874	1175	1.02495	0.00198269
1874	1176	1.02495	0.00198269
1874	1177	1.02495	0.00198269
1874	1178	1.02495	0.00198269
1874	1179	1.02495	0.00198269
1874	1180	1.02495	0.00198269
1874	1181	1.02495	0.00198269
1874	1182	1.02495	0.00198269
1874	1183	1.02495	0.00198269
1874	1184	1.02495	0.00198269
1874	1185	1.02495	0.00198269
1874	1186	1.02495	0.00198269
1874	1187	1.02495	0.00198269
1874	1188	1.02495	0.00198269
1874	1189	1.02495	0.00198269
1874	1190	1.02495	0.00198269
1874	1191	1.02495	0.00198269
1874	1192	1.02495	0.00198269
1874	1193	1.02495	0.00198269
1874	1194	1.02495	0.00198269
1874	1195	1.02495	0.00198269
1874	1196	1.02495	0.00198269
1874	1197	1.02495	0.00198269
1874	1198	1.02495	0.00198269
1874	1199	1.02495	0.00198269
1874	1200	1.02495	0.00198269
1874	1201	1.02495	0.00198269
1874	1202	1.02495	0.00198269
1874	1203	1.02495	0.00198269
1874	1204	1.02495	0.00198269
1874	1205	1.02495	0.00198269
1874	1206	1.02495	0.00198269
1874	1207	1.02495	0.00198269
1874	1208	1.02495	0.00198269
1874	1209	1.02495	0.00198269
1874	1210	1.02495	0.00198269
1874	1211	1.02495	0.00198269
1874	1212	1.02495	0.00198269
1874	1213	1.02495	0.00198269
1874	1214	1.02495	0.00198269
1874	1215	1.02495	0.00198269
1874	1216	1.02495	0.00198269
1874	1217	1.02495	0.00198269
1874	1218	1.02495	0.00198269
1874	1219	1.02495	0.00198269
1874	1220	1.02495	0.00198269
1874	1221	1.02495	0.00198269
1874	1222	1.02495	0.00198269
1874	1223	1.02495	0.00198269
1874	1224	1.02495	0.00198269
1874	1225	1.02495	0.00198269
1874	1226	1.02495	0.00198269
1874	1227	1.02495	0.00198269
1874	1228	1.02495	0.00198269
1874	1229	1.02495	0.00198269
1874	1230	1.02495	0.00198269
1874	1231	1.02495	0.00198269
1874	1232	1.02495	0.00198269
1874	1233	1.02495	0.00198269
1874	1234	1.02495	0.00198269
1874	1235	1.02495	0.00198269
1874	1236	1.02495	0.00198269
1874	1237	1.02495	0.00198269
1874	1238	1.02495	0.00198269
1874	1239	1.02495	0.00198269
1874	1240	1.02495	0.00198269
1874	1241	1.02495	0.00198269
1874	1242	1.02495	0.00198269
1874	1243	1.02495	0.00198269
1874	1244	1.02495	0.00198269
1874	1245	1.02495	0.00198269
1874	1246	1.02495	0.00198269
1874	1247	1.02495	0.00198269
1874	1248	1.02495	0.00198269
1874	1249	1.02495	0.00198269
1874	1250	1.02495	0.00198269
1874	1251	1.02495	0.00198269
1874	1252	1.02495	0.00198269
1874	1253	1.02495	0.00198269
1874	1254	1.02495	0.00198269
1874	1255	1.02495	0.00198269
1874	1256	1.02495	0.00198269
1874	1257	1.02495	0.00198269
1874	1258	1.02495	0.00198269
1874	1259	1.02495	0.00198269
1874	1260	1.02495	0.00198269
1874	1261	1.02495	0.00198269
1874	1262	1.02495	0.00198269
1874	1263	1.02495	0.00198269
1874	1264	1.02495	0.00198269
1874	1265	1.02495	0.00198269
1874	1266	1.02495	0.00198269
1874	1267	1.02495	0.00198269
1874	1268	1.02495	0.00198269
1874	1269	1.02495	0.00198269
1874	1270	1.02495	0.00198269
1874	1271	1.02495	0.00198269
1874	1272	1.02495	0.00198269
1874	1273	1.02495	0.00198269
1874	1274	1.02495	0.00198269
1874	1275	1.02495	0.00198269
1874	1276	1.02495	0.00198269
1874	1277	1.02495	0.00198269
1874	1278	1.02495	0.00198269
1874	1279	1.02495	0.00198269
1874	1280	1.02495	0.00198269
1874	1281	1.02495	0.00198269
1874	1282	1.02495	0.00198269
1874	1283	1.02495	0.00198269
1874	1284	1.02495	0.00198269
1874	1285	1.02495	0.00198269
1874	1286	1.02495	0.00198269
1874	1287	1.02495	0.00198269
1874	1288	1.02495	0.00198269
1874	1289	1.02495	0.00198269
1874	1290	1.02495	0.00198269
1874	1291	1.02495	0.00198269
1874	1292	1.02495	0.00198269
1874	1293	1.02495	0.00198269
1874	1294	1.02495	0.00198269
1874	1295	1.02495	0.00198269
1874	1296	1.02495	0.00198269
1874	1297	1.02495	0.00198269
1874	1298	1.02495	0.00198269
1874	1299	1.02495	0.00198269
1874	1300	1.02495	0.00198269
1874	1301	1.02495	0.00198269
1874	1302	1.02495	0.00198269
1874	1303	1.02495	0.00198269
1874	1304	1.02495	0.00198269
1874	1305	1.02495	0.00198269
1874	1306	1.02495	0.00198269
1874	1307	1.02495	0.00198269
1874	1308	1.02495	0.00198269
1874	1309	1.02495	0.00198269
1874	1310	1.02495	0.00198269
1874	1311	1.02495	0.00198269
1874	1312	1.02495	0.00198269
1874	1313	1.02495	0.00198269
1874	1314	1.02495	0.00198269
1874	1315	1.02495	0.00198269
1874	1316	1.02495	0.00198269
1874	1317	1.02495	0.00198269
1874	1318	1.02495	0.00198269
1874	1319	1.02495	0.00198269
1874	1320	1.02495	0.00198269
1874	1321	1.02495	0.00198269
1874	1322	1.02495	0.00198269
1874	1323	1.02495	0.00198269
1874	1324	1.02495	0.00198269
1874	1325	1.02495	0.00198269
1874	1326	1.02495	0.00198269
1874	1327	1.02495	0.00198269
1874	1328	1.02495	0.00198269
1874	1329	1.02495	0.00198269
1874	1330	1.02495	0.00198269
1874	1331	1.02495	0.00198269
1874	1332	1.02495	0.00198269
1874	1333	1.02495	0.00198269
1874	1334	1.02495	0.00198269
1874	1335	1.02495	0.00198269
1874	1336	1.02495	0.00198269
1874	1337	1.02495	0.00198269
1874	1338	1.02495	0.00198269
1874	1339	1.02495	0.00198269
1874	1340	1.02495	0.00198269
1874	1341	1.02495	0.00198269
1874	1342	1.02495	0.00198269
1874	1343	1.02495	0.00198269
1874	1344	1.02495	0.00198269
1874	1345	1.02495	0.00198269
1874	1346	1.02495	0.00198269
1874	1347	1.02495	0.00198269
1874	1348	1.02495	0.00198269
1874	1349	1.02495	0.00198269
1874	1350	1.02495	0.00198269
1874	1351	1.02495	0.00198269
1874	1352	1.02495	0.00198269
1874	1353	1.02495	0.00198269
1874	1354	1.02495	0.00198269
1874	1355	1.02495	0.00198269
1874	1356	1.02495	0.00198269
1874	1357	1.02495	0.00198269
1874	1358	1.02495	0.00198269
1874	1359	1.02495	0.00198269
1874	1360	1.02495	0.00198269
1874	1361	1.02495	0.00198269
1874	1362	1.02495	0.00198269
1874	1363	1.02495	0.00198269
1874	1364	1.02495	0.00198269
1874	1365	1.02495	0.00198269
1874	1366	1.02495	0.00198269
1874	1367	1.02495	0.00198269
1874	1368	1.02495	0.00198269
1874	1369	1.02495	0.00198269
1874	1370	1.02495	0.00198269
1874	1371	1.02495	0.00198269
1874	1372	1.02495	0.00198269
1874	1373	1.02495	0.00198269
1874	1374	1.02495	0.00198269
1874	1375	1.02495	0.00198269
1874	1376	1.02495	0.00198269
1874	1377	1.02495	0.00198269
1874	1378	1.02495	0.00198269
1874	1379	1.02495	0.00198269
1874	1380	1.02495	0.00198269
1874	1381	1.02495	0.00198269
1874	1382	1.02495	0.00198269
1874	1383	1.02495	0.00198269
1874	1384	1.02495	0.00198269
1874	1385	1.02495	0.00198269
1874	1386	1.02495	0.00198269
1874	1387	1.02495	0.00198269
1874	1388	1.02495	0.00198269
1874	1389	1.02495	0.00198269
1874	1390	1.02495	0.00198269
1874	1391	1.02495	0.00198269
1874	1392	1.02495	0.00198269
1874	1393	1.02495	0.00198269
1874	1394	1.02495	0.00198269
1874	1395	1.02495	0.00198269
1874	1396	1.02495	0.00198269
1874	1397	1.02495	0.00198269
1874	1398	1.02495	0.00198269
1874	1399	1.02495	0.00198269
1874	1400	1.02495	0.00198269
1874	1401	1.02495	0.00198269
1874	1402	1.02495	0.00198269
1874	1403	1.02495	0.00198269
1874	1404	1.02495	0.00198269
1874	1405	1.02495	0.00198269
1874	1406	1.02495	0.00198269
1874	1407	1.02495	0.00198269
1874	1408	1.02495	0.00198269
1874	1409	1.02495	0.00198269
1874	1410	1.02495	0.00198269
1874	1411	1.02495	0.00198269
1874	1412	1.02495	0.00198269
1874	1413	1.02495	0.00198269
1874	1414	1.02495	0.00198269
1874	1415	1.02495	0.00198269
1874	1416	1.02495	0.00198269
1874	1417	1.02495	0.00198269
1874	1418	1.02495	0.00198269
1874	1419	1.02495	0.00198269
1874	1420	1.02495	0.00198269
1874	1421	1.02495	0.00198269
1874	1422	1.02495	0.00198269
1874	1423	1.02495	0.00198269
1874	1424	1.02495	0.00198269
1874	1425	1.02495	0.00198269
1874	1426	1.02495	0.00198269
1874	1427	1.02495	0.00198269
1874	1428	1.02495	0.00198269
1874	1429	1.02495	0.00198269
1874	1430	1.02495	0.00198269
1874	1431	1.02495	0.00198269
1874	1432	1.02495	0.00198269
1874	1433	1.02495	0.00198269
1874	1434	1.02495	0.00198269
1874	1435	1.02495	0.00198269
1874	1436	1.02495	0.00198269
1874	1437	1.02495	0.00198269
1874	1438	1.02495	0.00198269
1874	1439	1.02495	0.00198269
1874	1440	1.02495	0.00198269
1874	1441	1.02495	0.00198269
1874	1442	1.02495	0.00198269
1874	1443	1.02495	0.00198269
1874	1444	1.02495	0.00198269
1874	1445	1.02495	0.00198269
1874	1446	1.02495	0.00198269
1874	1447	1.02495	0.00198269
1874	1448	1.02495	0.00198269
1874	1449	1.02495	0.00198269
1874	1450	1.02495	0.00198269
1874	1451	1.02495	0.00198269
1874	1452	1.02495	0.00198269
1874	1453	1.02495	0.00198269
1874	1454	1.02495	0.00198269
1874	1455	1.02495	0.00198269
1874	1456	1.02495	0.00198269
1874	1457	1.02495	0.00198269
1874	1458	1.02495	0.00198269
1874	1459	1.02495	0.00198269
1874	1460	1.02495	0.00198269
1874	1461	1.02495	0.00198269
1874	1462	1.02495	0.00198269
1874	1463	1.02495	0.00198269
1874	1464	1.02495	0.00198269
1874	1465	1.02495	0.00198269
1874	1466	1.02495	0.00198269
1874	1467	1.02495	0.00198269
1874	1468	1.02495	0.00198269
1874	1469	1.02495	0.00198269
1874	1470	1.02495	0.00198269
1874	1471	1.02495	0.00198269
1874	1472	1.02495	0.00198269
1874	1473	1.02495	0.00198269
1874	1474	1.02495	0.00198269
1874	1475	1.02495	0.00198269
1874	1476	1.02495	0.00198269
1874	1477	1.02495	0.00198269
1874	1478	1.02495	0.00198269
1874	1479	1.02495	0.00198269
1874	1480	1.02495	0.00198269
1874	1481	1.02495	0.00198269
1874	1482	1.02495	0.00198269
1874	1483	1.02495	0.00198269
1874	1484	1.02495	0.00198269
1874	1485	1.02495	0.00198269
1874	1486	1.02495	0.00198269
1874	1487	1.02495	0.00198269
1874	1488	1.02495	0.00198269
1874	1489	1.02495	0.00198269
1874	1490	1.02495	0.00198269
1874	1491	1.02495	0.00198269
1874	1492	1.02495	0.00198269
1874	1493	1.02495	0.00198269
1874	1494	1.02495	0.00198269
1874	1495	1.02495	0.00198269
1874	1496	1.02495	0.00198269
1874	1497	1.02495	0.00198269
1874	1498	1.02495	0.00198269
1874	1499	1.02495	0.00198269
1874	1500	1.02495	0.00198269
1874	1501	1.02495	0.00198269
1874	1502	1.02495	0.00198269
1874	1503	1.02495	0.00198269
1874	1504	1.02495	0.00198269
1874	1505	1.02495	0.00198269
1874	1506	1.02495	0.00198269
1874	1507	1.02495	0.00198269
1874	1508	1.02495	0.00198269
1874	1509	1.02495	0.00198269
1874	1510	1.02495	0.00198269
1874	1511	1.02495	0.00198269
1874	1512	1.02495	0.00198269
1874	1513	1.02495	0.00198269
1874	1514	1.02495	0.00198269
1874	1515	1.02495	0.00198269
1874	1516	1.02495	0.00198269
1874	1517	1.02495	0.00198269
1874	1518	1.02495	0.00198269
1874	1519	1.02495	0.00198269
1874	1520	1.02495	0.00198269
1874	1521	1.02495	0.00198269
1874	1522	1.02495	0.00198269
1874	1523	1.02495	0.00198269
1874	1524	1.02495	0.00198269
1874	1525	1.02495	0.00198269
1874	1526	1.02495	0.00198269
1874	1527	1.02495	0.00198269
1874	1528	1.02495	0.00198269
1874	1529	1.02495	0.00198269
1874	1530	1.02495	0.00198269
1874	1531	1.02495	0.00198269
1874	1532	1.02495	0.00198269
1874	1533	1.02495	0.00198269
1874	1534	1.02495	0.00198269
1874	1535	1.02495	0.00198269
1874	1536	1.02495	0.00198269
1874	1537	1.02495	0.00198269
1874	1538	1.02495	0.00198269
1874	1539	1.02495	0.00198269
1874	1540	1.02495	0.00198269
1874	1541	1.02495	0.00198269
1874	1542	1.02495	0.00198269
1874	1543	1.02495	0.00198269
1874	1544	1.02495	0.00198269
1874	1545	1.02495	0.00198269
1874	1546	1.02495	0.00198269
1874	1547	1.02495	0.00198269
1874	1548	1.02495	0.00198269
1874	1549	1.02495	0.00198269
1874	1550	1.02495	0.00198269
1874	1551	1.02495	0.00198269
1874	1552	1.02495	0.00198269
1874	1553	1.02495	0.00198269
1874	1554	1.02495	0.00198269
1874	1555	1.02495	0.00198269
1874	1556	1.02495	0.00198269
1874	1557	1.02495	0.00198269
1874	1558	1.02495	0.00198269
1874	1559	1.02495	0.00198269
1874	1560	1.02495	0.00198269
1874	1561	1.02495	0.00198269
1874	1562	1.02495	0.00198269
1874	1563	1.02495	0.00198269
1874	1564	1.02495	0.00198269
1874	1565	1.02495	0.00198269
1874	1566	1.02495	0.00198269
1874	1567	1.02495	0.00198269
1874	1568	1.02495	0.00198269
1874	1569	1.02495	0.00198269
1874	1570	1.02495	0.00198269
1874	1571	1.02495	0.00198269
1874	1572	1.02495	0.00198269
1874	1573	1.02495	0.00198269
1874	1574	1.02495	0.00198269
1874	1575	1.02495	0.00198269
1874	1576	1.02495	0.00198269
1874	1577	1.02495	0.00198269
1874	1578	1.02495	0.00198269
1874	1579	1.02495	0.00198269
1874	1580	1.02495	0.00198269
1874	1581	1.02495	0.00198269
1874	1582	1.02495	0.00198269
1874	1583	1.02495	0.00198269
1874	1584	1.02495	0.00198269
1874	1585	1.02495	0.00198269
1874	1586	1.02495	0.00198269
1874	1587	1.02495	0.00198269
1874	1588	1.02495	0.00198269
1874	1589	1.02495	0.00198269
1874	1590	1.02495	0.00198269
1874	1591	1.02495	0.00198269
1874	1592	1.02495	0.00198269
1874	1593	1.02495	0.00198269
1874	1594	1.02495	0.00198269
1874	1595	1.02495	0.00198269
1874	1596	1.02495	0.00198269
1874	1597	1.02495	0.00198269
1874	1598	1.02495	0.00198269
1874	1599	1.02495	0.00198269
1874	1600	1.02495	0.00198269
1874	1601	1.02495	0.00198269
1874	1602	1.02495	0.00198269
1874	1603	1.02495	0.00198269
1874	1604	1.02495	0.00198269
1874	1605	1.02495	0.00198269
1874	1606	1.02495	0.00198269
1874	1607	1.02495	0.00198269
1874	1608	1.02495	0.00198269
1874	1609	1.02495	0.00198269
1874	1610	1.02495	0.00198269
1874	1611	1.02495	0.00198269
1874	1612	1.02495	0.00198269
1874	1613	1.02495	0.00198269
1874	1614	1.02495	0.00198269
1874	1615	1.02495	0.00198269
1874	1616	1.02495	0.00198269
1874	1617	1.02495	0.00198269
1874	1618	1.02495	0.00198269
1874	1619	1.02495	0.00198269
1874	1620	1.02495	0.00198269
1874	1621	1.02495	0.00198269
1874	1622	1.02495	0.00198269
1874	1623	1.02495	0.00198269
1874	1624	1.02495	0.00198269
1874	1625	1.02495	0.00198269
1874	1626	1.02495	0.00198269
1874	1627	1.02495	0.00198269
1874	1628	1.02495	0.00198269
1874	1629	1.02495	0.00198269
1874	1630	1.02495	0.00198269
1874	1631	1.02495	0.00198269
1874	1632	1.02495	0.00198269
1874	1633	1.02495	0.00198269
1874	1634	1.02495	0.00198269
1874	1635	1.02495	0.00198269
1874	1636	1.02495	0.00198269
1874	1637	1.02495	0.00198269
1874	1638	1.02495	0.00198269
1874	1639	1.02495	0.00198269
1874	1640	1.02495	0.00198269
1874	1641	1.02495	0.00198269
1874	1642	1.02495	0.00198269
1874	1643	1.02495	0.00198269
1874	1644	1.02495	0.00198269
1874	1645	1.02495	0.00198269
1874	1646	1.02495	0.00198269
1874	1647	1.02495	0.00198269
1874	1648	1.02495	0.00198269
1874	1649	1.02495	0.00198269
1874	1650	1.02495	0.00198269
1874	1651	1.02495	0.00198269
1874	1652	1.02495	0.00198269
1874	1653	1.02495	0.00198269
1874	1654	1.02495	0.00198269
1874	1655	1.02495	0.00198269
1874	1656	1.02495	0.00198269
1874	1657	1.02495	0.00198269
1874	1658	1.02495	0.00198269
1874	1659	1.02495	0.00198269
1874	1660	1.02495	0.00198269
1874	1661	1.02495	0.00198269
1874	1662	1.02495	0.00198269
1874	1663	1.02495	0.00198269
1874	1664	1.02495	0.00198269
1874	1665	1.02495	0.00198269
1874	1666	1.02495	0.00198269
1874	1667	1.02495	0.00198269
1874	1668	1.02495	0.00198269
1874	1669	1.02495	0.00198269
1874	1670	1.02495	0.00198269
1874	1671	1.02495	0.00198269
1874	1672	1.02495	0.00198269
1874	1673	1.02495	0.00198269
1874	1674	1.02495	0.00198269
1874	1675	1.02495	0.00198269
1874	1676	1.02495	0.00198269
1874	1677	1.02495	0.00198269
1874	1678	1.02495	0.00198269
1874	1679	1.02495	0.00198269
1874	1680	1.02495	0.00198269
1874	1681	1.02495	0.00198269
1874	1682	1.02495	0.00198269
1874	1683	1.02495	0.00198269
1874	1684	1.02495	0.00198269
1874	1685	1.02495	0.00198269
1874	1686	1.02495	0.00198269
1874	1687	1.02495	0.00198269
1874	1688	1.02495	0.00198269
1874	1689	1.02495	0.00198269
1874	1690	1.02495	0.00198269
1874	1691	1.02495	0.00198269
1874	1692	1.02495	0.00198269
1874	1693	1.02495	0.00198269
1874	1694	1.02495	0.00198269
1874	1695	1.02495	0.00198269
1874	1696	1.02495	0.00198269
1874	1697	1.02495	0.00198269
1874	1698	1.02495	0.00198269
1874	1699	1.02495	0.00198269
1874	1700	1.02495	0.00198269
1874	1701	1.02495	0.00198269
1874	1702	1.02495	0.00198269
1874	1703	1.02495	0.00198269
1874	1704	1.02495	0.00198269
1874	1705	1.02495	0.00198269
1874	1706	1.02495	0.00198269
1874	1707	1.02495	0.00198269
1874	1708	1.02495	0.00198269
1874	1709	1.02495	0.00198269
1874	1710	1.02495	0.00198269
1874	1711	1.02495	0.00198269
1874	1712	1.02495	0.00198269
1874	1713	1.02495	0.00198269
1874	1714	1.02495	0.00198269
1874	1715	1.02495	0.00198269
1874	1716	1.02495	0.00198269
1874	1717	1.02495	0.00198269
1874	1718	1.02495	0.00198269
1874	1719	1.02495	0.00198269
1874	1720	1.02495	0.00198269
1874	1721	1.02495	0.00198269
1874	1722	1.02495	0.00198269
1874	1723	1.02495	0.00198269
1874	1724	1.02495	0.00198269
1874	1725	1.02495	0.00198269
1874	1726	1.02495	0.00198269
1874	1727	1.02495	0.00198269
1874	1728	1.02495	0.00198269
1874	1729	1.02495	0.00198269
1874	1730	1.02495	0.00198269
1874	1731	1.02495	0.00198269
1874	1732	1.02495	0.00198269
1874	1733	1.02495	0.00198269
1874	1734	1.02495	0.00198269
1874	1735	1.02495	0.00198269
1874	1736	1.02495	0.00198269
1874	1737	1.02495	0.00198269
1874	1738	1.02495	0.00198269
1874	1739	1.02495	0.00198269
1874	1740	1.02495	0.00198269
1874	1741	1.02495	0.00198269
1874	1742	1.02495	0.00198269
1874	1743	1.02495	0.00198269
1874	1744	1.02495	0.00198269
1874	1745	1.02495	0.00198269
1874	1746	1.02495	0.00198269
1874	1747	1.02495	0.00198269
1874	1748	1.02495	0.00198269
1874	1749	1.02495	0.00198269
1874	1750	1.02495	0.00198269
1874	1751	1.02495	0.00198269
1874	1752	1.02495	0.00198269
1874	1753	1.02495	0.00198269
1874	1754	1.02495	0.00198269
1874	1755	1.02495	0.00198269
1874	1756	1.02495	0.00198269
1874	1757	1.02495	0.00198269
1874	1758	1.02495	0.00198269
1874	1759	1.02495	0.00198269
1874	1760	1.02495	0.00198269
1874	1761	1.02495	0.00198269
1874	1762	1.02495	0.00198269
1874	1763	1.02495	0.00198269
1874	1764	1.02495	0.00198269
1874	1765	1.02495	0.00198269
1874	1766	1.02495	0.00198269
1874	1767	1.02495	0.00198269
1874	1768	1.02495	0.00198269
1874	1769	1.02495	0.00198269
1874	1770	1.02495	0.00198269
1874	1771	1.02495	0.00198269
1874	1772	1.02495	0.00198269
1874	1773	1.02495	0.00198269
1874	1774	1.02495	0.00198269
1874	1775	1.02495	0.00198269
1874	1776	1.02495	0.00198269
1874	1777	1.02495	0.00198269
1874	1778	1.02495	0.00198269
1874	1779	1.02495	0.00198269
1874	1780	1.02495	0.00198269
1874	1781	1.02495	0.00198269
1874	1782	1.02495	0.00198269
1874	1783	1.02495	0.00198269
1874	1784	1.02495	0.00198269
1874	1785	1.02495	0.00198269
1874	1786	1.02495	0.00198269
1874	1787	1.02495	0.00198269
1874	1788	1.02495	0.00198269
1874	1789	1.02495	0.00198269
1874	1790	1.02495	0.00198269
1874	1791	1.02495	0.00198269
1874	1792	1.02495	0.00198269
1874	1793	1.02495	0.00198269
1874	1794	1.02495	0.00198269
1874	1795	1.02495	0.00198269
1874	1796	1.02495	0.00198269
1874	1797	1.02495	0.00198269
1874	1798	1.02495	0.00198269
1874	1799	1.02495	0.00198269
1874	1800	1.02495	0.00198269
1874	1801	1.02495	0.00198269
1874	1802	1.02495	0.00198269
1874	1803	1.02495	0.00198269
1874	1804	1.02495	0.00198269
1874	1805	1.02495	0.00198269
1874	1806	1.02495	0.00198269
1874	1807	1.02495	0.00198269
1874	1808	1.02495	0.00198269
1874	1809	1.02495	0.00198269
1874	1810	1.02495	0.00198269
1874	1811	1.02495	0.00198269
1874	1812	1.02495	0.00198269
1874	1813	1.02495	0.00198269
1874	1814	1.02495	0.00198269
1874	1815	1.02495	0.00198269
1874	1816	1.02495	0.00198269
1874	1817	1.02495	0.00198269
1874	1818	1.02495	0.00198269
1874	1819	1.02495	0.00198269
1874	1820	1.02495	0.00198269
1874	1821	1.02495	0.00198269
1874	1822	1.02495	0.00198269
1874	1823	1.02495	0.00198269
1874	1824	1.02495	0.00198269
1874	1825	1.02495	0.00198269
1874	1826	1.02495	0.00198269
1874	1827	1.02495	0.00198269
1874	1828	1.02495	0.00198269
1874	1829	1.02495	0.00198269
1874	1830	1.02495	0.00198269
1874	1831	1.02495	0.00198269
1874	1832	1.02495	0.00198269
1874	1833	1.02495	0.00198269
1874	1834	1.02495	0.00198269
1874	1835	1.02495	0.00198269
1874	1836	1.02495	0.00198269
1874	1837	1.02495	0.00198269
1874	1838	1.02495	0.00198269
1874	1839	1.02495	0.00198269
1874	1840	1.02495	0.00198269
1874	1841	1.02495	0.00198269
1874	1842	1.02495	0.00198269
1874	1843	1.02495	0.00198269
1874	1844	1.02495	0.00198269
1874	1845	1.02495	0.00198269
1874	1846	1.02495	0.00198269
1874	1847	1.02495	0.00198269
1874	1848	1.02495	0.00198269
1874	1849	1.02495	0.00198269
1874	1850	1.02495	0.00198269
1874	1851	1.02495	0.00198269
1874	1852	1.02495	0.00198269
1874	1853	1.02495	0.00198269
1874	1854	1.02495	0.00198269
1874	1855	1.02495	0.00198269
1874	1856	1.02495	0.00198269
1874	1857	1.02495	0.00198269
1874	1858	1.02495	0.00198269
1874	1859	1.02495	0.00198269
1874	1860	1.02495	0.00198269
1874	1861	1.02495	0.00198269
1874	1862	1.02495	0.00198269
1874	1863	1.02495	0.00198269
1874	1864	1.02495	0.00198269
1874	1865	1.02495	0.00198269
1874	1866	1.02495	0.00198269
1874	1867	1.02495	0.00198269
1874	1868	1.02495	0.00198269
1874	1869	1.02495	0.00198269
1874	1870	1.02495	0.00198269
1874	1871	1.02495	0.00198269
1874	1872	1.02495	0.00198269
1874	1873	1.02495	0.00198269
1874	1874	1.02495	0.00198269
1874	1875	1.02495	0.00198269
1874	1876	1.02495	0.00198269
1874	1877	1.02495	0.00198269
1874	1878	1.02495	0.00198269
1874	1879	1.02495	0.00198269
1874	1880	1.02495	0.00198269
1874	1881	1.02495	0.00198269
1874	1882	1.02495	0.00198269
1874	1883	1.02495	0.00198269
1874	1884	1.02495	0.00198269
1874	1885	1.02495	0.00198269
1874	1886	1.02495	0.00198269
1874	1887	1.02495	0.00198269
1874	1888	1.02495	0.00198269
1874	1889	1.02495	0.00198269
1874	1890	1.02495	0.00198269
1874	1891	1.02495	0.00198269
1874	1892	1.02495	0.00198269
1874	1893	1.02495	0.00198269
1874	1894	1.02495	0.00198269
1874	1895	1.02495	0.00198269
1874	1896	1.02495	0.00198269
1874	1897	1.02495	0.00198269
1874	1898	1.02495	0.00198269
1874	1899	1.02495	0.00198269
1874	1900	1.02495	0.00198269
1874	1901	1.02495	0.00198269
1874	1902	1.02495	0.00198269
1874	1903	1.02495	0.00198269
1874	1904	1.02495	0.00198269
1874	1905	1.02495	0.00198269
1874	1906	1.02495	0.00198269
1874	1907	1.02495	0.00198269
1874	1908	1.02495	0.00198269
1874	1909	1.02495	0.00198269
1874	1910	1.02495	0.00198269
1874	1911	1.02495	0.00198269
1874	1912	1.02495	0.00198269
1874	1913	1.02495	0.00198269
1874	1914	1.02495	0.00198269
1874	1915	1.02495	0.00198269
1874	1916	1.02495	0.00198269
1874	1917	1.02495	0.00198269
1874	1918	1.02495	0.00198269
1874	1919	1.02495	0.00198269
1874	1920	1.02495	0.00198269
1874	1921	1.02495	0.00198269
1874	1922	1.02495	0.00198269
1874	1923	1.02495	0.00198269
1874	1924	1.02495	0.00198269
1874	1925	1.02495	0.00198269
1874	1926	1.02495	0.00198269
1874	1927	1.02495	0.00198269
1874	1928	1.02495	0.00198269
1874	1929	1.02495	0.00198269
1874	1930	1.02495	0.00198269
1874	1931	1.02495	0.00198269
1874	1932	1.02495	0.00198269
1874	1933	1.02495	0.00198269
1874	1934	1.02495	0.00198269
1874	1935	1.02495	0.00198269
1874	1936	1.02495	0.00198269
1874	1937	1.02495	0.00198269
1874	1938	1.02495	0.00198269
1874	1939	1.02495	0.00198269
1874	1940	1.02495	0.00198269
1874	1941	1.02495	0.00198269
1874	1942	1.02495	0.00198269
1874	1943	1.02495	0.00198269
1874	1944	1.02495	0.00198269
1874	1945	1.02495	0.00198269
1874	1946	1.02495	0.00198269
1874	1947	1.02495	0.00198269
1874	1948	1.02495	0.00198269
1874	1949	1.02495	0.00198269
1874	1950	1.02495	0.00198269
1874	1951	1.02495	0.00198269
1874	1952	1.02495	0.00198269
1874	1953	1.02495	0.00198269
1874	1954	1.02495	0.00198269
1874	1955	1.02495	0.00198269
1874	1956	1.02495	0.00198269
1874	1957	1.02495	0.00198269
1874	1958	1.02495	0.00198269
1874	1959	1.02495	0.00198269
1874	1960	1.02495	0.00198269
1874	1961	1.02495	0.00198269
1874	1962	1.02495	0.00198269
1874	1963	1.02495	0.00198269
1874	1964	1.02495	0.00198269
1874	1965	1.02495	0.00198269
1874	1966	1.02495	0.00198269
1874	1967	1.02495	0.00198269
1874	1968	1.02495	0.00198269
1874	1969	1.02495	0.00198269
1874	1970	1.02495	0.00198269
1874	1971	1.02495	0.00198269
1874	1972	1.02495	0.00198269
1874	1973	1.02495	0.00198269
1874	1974	1.02495	0.00198269
1874	1975	1.02495	0.00198269
1874	1976	1.02495	0.00198269
1874	1977	1.02495	0.00198269
1874	1978	1.02495	0.00198269
1874	1979	1.02495	0.00198269
1874	1980	1.02495	0.00198269
1874	1981	1.02495	0.00198269
1874	1982	1.02495	0.00198269
1874	1983	1.02495	0.00198269
1874	1984	1.02495	0.00198269
1874	1985	1.02495	0.00198269
1874	1986	1.02495	0.00198269
1874	1987	1.02495	0.00198269
1874	1988	1.02495	0.00198269
1874	1989	1.02495	0.00198269
1874	1990	1.02495	0.00198269
1874	1991	1.02495	0.00198269
1874	1992	1.02495	0.00198269
1874	1993	1.02495	0.00198269
1874	1994	1.02495	0.00198269
1874	1995	1.02495	0.00198269
1874	1996	1.02495	0.00198269
1874	1997	1.02495	0.00198269
1874	1998	1.02495	0.00198269
1874	1999	1.02495	0.00198269
1874	2000	1.02495	0.00198269
1874	2001	1.02495	0.00198269
1874	2002	1.02495	0.00198269
1874	2003	1.02495	0.00198269
1874	2004	1.02495	0.00198269
1874	2005	1.02495	0.00198269
1874	2006	1.02495	0.00198269
1874	2007	1.02495	0.00198269
1874	2008	1.02495	0.00198269
1874	2009	1.02495	0.00198269
1874	2010	1.02495	0.00198269
1874	2011	1.02495	0.00198269
1874	2012	1.02495	0.00198269
1874	2013	1.02495	0.00198269
1874	2014	1.02495	0.00198269
1874	2015	1.02495	0.00198269
1874	2016	1.02495	0.00198269
1874	2017	1.02495	0.00198269
1874	2018	1.02495	0.00198269
1874	2019	1.02495	0.00198269
1874	2020	1.02495	0.00198269
1874	2021	1.02495	0.00198269
1874	2022	1.02495	0.00198269
1874	2023	1.02495	0.00198269
1874	2024	1.02495	0.00198269
1874	2025	1.02495	0.00198269
1874	2026	1.02495	0.00198269
1874	2027	1.02495	0.00198269
1874	2028	1.02495	0.00198269
1874	2029	1.02495	0.00198269
1874	2030	1.02495	0.00198269
1874	2031	1.02495	0.00198269
1874	2032	1.02495	0.00198269
1874	2033	1.02495	0.00198269
1874	2034	1.02495	0.00198269
1874	2035	1.02495	0.00198269
1874	2036	1.02495	0.00198269
1874	2037	1.02495	0.00198269
1874	2038	1.02495	0.00198269
1874	2039	1.02495	0.00198269
1874	2040	1.02495	0.00198269
1874	2041	1.02495	0.00198269
1874	2042	1.02495	0.00198269
1874	2043	1.02495	0.00198269
1874	2044	1.02495	0.00198269
1874	2045	1.02495	0.00198269
1874	2046	1.02495	0.00198269
1874	2047	1.02495	0.00198269
1874	2048	1.02495	0.00198269
1874	2049	1.02495	0.00198269
1874	2050	1.02495	0.00198269
1874	2051	1.02495	0.00198269
1874	2052	1.02495	0.00198269
1874	2053	1.02495	0.00198269
1874	2054	1.02495	0.00198269
1874	2055	1.02495	0.00198269
1874	2056	1.02495	0.00198269
1874	2057	1.02495	0.00198269
1874	2058	1.02495	0.00198269
1874	2059	1.02495	0.00198269
1874	2060	1.02495	0.00198269
1874	2061	1.02495	0.00198269
1874	2062	1.02495	0.00198269
1874	2063	1.02495	0.00198269
1874	2064	1.02495	0.00198269
1874	2065	1.02495	0.00198269
1874	2066	1.02495	0.00198269
1874	2067	1.02495	0.00198269
1874	2068	1.02495	0.00198269
1874	2069	1.02495	0.00198269
1874	2070	1.02495	0.00198269
1874	2071	1.02495	0.00198269
1874	2072	1.02495	0.00198269
1874	2073	1.02495	0.00198269
1874	2074	1.02495	0.00198269
1874	2075	1.02495	0.00198269
1874	2076	1.02495	0.00198269
1874	2077	1.02495	0.00198269
1874	2078	1.02495	0.00198269
1874	2079	1.02495	0.00198269
1874	2080	1.02495	0.00198269
1874	2081	1.02495	0.00198269
1874	2082	1.02495	0.00198269
1874	2083	1.02495	0.00198269
1874	2084	1.02495	0.00198269
1874	2085	1.02495	0.00198269
1874	2086	1.02495	0.00198269
1874	2087	1.02495	0.00198269
1874	2088	1.02495	0.00198269
1874	2089	1.02495	0.00198269
1874	2090	1.02495	0.00198269
1874	2091	1.02495	0.00198269
1874	2092	1.02495	0.00198269
1874	2093	1.02495	0.00198269
1874	2094	1.02495	0.00198269
1874	2095	1.02495	0.00198269
1874	2096	1.02495	0.00198269
1874	2097	1.02495	0.00198269
1874	2098	1.02495	0.00198269
1874	2099	1.02495	0.00198269
1874	2100	1.02495	0.00198269
1874	2101	1.02495	0.00198269
1874	2102	1.02495	0.00198269
1874	2103	1.02495	0.00198269
1874	2104	1.02495	0.00198269
1874	2105	1.02495	0.00198269
1874	2106	1.02495	0.00198269
1874	2107	1.02495	0.00198269
1874	2108	1.02495	0.00198269
1874	2109	1.02495	0.00198269
1874	2110	1.02495	0.00198269
1874	2111	1.02495	0.00198269
1874	2112	1.02495	0.00198269
1874	2113	1.02495	0.00198269
1874	2114	1.02495	0.00198269
1874	2115	1.02495	0.00198269
1874	2116	1.02495	0.00198269
1874	2117	1.02495	0.00198269
1874	2118	1.02495	0.00198269
1874	2119	1.02495	0.00198269
1874	2120	1.02495	0.00198269
1874	2121	1.02495	0.00198269
1874	2122	1.02495	0.00198269
1874	2123	1.02495	0.00198269
1874	2124	1.02495	0.00198269
1874	2125	1.02495	0.00198269
1874	2126	1.02495	0.00198269
1874	2127	1.02495	0.00198269
1874	2128	1.02495	0.00198269
1874	2129	1.02495	0.00198269
1874	2130	1.02495	0.00198269
1874	2131	1.02495	0.00198269
1874	2132	1.02495	0.00198269
1874	2133	1.02495	0.00198269
1874	2134	1.02495	0.00198269
1874	2135	1.02495	0.00198269
1874	2136	1.02495	0.00198269
1874	2137	1.02495	0.00198269
1874	2138	1.02495	0.00198269
1874	2139	1.02495	0.00198269
1874	2140	1.02495	0.00198269
1874	2141	1.02495	0.00198269
1874	2142	1.02495	0.00198269
1874	2143	1.02495	0.00198269
1874	2144	1.02495	0.00198269
1874	2145	1.02495	0.00198269
1874	2146	1.02495	0.00198269
1874	2147	1.02495	0.00198269
1874	2148	1.02495	0.00198269
1874	2149	1.02495	0.00198269
1874	2150	1.02495	0.00198269
1874	2151	1.02495	0.00198269
1874	2152	1.02495	0.00198269
1874	2153	1.02495	0.00198269
1874	2154	1.02495	0.00198269
1874	2155	1.02495	0.00198269
1874	2156	1.02495	0.00198269
1874	2157	1.02495	0.00198269
1874	2158	1.02495	0.00198269
1874	2159	1.02495	0.00198269
1874	2160	1.02495	0.00198269
1874	2161	1.02495	0.00198269
1874	2162	1.02495	0.00198269
1874	2163	1.02495	0.00198269
1874	2164	1.02495	0.00198269
1874	2165	1.02495	0.00198269
1874	2166	1.02495	0.00198269
1874	2167	1.02495	0.00198269
1874	2168	1.02495	0.00198269
1874	2169	1.02495	0.00198269
1874	2170	1.02495	0.00198269
1874	2171	1.02495	0.00198269
1874	2172	1.02495	0.00198269
1874	2173	1.02495	0.00198269
1874	2174	1.02495	0.00198269
1874	2175	1.02495	0.00198269
1874	2176	1.02495	0.00198269
1874	2177	1.02495	0.00198269
1874	2178	1.02495	0.00198269
1874	2179	1.02495	0.00198269
1874	2180	1.02495	0.00198269
1874	2181	1.02495	0.00198269
1874	2182	1.02495	0.00198269
1874	2183	1.02495	0.00198269
1874	2184	1.02495	0.00198269
1874	2185	1.02495	0.00198269
1874	2186	1.02495	0.00198269
1874	2187	1.02495	0.00198269
1874	2188	1.02495	0.00198269
1874	2189	1.02495	0.00198269
1874	2190	1.02495	0.00198269
1874	2191	1.02495	0.00198269
1874	2192	1.02495	0.00198269
1874	2193	1.02495	0.00198269
1874	2194	1.02495	0.00198269
1874	2195	1.02495	0.00198269
1874	2196	1.02495	0.00198269
1874	2197	1.02495	0.00198269
1874	2198	1.02495	0.00198269
1874	2199	1.02495	0.00198269
1874	2200	1.02495	0.00198269
1874	2201	1.02495	0.00198269
1874	2202	1.02495	0.00198269
1874	2203	1.02495	0.00198269
1874	2204	1.02495	0.00198269
1874	2205	1.02495	0.00198269
1874	2206	1.02495	0.00198269
1874	2207	1.02495	0.00198269
1874	2208	1.02495	0.00198269
1874	2209	1.02495	0.00198269
1874	2210	1.02495	0.00198269
1874	2211	1.02495	0.00198269
1874	2212	1.02495	0.00198269
1874	2213	1.02495	0.00198269
1874	2214	1.02495	0.00198269
1874	2215	1.02495	0.00198269
1874	2216	1.02495	0.00198269
1874	2217	1.02495	0.00198269
1874	2218	1.02495	0.00198269
1874	2219	1.02495	0.00198269
1874	2220	1.02495	0.00198269
1874	2221	1.02495	0.00198269
1874	2222	1.02495	0.00198269
1874	2223	1.02495	0.00198269
1874	2224	1.02495	0.00198269
1874	2225	1.02495	0.00198269
1874	2226	1.02495	0.00198269
1874	2227	1.02495	0.00198269
1874	2228	1.02495	0.00198269
1874	2229	1.02495	0.00198269
1874	2230	1.02495	0.00198269
1874	2231	1.02495	0.00198269
1874	2232	1.02495	0.00198269
1874	2233	1.02495	0.00198269
1874	2234	1.02495	0.00198269
1874	2235	1.02495	0.00198269
1874	2236	1.02495	0.00198269
1874	2237	1.02495	0.00198269
1874	2238	1.02495	0.00198269
1874	2239	1.02495	0.00198269
1874	2240	1.02495	0.00198269
1874	2241	1.02495	0.00198269
1874	2242	1.02495	0.00198269
1874	2243	1.02495	0.00198269
1874	2244	1.02495	0.00198269
1874	2245	1.02495	0.00198269
1874	2246	1.02495	0.00198269
1874	2247	1.02495	0.00198269
1874	2248	1.02495	0.00198269
1874	2249	1.02495	0.00198269
1874	2250	1.02495	0.00198269
1874	2251	1.02495	0.00198269
1874	2252	1.02495	0.00198269
1874	2253	1.02495	0.00198269
1874	2254	1.02495	0.00198269
1874	2255	1.02495	0.00198269
1874	2256	1.02495	0.00198269
1874	2257	1.02495	0.00198269
1874	2258	1.02495	0.00198269
1874	2259	1.02495	0.00198269
1874	2260	1.02495	0.00198269
1874	2261	1.02495	0.00198269
1874	2262	1.02495	0.00198269
1874	2263	1.02495	0.00198269
1874	2264	1.02495	0.00198269
1874	2265	1.02495	0.00198269
1874	2266	1.02495	0.00198269
1874	2267	1.02495	0.00198269
1874	2268	1.02495	0.00198269
1874	2269	1.02495	0.00198269
1874	2270	1.02495	0.00198269
1874	2271	1.02495	0.00198269
1874	2272	1.02495	0.00198269
1874	2273	1.02495	0.00198269
1874	2274	1.02495	0.00198269
1874	2275	1.02495	0.00198269
1874	2276	1.02495	0.00198269
1874	2277	1.02495	0.00198269
1874	2278	1.02495	0.00198269
1874	2279	1.02495	0.00198269
1874	2280	1.02495	0.00198269
1874	2281	1.02495	0.00198269
1874	2282	1.02495	0.00198269
1874	2283	1.02495	0.00198269
1874	2284	1.02495	0.00198269
1874	2285	1.02495	0.00198269
1874	2286	1.02495	0.00198269
1874	2287	1.02495	0.00198269
1874	2288	1.02495	0.00198269
1874	2289	1.02495	0.00198269
1874	2290	1.02495	0.00198269
1874	2291	1.02495	0.00198269
1874	2292	1.02495	0.00198269
1874	2293	1.02495	0.00198269
1874	2294	1.02495	0.00198269
1874	2295	1.02495	0.00198269
1874	2296	1.02495	0.00198269
1874	2297	1.02495	0.00198269
1874	2298	1.02495	0.00198269
1874	2299	1.02495	0.00198269
1874	2300	1.02495	0.00198269
1874	2301	1.02495	0.00198269
1874	2302	1.02495	0.00198269
1874	2303	1.02495	0.00198269
1874	2304	1.02495	0.00198269
1874	2305	1.02495	0.00198269
1874	2306	1.02495	0.00198269
1874	2307	1.02495	0.00198269
1874	2308	1.02495	0.00198269
1874	2309	1.02495	0.00198269
1874	2310	1.02495	0.00198269
1874	2311	1.02495	0.00198269
1874	2312	1.02495	0.00198269
1874	2313	1.02495	0.00198269
1874	2314	1.02495	0.00198269
1874	2315	1.02495	0.00198269
1874	2316	1.02495	0.00198269
1874	2317	1.02495	0.00198269
1874	2318	1.02495	0.00198269
1874	2319	1.02495	0.00198269
1874	2320	1.02495	0.00198269
1874	2321	1.02495	0.00198269
1874	2322	1.02495	0.00198269
1874	2323	1.02495	0.00198269
1874	2324	1.02495	0.00198269
1874	2325	1.02495	0.00198269
1874	2326	1.02495	0.00198269
1874	2327	1.02495	0.00198269
1874	2328	1.02495	0.00198269
1874	2329	1.02495	0.00198269
1874	2330	1.02495	0.00198269
1874	2331	1.02495	0.00198269
1874	2332	1.02495	0.00198269
1874	2333	1.02495	0.00198269
1874	2334	1.02495	0.00198269
1874	2335	1.02495	0.00198269
1874	2336	1.02495	0.00198269
1874	2337	1.02495	0.00198269
1874	2338	1.02495	0.00198269
1874	2339	1.02495	0.00198269
1874	2340	1.02495	0.00198269
1874	2341	1.02495	0.00198269
1874	2342	1.02495	0.00198269
1874	2343	1.02495	0.00198269
1874	2344	1.02495	0.00198269
1874	2345	1.02495	0.00198269
1874	2346	1.02495	0.00198269
1874	2347	1.02495	0.00198269
1874	2348	1.02495	0.00198269
1874	2349	1.02495	0.00198269
1874	2350	1.02495	0.00198269
1874	2351	1.02495	0.00198269
1874	2352	1.02495	0.00198269
1874	2353	1.02495	0.00198269
1874	2354	1.02495	0.00198269
1874	2355	1.02495	0.00198269
1874	2356	1.02495	0.00198269
1874	2357	1.02495	0.00198269
1874	2358	1.02495	0.00198269
1874	2359	1.02495	0.00198269
1874	2360	1.02495	0.00198269
1874	2361	1.02495	0.00198269
1874	2362	1.02495	0.00198269
1874	2363	1.02495	0.00198269
1874	2364	1.02495	0.00198269
1874	2365	1.02495	0.00198269
1874	2366	1.02495	0.00198269
1874	2367	1.02495	0.00198269
1874	2368	1.02495	0.00198269
1874	2369	1.02495	0.00198269
1874	2370	1.02495	0.00198269
1874	2371	1.02495	0.00198269
1874	2372	1.02495	0.00198269
1874	2373	1.02495	0.00198269
1874	2374	1.02495	0.00198269
1874	2375	1.02495	0.00198269
1874	2376	1.02495	0.00198269
1874	2377	1.02495	0.00198269
1874	2378	1.02495	0.00198269
1874	2379	1.02495	0.00198269
1874	2380	1.02495	0.00198269
1874	2381	1.02495	0.00198269
1874	2382	1.02495	0.00198269
1874	2383	1.02495	0.00198269
1874	2384	1.02495	0.00198269
1874	2385	1.02495	0.00198269
1874	2386	1.02495	0.00198269
1874	2387	1.02495	0.00198269
1874	2388	1.02495	0.00198269
1874	2389	1.02495	0.00198269
1874	2390	1.02495	0.00198269
1874	2391	1.02495	0.00198269
1874	2392	1.02495	0.00198269
1874	2393	1.02495	0.00198269
1874	2394	1.02495	0.00198269
1874	2395	1.02495	0.00198269
1874	2396	1.02495	0.00198269
1874	2397	1.02495	0.00198269
1874	2398	1.02495	0.00198269
1874	2399	1.02495	0.00198269
1874	2400	1.02495	0.00198269
1874	2401	1.02495	0.00198269
1874	2402	1.02495	0.00198269
1874	2403	1.02495	0.00198269
1874	2404	1.02495	0.00198269
1874	2405	1.02495	0.00198269
1874	2406	1.02495	0.00198269
1874	2407	1.02495	0.00198269
1874	2408	1.02495	0.00198269
1874	2409	1.02495	0.00198269
1874	2410	1.02495	0.00198269
1874	2411	1.02495	0.00198269
1874	2412	1.02495	0.00198269
1874	2413	1.02495	0.00198269
1874	2414	1.02495	0.00198269
1874	2415	1.02495	0.00198269
1874	2416	1.02495	0.00198269
1874	2417	1.02495	0.00198269
1874	2418	1.02495	0.00198269
1874	2419	1.02495	0.00198269
1874	2420	1.02495	0.00198269
1874	2421	1.02495	0.00198269
1874	2422	1.02495	0.00198269
1874	2423	1.02495	0.00198269
1874	2424	1.02495	0.00198269
1874	2425	1.02495	0.00198269
1874	2426	1.02495	0.00198269
1874	2427	1.02495	0.00198269
1874	2428	1.02495	0.00198269
