1807	0	1.0062	0.0019293
1807	1	1.0062	0.0019293
1807	2	1.0062	0.0019293
1807	3	1.0062	0.0019293
1807	4	1.0062	0.0019293
1807	5	1.0062	0.0019293
1807	6	1.0062	0.0019293
1807	7	1.0062	0.0019293
1807	8	1.0062	0.0019293
1807	9	1.0062	0.0019293
1807	10	1.0062	0.0019293
1807	11	1.0062	0.0019293
1807	12	1.0062	0.0019293
1807	13	1.0062	0.0019293
1807	14	1.0062	0.0019293
1807	15	1.0062	0.0019293
1807	16	1.0062	0.0019293
1807	17	1.0062	0.0019293
1807	18	1.0062	0.0019293
1807	19	1.0062	0.0019293
1807	20	1.0062	0.0019293
1807	21	1.0062	0.0019293
1807	22	1.0062	0.0019293
1807	23	1.0062	0.0019293
1807	24	1.0062	0.0019293
1807	25	1.0062	0.0019293
1807	26	1.0062	0.0019293
1807	27	1.0062	0.0019293
1807	28	1.0062	0.0019293
1807	29	1.0062	0.0019293
1807	30	1.0062	0.0019293
1807	31	1.0062	0.0019293
1807	32	1.0062	0.0019293
1807	33	1.0062	0.0019293
1807	34	1.0062	0.0019293
1807	35	1.0062	0.0019293
1807	36	1.0062	0.0019293
1807	37	1.0062	0.0019293
1807	38	1.0062	0.0019293
1807	39	1.0062	0.0019293
1807	40	1.0062	0.0019293
1807	41	1.0062	0.0019293
1807	42	1.0062	0.0019293
1807	43	1.0062	0.0019293
1807	44	1.0062	0.0019293
1807	45	1.0062	0.0019293
1807	46	1.0062	0.0019293
1807	47	1.0062	0.0019293
1807	48	1.0062	0.0019293
1807	49	1.0062	0.0019293
1807	50	1.0062	0.0019293
1807	51	1.0062	0.0019293
1807	52	1.0062	0.0019293
1807	53	1.0062	0.0019293
1807	54	1.0062	0.0019293
1807	55	1.0062	0.0019293
1807	56	1.0062	0.0019293
1807	57	1.0062	0.0019293
1807	58	1.0062	0.0019293
1807	59	1.0062	0.0019293
1807	60	1.0062	0.0019293
1807	61	1.0062	0.0019293
1807	62	1.0062	0.0019293
1807	63	1.0062	0.0019293
1807	64	1.0062	0.0019293
1807	65	1.0062	0.0019293
1807	66	1.0062	0.0019293
1807	67	1.0062	0.0019293
1807	68	1.0062	0.0019293
1807	69	1.0062	0.0019293
1807	70	1.0062	0.0019293
1807	71	1.0062	0.0019293
1807	72	1.0062	0.0019293
1807	73	1.0062	0.0019293
1807	74	1.0062	0.0019293
1807	75	1.0062	0.0019293
1807	76	1.0062	0.0019293
1807	77	1.0062	0.0019293
1807	78	1.0062	0.0019293
1807	79	1.0062	0.0019293
1807	80	1.0062	0.0019293
1807	81	1.0062	0.0019293
1807	82	1.0062	0.0019293
1807	83	1.0062	0.0019293
1807	84	1.0062	0.0019293
1807	85	1.0062	0.0019293
1807	86	1.0062	0.0019293
1807	87	1.0062	0.0019293
1807	88	1.0062	0.0019293
1807	89	1.0062	0.0019293
1807	90	1.0062	0.0019293
1807	91	1.0062	0.0019293
1807	92	1.0062	0.0019293
1807	93	1.0062	0.0019293
1807	94	1.0062	0.0019293
1807	95	1.0062	0.0019293
1807	96	1.0062	0.0019293
1807	97	1.0062	0.0019293
1807	98	1.0062	0.0019293
1807	99	1.0062	0.0019293
1807	100	1.0062	0.0019293
1807	101	1.0062	0.0019293
1807	102	1.0062	0.0019293
1807	103	1.0062	0.0019293
1807	104	1.0062	0.0019293
1807	105	1.0062	0.0019293
1807	106	1.0062	0.0019293
1807	107	1.0062	0.0019293
1807	108	1.0062	0.0019293
1807	109	1.0062	0.0019293
1807	110	1.0062	0.0019293
1807	111	1.0062	0.0019293
1807	112	1.0062	0.0019293
1807	113	1.0062	0.0019293
1807	114	1.0062	0.0019293
1807	115	1.0062	0.0019293
1807	116	1.0062	0.0019293
1807	117	1.0062	0.0019293
1807	118	1.0062	0.0019293
1807	119	1.0062	0.0019293
1807	120	1.0062	0.0019293
1807	121	1.0062	0.0019293
1807	122	1.0062	0.0019293
1807	123	1.0062	0.0019293
1807	124	1.0062	0.0019293
1807	125	1.0062	0.0019293
1807	126	1.0062	0.0019293
1807	127	1.0062	0.0019293
1807	128	1.0062	0.0019293
1807	129	1.0062	0.0019293
1807	130	1.0062	0.0019293
1807	131	1.0062	0.0019293
1807	132	1.0062	0.0019293
1807	133	1.0062	0.0019293
1807	134	1.0062	0.0019293
1807	135	1.0062	0.0019293
1807	136	1.0062	0.0019293
1807	137	1.0062	0.0019293
1807	138	1.0062	0.0019293
1807	139	1.0062	0.0019293
1807	140	1.0062	0.0019293
1807	141	1.0062	0.0019293
1807	142	1.0062	0.0019293
1807	143	1.0062	0.0019293
1807	144	1.0062	0.0019293
1807	145	1.0062	0.0019293
1807	146	1.0062	0.0019293
1807	147	1.0062	0.0019293
1807	148	1.0062	0.0019293
1807	149	1.0062	0.0019293
1807	150	1.0062	0.0019293
1807	151	1.0062	0.0019293
1807	152	1.0062	0.0019293
1807	153	1.0062	0.0019293
1807	154	1.0062	0.0019293
1807	155	1.0062	0.0019293
1807	156	1.0062	0.0019293
1807	157	1.0062	0.0019293
1807	158	1.0062	0.0019293
1807	159	1.0062	0.0019293
1807	160	1.0062	0.0019293
1807	161	1.0062	0.0019293
1807	162	1.0062	0.0019293
1807	163	1.0062	0.0019293
1807	164	1.0062	0.0019293
1807	165	1.0062	0.0019293
1807	166	1.0062	0.0019293
1807	167	1.0062	0.0019293
1807	168	1.0062	0.0019293
1807	169	1.0062	0.0019293
1807	170	1.0062	0.0019293
1807	171	1.0062	0.0019293
1807	172	1.0062	0.0019293
1807	173	1.0062	0.0019293
1807	174	1.0062	0.0019293
1807	175	1.0062	0.0019293
1807	176	1.0062	0.0019293
1807	177	1.0062	0.0019293
1807	178	1.0062	0.0019293
1807	179	1.0062	0.0019293
1807	180	1.0062	0.0019293
1807	181	1.0062	0.0019293
1807	182	1.0062	0.0019293
1807	183	1.0062	0.0019293
1807	184	1.0062	0.0019293
1807	185	1.0062	0.0019293
1807	186	1.0062	0.0019293
1807	187	1.0062	0.0019293
1807	188	1.0062	0.0019293
1807	189	1.0062	0.0019293
1807	190	1.0062	0.0019293
1807	191	1.0062	0.0019293
1807	192	1.0062	0.0019293
1807	193	1.0062	0.0019293
1807	194	1.0062	0.0019293
1807	195	1.0062	0.0019293
1807	196	1.0062	0.0019293
1807	197	1.0062	0.0019293
1807	198	1.0062	0.0019293
1807	199	1.0062	0.0019293
1807	200	1.0062	0.0019293
1807	201	1.0062	0.0019293
1807	202	1.0062	0.0019293
1807	203	1.0062	0.0019293
1807	204	1.0062	0.0019293
1807	205	1.0062	0.0019293
1807	206	1.0062	0.0019293
1807	207	1.0062	0.0019293
1807	208	1.0062	0.0019293
1807	209	1.0062	0.0019293
1807	210	1.0062	0.0019293
1807	211	1.0062	0.0019293
1807	212	1.0062	0.0019293
1807	213	1.0062	0.0019293
1807	214	1.0062	0.0019293
1807	215	1.0062	0.0019293
1807	216	1.0062	0.0019293
1807	217	1.0062	0.0019293
1807	218	1.0062	0.0019293
1807	219	1.0062	0.0019293
1807	220	1.0062	0.0019293
1807	221	1.0062	0.0019293
1807	222	1.0062	0.0019293
1807	223	1.0062	0.0019293
1807	224	1.0062	0.0019293
1807	225	1.0062	0.0019293
1807	226	1.0062	0.0019293
1807	227	1.0062	0.0019293
1807	228	1.0062	0.0019293
1807	229	1.0062	0.0019293
1807	230	1.0062	0.0019293
1807	231	1.0062	0.0019293
1807	232	1.0062	0.0019293
1807	233	1.0062	0.0019293
1807	234	1.0062	0.0019293
1807	235	1.0062	0.0019293
1807	236	1.0062	0.0019293
1807	237	1.0062	0.0019293
1807	238	1.0062	0.0019293
1807	239	1.0062	0.0019293
1807	240	1.0062	0.0019293
1807	241	1.0062	0.0019293
1807	242	1.0062	0.0019293
1807	243	1.0062	0.0019293
1807	244	1.0062	0.0019293
1807	245	1.0062	0.0019293
1807	246	1.0062	0.0019293
1807	247	1.0062	0.0019293
1807	248	1.0062	0.0019293
1807	249	1.0062	0.0019293
1807	250	1.0062	0.0019293
1807	251	1.0062	0.0019293
1807	252	1.0062	0.0019293
1807	253	1.0062	0.0019293
1807	254	1.0062	0.0019293
1807	255	1.0062	0.0019293
1807	256	1.0062	0.0019293
1807	257	1.0062	0.0019293
1807	258	1.0062	0.0019293
1807	259	1.0062	0.0019293
1807	260	1.0062	0.0019293
1807	261	1.0062	0.0019293
1807	262	1.0062	0.0019293
1807	263	1.0062	0.0019293
1807	264	1.0062	0.0019293
1807	265	1.0062	0.0019293
1807	266	1.0062	0.0019293
1807	267	1.0062	0.0019293
1807	268	1.0062	0.0019293
1807	269	1.0062	0.0019293
1807	270	1.0062	0.0019293
1807	271	1.0062	0.0019293
1807	272	1.0062	0.0019293
1807	273	1.0062	0.0019293
1807	274	1.0062	0.0019293
1807	275	1.0062	0.0019293
1807	276	1.0062	0.0019293
1807	277	1.0062	0.0019293
1807	278	1.0062	0.0019293
1807	279	1.0062	0.0019293
1807	280	1.0062	0.0019293
1807	281	1.0062	0.0019293
1807	282	1.0062	0.0019293
1807	283	1.0062	0.0019293
1807	284	1.0062	0.0019293
1807	285	1.0062	0.0019293
1807	286	1.0062	0.0019293
1807	287	1.0062	0.0019293
1807	288	1.0062	0.0019293
1807	289	1.0062	0.0019293
1807	290	1.0062	0.0019293
1807	291	1.0062	0.0019293
1807	292	1.0062	0.0019293
1807	293	1.0062	0.0019293
1807	294	1.0062	0.0019293
1807	295	1.0062	0.0019293
1807	296	1.0062	0.0019293
1807	297	1.0062	0.0019293
1807	298	1.0062	0.0019293
1807	299	1.0062	0.0019293
1807	300	1.0062	0.0019293
1807	301	1.0062	0.0019293
1807	302	1.0062	0.0019293
1807	303	1.0062	0.0019293
1807	304	1.0062	0.0019293
1807	305	1.0062	0.0019293
1807	306	1.0062	0.0019293
1807	307	1.0062	0.0019293
1807	308	1.0062	0.0019293
1807	309	1.0062	0.0019293
1807	310	1.0062	0.0019293
1807	311	1.0062	0.0019293
1807	312	1.0062	0.0019293
1807	313	1.0062	0.0019293
1807	314	1.0062	0.0019293
1807	315	1.0062	0.0019293
1807	316	1.0062	0.0019293
1807	317	1.0062	0.0019293
1807	318	1.0062	0.0019293
1807	319	1.0062	0.0019293
1807	320	1.0062	0.0019293
1807	321	1.0062	0.0019293
1807	322	1.0062	0.0019293
1807	323	1.0062	0.0019293
1807	324	1.0062	0.0019293
1807	325	1.0062	0.0019293
1807	326	1.0062	0.0019293
1807	327	1.0062	0.0019293
1807	328	1.0062	0.0019293
1807	329	1.0062	0.0019293
1807	330	1.0062	0.0019293
1807	331	1.0062	0.0019293
1807	332	1.0062	0.0019293
1807	333	1.0062	0.0019293
1807	334	1.0062	0.0019293
1807	335	1.0062	0.0019293
1807	336	1.0062	0.0019293
1807	337	1.0062	0.0019293
1807	338	1.0062	0.0019293
1807	339	1.0062	0.0019293
1807	340	1.0062	0.0019293
1807	341	1.0062	0.0019293
1807	342	1.0062	0.0019293
1807	343	1.0062	0.0019293
1807	344	1.0062	0.0019293
1807	345	1.0062	0.0019293
1807	346	1.0062	0.0019293
1807	347	1.0062	0.0019293
1807	348	1.0062	0.0019293
1807	349	1.0062	0.0019293
1807	350	1.0062	0.0019293
1807	351	1.0062	0.0019293
1807	352	1.0062	0.0019293
1807	353	1.0062	0.0019293
1807	354	1.0062	0.0019293
1807	355	1.0062	0.0019293
1807	356	1.0062	0.0019293
1807	357	1.0062	0.0019293
1807	358	1.0062	0.0019293
1807	359	1.0062	0.0019293
1807	360	1.0062	0.0019293
1807	361	1.0062	0.0019293
1807	362	1.0062	0.0019293
1807	363	1.0062	0.0019293
1807	364	1.0062	0.0019293
1807	365	1.0062	0.0019293
1807	366	1.0062	0.0019293
1807	367	1.0062	0.0019293
1807	368	1.0062	0.0019293
1807	369	1.0062	0.0019293
1807	370	1.0062	0.0019293
1807	371	1.0062	0.0019293
1807	372	1.0062	0.0019293
1807	373	1.0062	0.0019293
1807	374	1.0062	0.0019293
1807	375	1.0062	0.0019293
1807	376	1.0062	0.0019293
1807	377	1.0062	0.0019293
1807	378	1.0062	0.0019293
1807	379	1.0062	0.0019293
1807	380	1.0062	0.0019293
1807	381	1.0062	0.0019293
1807	382	1.0062	0.0019293
1807	383	1.0062	0.0019293
1807	384	1.0062	0.0019293
1807	385	1.0062	0.0019293
1807	386	1.0062	0.0019293
1807	387	1.0062	0.0019293
1807	388	1.0062	0.0019293
1807	389	1.0062	0.0019293
1807	390	1.0062	0.0019293
1807	391	1.0062	0.0019293
1807	392	1.0062	0.0019293
1807	393	1.0062	0.0019293
1807	394	1.0062	0.0019293
1807	395	1.0062	0.0019293
1807	396	1.0062	0.0019293
1807	397	1.0062	0.0019293
1807	398	1.0062	0.0019293
1807	399	1.0062	0.0019293
1807	400	1.0062	0.0019293
1807	401	1.0062	0.0019293
1807	402	1.0062	0.0019293
1807	403	1.0062	0.0019293
1807	404	1.0062	0.0019293
1807	405	1.0062	0.0019293
1807	406	1.0062	0.0019293
1807	407	1.0062	0.0019293
1807	408	1.0062	0.0019293
1807	409	1.0062	0.0019293
1807	410	1.0062	0.0019293
1807	411	1.0062	0.0019293
1807	412	1.0062	0.0019293
1807	413	1.0062	0.0019293
1807	414	1.0062	0.0019293
1807	415	1.0062	0.0019293
1807	416	1.0062	0.0019293
1807	417	1.0062	0.0019293
1807	418	1.0062	0.0019293
1807	419	1.0062	0.0019293
1807	420	1.0062	0.0019293
1807	421	1.0062	0.0019293
1807	422	1.0062	0.0019293
1807	423	1.0062	0.0019293
1807	424	1.0062	0.0019293
1807	425	1.0062	0.0019293
1807	426	1.0062	0.0019293
1807	427	1.0062	0.0019293
1807	428	1.0062	0.0019293
1807	429	1.0062	0.0019293
1807	430	1.0062	0.0019293
1807	431	1.0062	0.0019293
1807	432	1.0062	0.0019293
1807	433	1.0062	0.0019293
1807	434	1.0062	0.0019293
1807	435	1.0062	0.0019293
1807	436	1.0062	0.0019293
1807	437	1.0062	0.0019293
1807	438	1.0062	0.0019293
1807	439	1.0062	0.0019293
1807	440	1.0062	0.0019293
1807	441	1.0062	0.0019293
1807	442	1.0062	0.0019293
1807	443	1.0062	0.0019293
1807	444	1.0062	0.0019293
1807	445	1.0062	0.0019293
1807	446	1.0062	0.0019293
1807	447	1.0062	0.0019293
1807	448	1.0062	0.0019293
1807	449	1.0062	0.0019293
1807	450	1.0062	0.0019293
1807	451	1.0062	0.0019293
1807	452	1.0062	0.0019293
1807	453	1.0062	0.0019293
1807	454	1.0062	0.0019293
1807	455	1.0062	0.0019293
1807	456	1.0062	0.0019293
1807	457	1.0062	0.0019293
1807	458	1.0062	0.0019293
1807	459	1.0062	0.0019293
1807	460	1.0062	0.0019293
1807	461	1.0062	0.0019293
1807	462	1.0062	0.0019293
1807	463	1.0062	0.0019293
1807	464	1.0062	0.0019293
1807	465	1.0062	0.0019293
1807	466	1.0062	0.0019293
1807	467	1.0062	0.0019293
1807	468	1.0062	0.0019293
1807	469	1.0062	0.0019293
1807	470	1.0062	0.0019293
1807	471	1.0062	0.0019293
1807	472	1.0062	0.0019293
1807	473	1.0062	0.0019293
1807	474	1.0062	0.0019293
1807	475	1.0062	0.0019293
1807	476	1.0062	0.0019293
1807	477	1.0062	0.0019293
1807	478	1.0062	0.0019293
1807	479	1.0062	0.0019293
1807	480	1.0062	0.0019293
1807	481	1.0062	0.0019293
1807	482	1.0062	0.0019293
1807	483	1.0062	0.0019293
1807	484	1.0062	0.0019293
1807	485	1.0062	0.0019293
1807	486	1.0062	0.0019293
1807	487	1.0062	0.0019293
1807	488	1.0062	0.0019293
1807	489	1.0062	0.0019293
1807	490	1.0062	0.0019293
1807	491	1.0062	0.0019293
1807	492	1.0062	0.0019293
1807	493	1.0062	0.0019293
1807	494	1.0062	0.0019293
1807	495	1.0062	0.0019293
1807	496	1.0062	0.0019293
1807	497	1.0062	0.0019293
1807	498	1.0062	0.0019293
1807	499	1.0062	0.0019293
1807	500	1.0062	0.0019293
1807	501	1.0062	0.0019293
1807	502	1.0062	0.0019293
1807	503	1.0062	0.0019293
1807	504	1.0062	0.0019293
1807	505	1.0062	0.0019293
1807	506	1.0062	0.0019293
1807	507	1.0062	0.0019293
1807	508	1.0062	0.0019293
1807	509	1.0062	0.0019293
1807	510	1.0062	0.0019293
1807	511	1.0062	0.0019293
1807	512	1.0062	0.0019293
1807	513	1.0062	0.0019293
1807	514	1.0062	0.0019293
1807	515	1.0062	0.0019293
1807	516	1.0062	0.0019293
1807	517	1.0062	0.0019293
1807	518	1.0062	0.0019293
1807	519	1.0062	0.0019293
1807	520	1.0062	0.0019293
1807	521	1.0062	0.0019293
1807	522	1.0062	0.0019293
1807	523	1.0062	0.0019293
1807	524	1.0062	0.0019293
1807	525	1.0062	0.0019293
1807	526	1.0062	0.0019293
1807	527	1.0062	0.0019293
1807	528	1.0062	0.0019293
1807	529	1.0062	0.0019293
1807	530	1.0062	0.0019293
1807	531	1.0062	0.0019293
1807	532	1.0062	0.0019293
1807	533	1.0062	0.0019293
1807	534	1.0062	0.0019293
1807	535	1.0062	0.0019293
1807	536	1.0062	0.0019293
1807	537	1.0062	0.0019293
1807	538	1.0062	0.0019293
1807	539	1.0062	0.0019293
1807	540	1.0062	0.0019293
1807	541	1.0062	0.0019293
1807	542	1.0062	0.0019293
1807	543	1.0062	0.0019293
1807	544	1.0062	0.0019293
1807	545	1.0062	0.0019293
1807	546	1.0062	0.0019293
1807	547	1.0062	0.0019293
1807	548	1.0062	0.0019293
1807	549	1.0062	0.0019293
1807	550	1.0062	0.0019293
1807	551	1.0062	0.0019293
1807	552	1.0062	0.0019293
1807	553	1.0062	0.0019293
1807	554	1.0062	0.0019293
1807	555	1.0062	0.0019293
1807	556	1.0062	0.0019293
1807	557	1.0062	0.0019293
1807	558	1.0062	0.0019293
1807	559	1.0062	0.0019293
1807	560	1.0062	0.0019293
1807	561	1.0062	0.0019293
1807	562	1.0062	0.0019293
1807	563	1.0062	0.0019293
1807	564	1.0062	0.0019293
1807	565	1.0062	0.0019293
1807	566	1.0062	0.0019293
1807	567	1.0062	0.0019293
1807	568	1.0062	0.0019293
1807	569	1.0062	0.0019293
1807	570	1.0062	0.0019293
1807	571	1.0062	0.0019293
1807	572	1.0062	0.0019293
1807	573	1.0062	0.0019293
1807	574	1.0062	0.0019293
1807	575	1.0062	0.0019293
1807	576	1.0062	0.0019293
1807	577	1.0062	0.0019293
1807	578	1.0062	0.0019293
1807	579	1.0062	0.0019293
1807	580	1.0062	0.0019293
1807	581	1.0062	0.0019293
1807	582	1.0062	0.0019293
1807	583	1.0062	0.0019293
1807	584	1.0062	0.0019293
1807	585	1.0062	0.0019293
1807	586	1.0062	0.0019293
1807	587	1.0062	0.0019293
1807	588	1.0062	0.0019293
1807	589	1.0062	0.0019293
1807	590	1.0062	0.0019293
1807	591	1.0062	0.0019293
1807	592	1.0062	0.0019293
1807	593	1.0062	0.0019293
1807	594	1.0062	0.0019293
1807	595	1.0062	0.0019293
1807	596	1.0062	0.0019293
1807	597	1.0062	0.0019293
1807	598	1.0062	0.0019293
1807	599	1.0062	0.0019293
1807	600	1.0062	0.0019293
1807	601	1.0062	0.0019293
1807	602	1.0062	0.0019293
1807	603	1.0062	0.0019293
1807	604	1.0062	0.0019293
1807	605	1.0062	0.0019293
1807	606	1.0062	0.0019293
1807	607	1.0062	0.0019293
1807	608	1.0062	0.0019293
1807	609	1.0062	0.0019293
1807	610	1.0062	0.0019293
1807	611	1.0062	0.0019293
1807	612	1.0062	0.0019293
1807	613	1.0062	0.0019293
1807	614	1.0062	0.0019293
1807	615	1.0062	0.0019293
1807	616	1.0062	0.0019293
1807	617	1.0062	0.0019293
1807	618	1.0062	0.0019293
1807	619	1.0062	0.0019293
1807	620	1.0062	0.0019293
1807	621	1.0062	0.0019293
1807	622	1.0062	0.0019293
1807	623	1.0062	0.0019293
1807	624	1.0062	0.0019293
1807	625	1.0062	0.0019293
1807	626	1.0062	0.0019293
1807	627	1.0062	0.0019293
1807	628	1.0062	0.0019293
1807	629	1.0062	0.0019293
1807	630	1.0062	0.0019293
1807	631	1.0062	0.0019293
1807	632	1.0062	0.0019293
1807	633	1.0062	0.0019293
1807	634	1.0062	0.0019293
1807	635	1.0062	0.0019293
1807	636	1.0062	0.0019293
1807	637	1.0062	0.0019293
1807	638	1.0062	0.0019293
1807	639	1.0062	0.0019293
1807	640	1.0062	0.0019293
1807	641	1.0062	0.0019293
1807	642	1.0062	0.0019293
1807	643	1.0062	0.0019293
1807	644	1.0062	0.0019293
1807	645	1.0062	0.0019293
1807	646	1.0062	0.0019293
1807	647	1.0062	0.0019293
1807	648	1.0062	0.0019293
1807	649	1.0062	0.0019293
1807	650	1.0062	0.0019293
1807	651	1.0062	0.0019293
1807	652	1.0062	0.0019293
1807	653	1.0062	0.0019293
1807	654	1.0062	0.0019293
1807	655	1.0062	0.0019293
1807	656	1.0062	0.0019293
1807	657	1.0062	0.0019293
1807	658	1.0062	0.0019293
1807	659	1.0062	0.0019293
1807	660	1.0062	0.0019293
1807	661	1.0062	0.0019293
1807	662	1.0062	0.0019293
1807	663	1.0062	0.0019293
1807	664	1.0062	0.0019293
1807	665	1.0062	0.0019293
1807	666	1.0062	0.0019293
1807	667	1.0062	0.0019293
1807	668	1.0062	0.0019293
1807	669	1.0062	0.0019293
1807	670	1.0062	0.0019293
1807	671	1.0062	0.0019293
1807	672	1.0062	0.0019293
1807	673	1.0062	0.0019293
1807	674	1.0062	0.0019293
1807	675	1.0062	0.0019293
1807	676	1.0062	0.0019293
1807	677	1.0062	0.0019293
1807	678	1.0062	0.0019293
1807	679	1.0062	0.0019293
1807	680	1.0062	0.0019293
1807	681	1.0062	0.0019293
1807	682	1.0062	0.0019293
1807	683	1.0062	0.0019293
1807	684	1.0062	0.0019293
1807	685	1.0062	0.0019293
1807	686	1.0062	0.0019293
1807	687	1.0062	0.0019293
1807	688	1.0062	0.0019293
1807	689	1.0062	0.0019293
1807	690	1.0062	0.0019293
1807	691	1.0062	0.0019293
1807	692	1.0062	0.0019293
1807	693	1.0062	0.0019293
1807	694	1.0062	0.0019293
1807	695	1.0062	0.0019293
1807	696	1.0062	0.0019293
1807	697	1.0062	0.0019293
1807	698	1.0062	0.0019293
1807	699	1.0062	0.0019293
1807	700	1.0062	0.0019293
1807	701	1.0062	0.0019293
1807	702	1.0062	0.0019293
1807	703	1.0062	0.0019293
1807	704	1.0062	0.0019293
1807	705	1.0062	0.0019293
1807	706	1.0062	0.0019293
1807	707	1.0062	0.0019293
1807	708	1.0062	0.0019293
1807	709	1.0062	0.0019293
1807	710	1.0062	0.0019293
1807	711	1.0062	0.0019293
1807	712	1.0062	0.0019293
1807	713	1.0062	0.0019293
1807	714	1.0062	0.0019293
1807	715	1.0062	0.0019293
1807	716	1.0062	0.0019293
1807	717	1.0062	0.0019293
1807	718	1.0062	0.0019293
1807	719	1.0062	0.0019293
1807	720	1.0062	0.0019293
1807	721	1.0062	0.0019293
1807	722	1.0062	0.0019293
1807	723	1.0062	0.0019293
1807	724	1.0062	0.0019293
1807	725	1.0062	0.0019293
1807	726	1.0062	0.0019293
1807	727	1.0062	0.0019293
1807	728	1.0062	0.0019293
1807	729	1.0062	0.0019293
1807	730	1.0062	0.0019293
1807	731	1.0062	0.0019293
1807	732	1.0062	0.0019293
1807	733	1.0062	0.0019293
1807	734	1.0062	0.0019293
1807	735	1.0062	0.0019293
1807	736	1.0062	0.0019293
1807	737	1.0062	0.0019293
1807	738	1.0062	0.0019293
1807	739	1.0062	0.0019293
1807	740	1.0062	0.0019293
1807	741	1.0062	0.0019293
1807	742	1.0062	0.0019293
1807	743	1.0062	0.0019293
1807	744	1.0062	0.0019293
1807	745	1.0062	0.0019293
1807	746	1.0062	0.0019293
1807	747	1.0062	0.0019293
1807	748	1.0062	0.0019293
1807	749	1.0062	0.0019293
1807	750	1.0062	0.0019293
1807	751	1.0062	0.0019293
1807	752	1.0062	0.0019293
1807	753	1.0062	0.0019293
1807	754	1.0062	0.0019293
1807	755	1.0062	0.0019293
1807	756	1.0062	0.0019293
1807	757	1.0062	0.0019293
1807	758	1.0062	0.0019293
1807	759	1.0062	0.0019293
1807	760	1.0062	0.0019293
1807	761	1.0062	0.0019293
1807	762	1.0062	0.0019293
1807	763	1.0062	0.0019293
1807	764	1.0062	0.0019293
1807	765	1.0062	0.0019293
1807	766	1.0062	0.0019293
1807	767	1.0062	0.0019293
1807	768	1.0062	0.0019293
1807	769	1.0062	0.0019293
1807	770	1.0062	0.0019293
1807	771	1.0062	0.0019293
1807	772	1.0062	0.0019293
1807	773	1.0062	0.0019293
1807	774	1.0062	0.0019293
1807	775	1.0062	0.0019293
1807	776	1.0062	0.0019293
1807	777	1.0062	0.0019293
1807	778	1.0062	0.0019293
1807	779	1.0062	0.0019293
1807	780	1.0062	0.0019293
1807	781	1.0062	0.0019293
1807	782	1.0062	0.0019293
1807	783	1.0062	0.0019293
1807	784	1.0062	0.0019293
1807	785	1.0062	0.0019293
1807	786	1.0062	0.0019293
1807	787	1.0062	0.0019293
1807	788	1.0062	0.0019293
1807	789	1.0062	0.0019293
1807	790	1.0062	0.0019293
1807	791	1.0062	0.0019293
1807	792	1.0062	0.0019293
1807	793	1.0062	0.0019293
1807	794	1.0062	0.0019293
1807	795	1.0062	0.0019293
1807	796	1.0062	0.0019293
1807	797	1.0062	0.0019293
1807	798	1.0062	0.0019293
1807	799	1.0062	0.0019293
1807	800	1.0062	0.0019293
1807	801	1.0062	0.0019293
1807	802	1.0062	0.0019293
1807	803	1.0062	0.0019293
1807	804	1.0062	0.0019293
1807	805	1.0062	0.0019293
1807	806	1.0062	0.0019293
1807	807	1.0062	0.0019293
1807	808	1.0062	0.0019293
1807	809	1.0062	0.0019293
1807	810	1.0062	0.0019293
1807	811	1.0062	0.0019293
1807	812	1.0062	0.0019293
1807	813	1.0062	0.0019293
1807	814	1.0062	0.0019293
1807	815	1.0062	0.0019293
1807	816	1.0062	0.0019293
1807	817	1.0062	0.0019293
1807	818	1.0062	0.0019293
1807	819	1.0062	0.0019293
1807	820	1.0062	0.0019293
1807	821	1.0062	0.0019293
1807	822	1.0062	0.0019293
1807	823	1.0062	0.0019293
1807	824	1.0062	0.0019293
1807	825	1.0062	0.0019293
1807	826	1.0062	0.0019293
1807	827	1.0062	0.0019293
1807	828	1.0062	0.0019293
1807	829	1.0062	0.0019293
1807	830	1.0062	0.0019293
1807	831	1.0062	0.0019293
1807	832	1.0062	0.0019293
1807	833	1.0062	0.0019293
1807	834	1.0062	0.0019293
1807	835	1.0062	0.0019293
1807	836	1.0062	0.0019293
1807	837	1.0062	0.0019293
1807	838	1.0062	0.0019293
1807	839	1.0062	0.0019293
1807	840	1.0062	0.0019293
1807	841	1.0062	0.0019293
1807	842	1.0062	0.0019293
1807	843	1.0062	0.0019293
1807	844	1.0062	0.0019293
1807	845	1.0062	0.0019293
1807	846	1.0062	0.0019293
1807	847	1.0062	0.0019293
1807	848	1.0062	0.0019293
1807	849	1.0062	0.0019293
1807	850	1.0062	0.0019293
1807	851	1.0062	0.0019293
1807	852	1.0062	0.0019293
1807	853	1.0062	0.0019293
1807	854	1.0062	0.0019293
1807	855	1.0062	0.0019293
1807	856	1.0062	0.0019293
1807	857	1.0062	0.0019293
1807	858	1.0062	0.0019293
1807	859	1.0062	0.0019293
1807	860	1.0062	0.0019293
1807	861	1.0062	0.0019293
1807	862	1.0062	0.0019293
1807	863	1.0062	0.0019293
1807	864	1.0062	0.0019293
1807	865	1.0062	0.0019293
1807	866	1.0062	0.0019293
1807	867	1.0062	0.0019293
1807	868	1.0062	0.0019293
1807	869	1.0062	0.0019293
1807	870	1.0062	0.0019293
1807	871	1.0062	0.0019293
1807	872	1.0062	0.0019293
1807	873	1.0062	0.0019293
1807	874	1.0062	0.0019293
1807	875	1.0062	0.0019293
1807	876	1.0062	0.0019293
1807	877	1.0062	0.0019293
1807	878	1.0062	0.0019293
1807	879	1.0062	0.0019293
1807	880	1.0062	0.0019293
1807	881	1.0062	0.0019293
1807	882	1.0062	0.0019293
1807	883	1.0062	0.0019293
1807	884	1.0062	0.0019293
1807	885	1.0062	0.0019293
1807	886	1.0062	0.0019293
1807	887	1.0062	0.0019293
1807	888	1.0062	0.0019293
1807	889	1.0062	0.0019293
1807	890	1.0062	0.0019293
1807	891	1.0062	0.0019293
1807	892	1.0062	0.0019293
1807	893	1.0062	0.0019293
1807	894	1.0062	0.0019293
1807	895	1.0062	0.0019293
1807	896	1.0062	0.0019293
1807	897	1.0062	0.0019293
1807	898	1.0062	0.0019293
1807	899	1.0062	0.0019293
1807	900	1.0062	0.0019293
1807	901	1.0062	0.0019293
1807	902	1.0062	0.0019293
1807	903	1.0062	0.0019293
1807	904	1.0062	0.0019293
1807	905	1.0062	0.0019293
1807	906	1.0062	0.0019293
1807	907	1.0062	0.0019293
1807	908	1.0062	0.0019293
1807	909	1.0062	0.0019293
1807	910	1.0062	0.0019293
1807	911	1.0062	0.0019293
1807	912	1.0062	0.0019293
1807	913	1.0062	0.0019293
1807	914	1.0062	0.0019293
1807	915	1.0062	0.0019293
1807	916	1.0062	0.0019293
1807	917	1.0062	0.0019293
1807	918	1.0062	0.0019293
1807	919	1.0062	0.0019293
1807	920	1.0062	0.0019293
1807	921	1.0062	0.0019293
1807	922	1.0062	0.0019293
1807	923	1.0062	0.0019293
1807	924	1.0062	0.0019293
1807	925	1.0062	0.0019293
1807	926	1.0062	0.0019293
1807	927	1.0062	0.0019293
1807	928	1.0062	0.0019293
1807	929	1.0062	0.0019293
1807	930	1.0062	0.0019293
1807	931	1.0062	0.0019293
1807	932	1.0062	0.0019293
1807	933	1.0062	0.0019293
1807	934	1.0062	0.0019293
1807	935	1.0062	0.0019293
1807	936	1.0062	0.0019293
1807	937	1.0062	0.0019293
1807	938	1.0062	0.0019293
1807	939	1.0062	0.0019293
1807	940	1.0062	0.0019293
1807	941	1.0062	0.0019293
1807	942	1.0062	0.0019293
1807	943	1.0062	0.0019293
1807	944	1.0062	0.0019293
1807	945	1.0062	0.0019293
1807	946	1.0062	0.0019293
1807	947	1.0062	0.0019293
1807	948	1.0062	0.0019293
1807	949	1.0062	0.0019293
1807	950	1.0062	0.0019293
1807	951	1.0062	0.0019293
1807	952	1.0062	0.0019293
1807	953	1.0062	0.0019293
1807	954	1.0062	0.0019293
1807	955	1.0062	0.0019293
1807	956	1.0062	0.0019293
1807	957	1.0062	0.0019293
1807	958	1.0062	0.0019293
1807	959	1.0062	0.0019293
1807	960	1.0062	0.0019293
1807	961	1.0062	0.0019293
1807	962	1.0062	0.0019293
1807	963	1.0062	0.0019293
1807	964	1.0062	0.0019293
1807	965	1.0062	0.0019293
1807	966	1.0062	0.0019293
1807	967	1.0062	0.0019293
1807	968	1.0062	0.0019293
1807	969	1.0062	0.0019293
1807	970	1.0062	0.0019293
1807	971	1.0062	0.0019293
1807	972	1.0062	0.0019293
1807	973	1.0062	0.0019293
1807	974	1.0062	0.0019293
1807	975	1.0062	0.0019293
1807	976	1.0062	0.0019293
1807	977	1.0062	0.0019293
1807	978	1.0062	0.0019293
1807	979	1.0062	0.0019293
1807	980	1.0062	0.0019293
1807	981	1.0062	0.0019293
1807	982	1.0062	0.0019293
1807	983	1.0062	0.0019293
1807	984	1.0062	0.0019293
1807	985	1.0062	0.0019293
1807	986	1.0062	0.0019293
1807	987	1.0062	0.0019293
1807	988	1.0062	0.0019293
1807	989	1.0062	0.0019293
1807	990	1.0062	0.0019293
1807	991	1.0062	0.0019293
1807	992	1.0062	0.0019293
1807	993	1.0062	0.0019293
1807	994	1.0062	0.0019293
1807	995	1.0062	0.0019293
1807	996	1.0062	0.0019293
1807	997	1.0062	0.0019293
1807	998	1.0062	0.0019293
1807	999	1.0062	0.0019293
1807	1000	1.0062	0.0019293
1807	1001	1.0062	0.0019293
1807	1002	1.0062	0.0019293
1807	1003	1.0062	0.0019293
1807	1004	1.0062	0.0019293
1807	1005	1.0062	0.0019293
1807	1006	1.0062	0.0019293
1807	1007	1.0062	0.0019293
1807	1008	1.0062	0.0019293
1807	1009	1.0062	0.0019293
1807	1010	1.0062	0.0019293
1807	1011	1.0062	0.0019293
1807	1012	1.0062	0.0019293
1807	1013	1.0062	0.0019293
1807	1014	1.0062	0.0019293
1807	1015	1.0062	0.0019293
1807	1016	1.0062	0.0019293
1807	1017	1.0062	0.0019293
1807	1018	1.0062	0.0019293
1807	1019	1.0062	0.0019293
1807	1020	1.0062	0.0019293
1807	1021	1.0062	0.0019293
1807	1022	1.0062	0.0019293
1807	1023	1.0062	0.0019293
1807	1024	1.0062	0.0019293
1807	1025	1.0062	0.0019293
1807	1026	1.0062	0.0019293
1807	1027	1.0062	0.0019293
1807	1028	1.0062	0.0019293
1807	1029	1.0062	0.0019293
1807	1030	1.0062	0.0019293
1807	1031	1.0062	0.0019293
1807	1032	1.0062	0.0019293
1807	1033	1.0062	0.0019293
1807	1034	1.0062	0.0019293
1807	1035	1.0062	0.0019293
1807	1036	1.0062	0.0019293
1807	1037	1.0062	0.0019293
1807	1038	1.0062	0.0019293
1807	1039	1.0062	0.0019293
1807	1040	1.0062	0.0019293
1807	1041	1.0062	0.0019293
1807	1042	1.0062	0.0019293
1807	1043	1.0062	0.0019293
1807	1044	1.0062	0.0019293
1807	1045	1.0062	0.0019293
1807	1046	1.0062	0.0019293
1807	1047	1.0062	0.0019293
1807	1048	1.0062	0.0019293
1807	1049	1.0062	0.0019293
1807	1050	1.0062	0.0019293
1807	1051	1.0062	0.0019293
1807	1052	1.0062	0.0019293
1807	1053	1.0062	0.0019293
1807	1054	1.0062	0.0019293
1807	1055	1.0062	0.0019293
1807	1056	1.0062	0.0019293
1807	1057	1.0062	0.0019293
1807	1058	1.0062	0.0019293
1807	1059	1.0062	0.0019293
1807	1060	1.0062	0.0019293
1807	1061	1.0062	0.0019293
1807	1062	1.0062	0.0019293
1807	1063	1.0062	0.0019293
1807	1064	1.0062	0.0019293
1807	1065	1.0062	0.0019293
1807	1066	1.0062	0.0019293
1807	1067	1.0062	0.0019293
1807	1068	1.0062	0.0019293
1807	1069	1.0062	0.0019293
1807	1070	1.0062	0.0019293
1807	1071	1.0062	0.0019293
1807	1072	1.0062	0.0019293
1807	1073	1.0062	0.0019293
1807	1074	1.0062	0.0019293
1807	1075	1.0062	0.0019293
1807	1076	1.0062	0.0019293
1807	1077	1.0062	0.0019293
1807	1078	1.0062	0.0019293
1807	1079	1.0062	0.0019293
1807	1080	1.0062	0.0019293
1807	1081	1.0062	0.0019293
1807	1082	1.0062	0.0019293
1807	1083	1.0062	0.0019293
1807	1084	1.0062	0.0019293
1807	1085	1.0062	0.0019293
1807	1086	1.0062	0.0019293
1807	1087	1.0062	0.0019293
1807	1088	1.0062	0.0019293
1807	1089	1.0062	0.0019293
1807	1090	1.0062	0.0019293
1807	1091	1.0062	0.0019293
