1814	0	1.00365	0.00194101
1814	1	1.00365	0.00194101
1814	2	1.00365	0.00194101
1814	3	1.00365	0.00194101
1814	4	1.00365	0.00194101
1814	5	1.00365	0.00194101
1814	6	1.00365	0.00194101
1814	7	1.00365	0.00194101
1814	8	1.00365	0.00194101
1814	9	1.00365	0.00194101
1814	10	1.00365	0.00194101
1814	11	1.00365	0.00194101
1814	12	1.00365	0.00194101
1814	13	1.00365	0.00194101
1814	14	1.00365	0.00194101
1814	15	1.00365	0.00194101
1814	16	1.00365	0.00194101
1814	17	1.00365	0.00194101
1814	18	1.00365	0.00194101
1814	19	1.00365	0.00194101
1814	20	1.00365	0.00194101
1814	21	1.00365	0.00194101
1814	22	1.00365	0.00194101
1814	23	1.00365	0.00194101
1814	24	1.00365	0.00194101
1814	25	1.00365	0.00194101
1814	26	1.00365	0.00194101
1814	27	1.00365	0.00194101
1814	28	1.00365	0.00194101
1814	29	1.00365	0.00194101
1814	30	1.00365	0.00194101
1814	31	1.00365	0.00194101
1814	32	1.00365	0.00194101
1814	33	1.00365	0.00194101
1814	34	1.00365	0.00194101
1814	35	1.00365	0.00194101
1814	36	1.00365	0.00194101
1814	37	1.00365	0.00194101
1814	38	1.00365	0.00194101
1814	39	1.00365	0.00194101
1814	40	1.00365	0.00194101
1814	41	1.00365	0.00194101
1814	42	1.00365	0.00194101
1814	43	1.00365	0.00194101
1814	44	1.00365	0.00194101
1814	45	1.00365	0.00194101
1814	46	1.00365	0.00194101
1814	47	1.00365	0.00194101
1814	48	1.00365	0.00194101
1814	49	1.00365	0.00194101
1814	50	1.00365	0.00194101
1814	51	1.00365	0.00194101
1814	52	1.00365	0.00194101
1814	53	1.00365	0.00194101
1814	54	1.00365	0.00194101
1814	55	1.00365	0.00194101
1814	56	1.00365	0.00194101
1814	57	1.00365	0.00194101
1814	58	1.00365	0.00194101
1814	59	1.00365	0.00194101
1814	60	1.00365	0.00194101
1814	61	1.00365	0.00194101
1814	62	1.00365	0.00194101
1814	63	1.00365	0.00194101
1814	64	1.00365	0.00194101
1814	65	1.00365	0.00194101
1814	66	1.00365	0.00194101
1814	67	1.00365	0.00194101
1814	68	1.00365	0.00194101
1814	69	1.00365	0.00194101
1814	70	1.00365	0.00194101
1814	71	1.00365	0.00194101
1814	72	1.00365	0.00194101
1814	73	1.00365	0.00194101
1814	74	1.00365	0.00194101
1814	75	1.00365	0.00194101
1814	76	1.00365	0.00194101
1814	77	1.00365	0.00194101
1814	78	1.00365	0.00194101
1814	79	1.00365	0.00194101
1814	80	1.00365	0.00194101
1814	81	1.00365	0.00194101
1814	82	1.00365	0.00194101
1814	83	1.00365	0.00194101
1814	84	1.00365	0.00194101
1814	85	1.00365	0.00194101
1814	86	1.00365	0.00194101
1814	87	1.00365	0.00194101
1814	88	1.00365	0.00194101
1814	89	1.00365	0.00194101
1814	90	1.00365	0.00194101
1814	91	1.00365	0.00194101
1814	92	1.00365	0.00194101
1814	93	1.00365	0.00194101
1814	94	1.00365	0.00194101
1814	95	1.00365	0.00194101
1814	96	1.00365	0.00194101
1814	97	1.00365	0.00194101
1814	98	1.00365	0.00194101
1814	99	1.00365	0.00194101
1814	100	1.00365	0.00194101
1814	101	1.00365	0.00194101
1814	102	1.00365	0.00194101
1814	103	1.00365	0.00194101
1814	104	1.00365	0.00194101
1814	105	1.00365	0.00194101
1814	106	1.00365	0.00194101
1814	107	1.00365	0.00194101
1814	108	1.00365	0.00194101
1814	109	1.00365	0.00194101
1814	110	1.00365	0.00194101
1814	111	1.00365	0.00194101
1814	112	1.00365	0.00194101
1814	113	1.00365	0.00194101
1814	114	1.00365	0.00194101
1814	115	1.00365	0.00194101
1814	116	1.00365	0.00194101
1814	117	1.00365	0.00194101
1814	118	1.00365	0.00194101
1814	119	1.00365	0.00194101
1814	120	1.00365	0.00194101
1814	121	1.00365	0.00194101
1814	122	1.00365	0.00194101
1814	123	1.00365	0.00194101
1814	124	1.00365	0.00194101
1814	125	1.00365	0.00194101
1814	126	1.00365	0.00194101
1814	127	1.00365	0.00194101
1814	128	1.00365	0.00194101
1814	129	1.00365	0.00194101
1814	130	1.00365	0.00194101
1814	131	1.00365	0.00194101
1814	132	1.00365	0.00194101
1814	133	1.00365	0.00194101
1814	134	1.00365	0.00194101
1814	135	1.00365	0.00194101
1814	136	1.00365	0.00194101
1814	137	1.00365	0.00194101
1814	138	1.00365	0.00194101
1814	139	1.00365	0.00194101
1814	140	1.00365	0.00194101
1814	141	1.00365	0.00194101
1814	142	1.00365	0.00194101
1814	143	1.00365	0.00194101
1814	144	1.00365	0.00194101
1814	145	1.00365	0.00194101
1814	146	1.00365	0.00194101
1814	147	1.00365	0.00194101
1814	148	1.00365	0.00194101
1814	149	1.00365	0.00194101
1814	150	1.00365	0.00194101
1814	151	1.00365	0.00194101
1814	152	1.00365	0.00194101
1814	153	1.00365	0.00194101
1814	154	1.00365	0.00194101
1814	155	1.00365	0.00194101
1814	156	1.00365	0.00194101
1814	157	1.00365	0.00194101
1814	158	1.00365	0.00194101
1814	159	1.00365	0.00194101
1814	160	1.00365	0.00194101
1814	161	1.00365	0.00194101
1814	162	1.00365	0.00194101
1814	163	1.00365	0.00194101
1814	164	1.00365	0.00194101
1814	165	1.00365	0.00194101
1814	166	1.00365	0.00194101
1814	167	1.00365	0.00194101
1814	168	1.00365	0.00194101
1814	169	1.00365	0.00194101
1814	170	1.00365	0.00194101
1814	171	1.00365	0.00194101
1814	172	1.00365	0.00194101
1814	173	1.00365	0.00194101
1814	174	1.00365	0.00194101
1814	175	1.00365	0.00194101
1814	176	1.00365	0.00194101
1814	177	1.00365	0.00194101
1814	178	1.00365	0.00194101
1814	179	1.00365	0.00194101
1814	180	1.00365	0.00194101
1814	181	1.00365	0.00194101
1814	182	1.00365	0.00194101
1814	183	1.00365	0.00194101
1814	184	1.00365	0.00194101
1814	185	1.00365	0.00194101
1814	186	1.00365	0.00194101
1814	187	1.00365	0.00194101
1814	188	1.00365	0.00194101
1814	189	1.00365	0.00194101
1814	190	1.00365	0.00194101
1814	191	1.00365	0.00194101
1814	192	1.00365	0.00194101
1814	193	1.00365	0.00194101
1814	194	1.00365	0.00194101
1814	195	1.00365	0.00194101
1814	196	1.00365	0.00194101
1814	197	1.00365	0.00194101
1814	198	1.00365	0.00194101
1814	199	1.00365	0.00194101
1814	200	1.00365	0.00194101
1814	201	1.00365	0.00194101
1814	202	1.00365	0.00194101
1814	203	1.00365	0.00194101
1814	204	1.00365	0.00194101
1814	205	1.00365	0.00194101
1814	206	1.00365	0.00194101
1814	207	1.00365	0.00194101
1814	208	1.00365	0.00194101
1814	209	1.00365	0.00194101
1814	210	1.00365	0.00194101
1814	211	1.00365	0.00194101
1814	212	1.00365	0.00194101
1814	213	1.00365	0.00194101
1814	214	1.00365	0.00194101
1814	215	1.00365	0.00194101
1814	216	1.00365	0.00194101
1814	217	1.00365	0.00194101
1814	218	1.00365	0.00194101
1814	219	1.00365	0.00194101
1814	220	1.00365	0.00194101
1814	221	1.00365	0.00194101
1814	222	1.00365	0.00194101
1814	223	1.00365	0.00194101
1814	224	1.00365	0.00194101
1814	225	1.00365	0.00194101
1814	226	1.00365	0.00194101
1814	227	1.00365	0.00194101
1814	228	1.00365	0.00194101
1814	229	1.00365	0.00194101
1814	230	1.00365	0.00194101
1814	231	1.00365	0.00194101
1814	232	1.00365	0.00194101
1814	233	1.00365	0.00194101
1814	234	1.00365	0.00194101
1814	235	1.00365	0.00194101
1814	236	1.00365	0.00194101
1814	237	1.00365	0.00194101
1814	238	1.00365	0.00194101
1814	239	1.00365	0.00194101
1814	240	1.00365	0.00194101
1814	241	1.00365	0.00194101
1814	242	1.00365	0.00194101
1814	243	1.00365	0.00194101
1814	244	1.00365	0.00194101
1814	245	1.00365	0.00194101
1814	246	1.00365	0.00194101
1814	247	1.00365	0.00194101
1814	248	1.00365	0.00194101
1814	249	1.00365	0.00194101
1814	250	1.00365	0.00194101
1814	251	1.00365	0.00194101
1814	252	1.00365	0.00194101
1814	253	1.00365	0.00194101
1814	254	1.00365	0.00194101
1814	255	1.00365	0.00194101
1814	256	1.00365	0.00194101
1814	257	1.00365	0.00194101
1814	258	1.00365	0.00194101
1814	259	1.00365	0.00194101
1814	260	1.00365	0.00194101
1814	261	1.00365	0.00194101
1814	262	1.00365	0.00194101
1814	263	1.00365	0.00194101
1814	264	1.00365	0.00194101
1814	265	1.00365	0.00194101
1814	266	1.00365	0.00194101
1814	267	1.00365	0.00194101
1814	268	1.00365	0.00194101
1814	269	1.00365	0.00194101
1814	270	1.00365	0.00194101
1814	271	1.00365	0.00194101
1814	272	1.00365	0.00194101
1814	273	1.00365	0.00194101
1814	274	1.00365	0.00194101
1814	275	1.00365	0.00194101
1814	276	1.00365	0.00194101
1814	277	1.00365	0.00194101
1814	278	1.00365	0.00194101
1814	279	1.00365	0.00194101
1814	280	1.00365	0.00194101
1814	281	1.00365	0.00194101
1814	282	1.00365	0.00194101
1814	283	1.00365	0.00194101
1814	284	1.00365	0.00194101
1814	285	1.00365	0.00194101
1814	286	1.00365	0.00194101
1814	287	1.00365	0.00194101
1814	288	1.00365	0.00194101
1814	289	1.00365	0.00194101
1814	290	1.00365	0.00194101
1814	291	1.00365	0.00194101
1814	292	1.00365	0.00194101
1814	293	1.00365	0.00194101
1814	294	1.00365	0.00194101
1814	295	1.00365	0.00194101
1814	296	1.00365	0.00194101
1814	297	1.00365	0.00194101
1814	298	1.00365	0.00194101
1814	299	1.00365	0.00194101
1814	300	1.00365	0.00194101
1814	301	1.00365	0.00194101
1814	302	1.00365	0.00194101
1814	303	1.00365	0.00194101
1814	304	1.00365	0.00194101
1814	305	1.00365	0.00194101
1814	306	1.00365	0.00194101
1814	307	1.00365	0.00194101
1814	308	1.00365	0.00194101
1814	309	1.00365	0.00194101
1814	310	1.00365	0.00194101
1814	311	1.00365	0.00194101
1814	312	1.00365	0.00194101
1814	313	1.00365	0.00194101
1814	314	1.00365	0.00194101
1814	315	1.00365	0.00194101
1814	316	1.00365	0.00194101
1814	317	1.00365	0.00194101
1814	318	1.00365	0.00194101
1814	319	1.00365	0.00194101
1814	320	1.00365	0.00194101
1814	321	1.00365	0.00194101
1814	322	1.00365	0.00194101
1814	323	1.00365	0.00194101
1814	324	1.00365	0.00194101
1814	325	1.00365	0.00194101
1814	326	1.00365	0.00194101
1814	327	1.00365	0.00194101
1814	328	1.00365	0.00194101
1814	329	1.00365	0.00194101
1814	330	1.00365	0.00194101
1814	331	1.00365	0.00194101
1814	332	1.00365	0.00194101
1814	333	1.00365	0.00194101
1814	334	1.00365	0.00194101
1814	335	1.00365	0.00194101
1814	336	1.00365	0.00194101
1814	337	1.00365	0.00194101
1814	338	1.00365	0.00194101
1814	339	1.00365	0.00194101
1814	340	1.00365	0.00194101
1814	341	1.00365	0.00194101
1814	342	1.00365	0.00194101
1814	343	1.00365	0.00194101
1814	344	1.00365	0.00194101
1814	345	1.00365	0.00194101
1814	346	1.00365	0.00194101
1814	347	1.00365	0.00194101
1814	348	1.00365	0.00194101
1814	349	1.00365	0.00194101
1814	350	1.00365	0.00194101
1814	351	1.00365	0.00194101
1814	352	1.00365	0.00194101
1814	353	1.00365	0.00194101
1814	354	1.00365	0.00194101
1814	355	1.00365	0.00194101
1814	356	1.00365	0.00194101
1814	357	1.00365	0.00194101
1814	358	1.00365	0.00194101
1814	359	1.00365	0.00194101
1814	360	1.00365	0.00194101
1814	361	1.00365	0.00194101
1814	362	1.00365	0.00194101
1814	363	1.00365	0.00194101
1814	364	1.00365	0.00194101
1814	365	1.00365	0.00194101
1814	366	1.00365	0.00194101
1814	367	1.00365	0.00194101
1814	368	1.00365	0.00194101
1814	369	1.00365	0.00194101
1814	370	1.00365	0.00194101
1814	371	1.00365	0.00194101
1814	372	1.00365	0.00194101
1814	373	1.00365	0.00194101
1814	374	1.00365	0.00194101
1814	375	1.00365	0.00194101
1814	376	1.00365	0.00194101
1814	377	1.00365	0.00194101
1814	378	1.00365	0.00194101
1814	379	1.00365	0.00194101
1814	380	1.00365	0.00194101
1814	381	1.00365	0.00194101
1814	382	1.00365	0.00194101
1814	383	1.00365	0.00194101
1814	384	1.00365	0.00194101
1814	385	1.00365	0.00194101
1814	386	1.00365	0.00194101
1814	387	1.00365	0.00194101
1814	388	1.00365	0.00194101
1814	389	1.00365	0.00194101
1814	390	1.00365	0.00194101
1814	391	1.00365	0.00194101
1814	392	1.00365	0.00194101
1814	393	1.00365	0.00194101
1814	394	1.00365	0.00194101
1814	395	1.00365	0.00194101
1814	396	1.00365	0.00194101
1814	397	1.00365	0.00194101
1814	398	1.00365	0.00194101
1814	399	1.00365	0.00194101
1814	400	1.00365	0.00194101
1814	401	1.00365	0.00194101
1814	402	1.00365	0.00194101
1814	403	1.00365	0.00194101
1814	404	1.00365	0.00194101
1814	405	1.00365	0.00194101
1814	406	1.00365	0.00194101
1814	407	1.00365	0.00194101
1814	408	1.00365	0.00194101
1814	409	1.00365	0.00194101
1814	410	1.00365	0.00194101
1814	411	1.00365	0.00194101
1814	412	1.00365	0.00194101
1814	413	1.00365	0.00194101
1814	414	1.00365	0.00194101
1814	415	1.00365	0.00194101
1814	416	1.00365	0.00194101
1814	417	1.00365	0.00194101
1814	418	1.00365	0.00194101
1814	419	1.00365	0.00194101
1814	420	1.00365	0.00194101
1814	421	1.00365	0.00194101
1814	422	1.00365	0.00194101
1814	423	1.00365	0.00194101
1814	424	1.00365	0.00194101
1814	425	1.00365	0.00194101
1814	426	1.00365	0.00194101
1814	427	1.00365	0.00194101
1814	428	1.00365	0.00194101
1814	429	1.00365	0.00194101
1814	430	1.00365	0.00194101
1814	431	1.00365	0.00194101
1814	432	1.00365	0.00194101
1814	433	1.00365	0.00194101
1814	434	1.00365	0.00194101
1814	435	1.00365	0.00194101
1814	436	1.00365	0.00194101
1814	437	1.00365	0.00194101
1814	438	1.00365	0.00194101
1814	439	1.00365	0.00194101
1814	440	1.00365	0.00194101
1814	441	1.00365	0.00194101
1814	442	1.00365	0.00194101
1814	443	1.00365	0.00194101
1814	444	1.00365	0.00194101
1814	445	1.00365	0.00194101
1814	446	1.00365	0.00194101
1814	447	1.00365	0.00194101
1814	448	1.00365	0.00194101
1814	449	1.00365	0.00194101
1814	450	1.00365	0.00194101
1814	451	1.00365	0.00194101
1814	452	1.00365	0.00194101
1814	453	1.00365	0.00194101
1814	454	1.00365	0.00194101
1814	455	1.00365	0.00194101
1814	456	1.00365	0.00194101
1814	457	1.00365	0.00194101
1814	458	1.00365	0.00194101
1814	459	1.00365	0.00194101
1814	460	1.00365	0.00194101
1814	461	1.00365	0.00194101
1814	462	1.00365	0.00194101
1814	463	1.00365	0.00194101
1814	464	1.00365	0.00194101
1814	465	1.00365	0.00194101
1814	466	1.00365	0.00194101
1814	467	1.00365	0.00194101
1814	468	1.00365	0.00194101
1814	469	1.00365	0.00194101
1814	470	1.00365	0.00194101
1814	471	1.00365	0.00194101
1814	472	1.00365	0.00194101
1814	473	1.00365	0.00194101
1814	474	1.00365	0.00194101
1814	475	1.00365	0.00194101
1814	476	1.00365	0.00194101
1814	477	1.00365	0.00194101
1814	478	1.00365	0.00194101
1814	479	1.00365	0.00194101
1814	480	1.00365	0.00194101
1814	481	1.00365	0.00194101
1814	482	1.00365	0.00194101
1814	483	1.00365	0.00194101
1814	484	1.00365	0.00194101
1814	485	1.00365	0.00194101
1814	486	1.00365	0.00194101
1814	487	1.00365	0.00194101
1814	488	1.00365	0.00194101
1814	489	1.00365	0.00194101
1814	490	1.00365	0.00194101
1814	491	1.00365	0.00194101
1814	492	1.00365	0.00194101
1814	493	1.00365	0.00194101
1814	494	1.00365	0.00194101
1814	495	1.00365	0.00194101
1814	496	1.00365	0.00194101
1814	497	1.00365	0.00194101
1814	498	1.00365	0.00194101
1814	499	1.00365	0.00194101
1814	500	1.00365	0.00194101
1814	501	1.00365	0.00194101
1814	502	1.00365	0.00194101
1814	503	1.00365	0.00194101
1814	504	1.00365	0.00194101
1814	505	1.00365	0.00194101
1814	506	1.00365	0.00194101
1814	507	1.00365	0.00194101
1814	508	1.00365	0.00194101
1814	509	1.00365	0.00194101
1814	510	1.00365	0.00194101
1814	511	1.00365	0.00194101
1814	512	1.00365	0.00194101
1814	513	1.00365	0.00194101
1814	514	1.00365	0.00194101
1814	515	1.00365	0.00194101
1814	516	1.00365	0.00194101
1814	517	1.00365	0.00194101
1814	518	1.00365	0.00194101
1814	519	1.00365	0.00194101
1814	520	1.00365	0.00194101
1814	521	1.00365	0.00194101
1814	522	1.00365	0.00194101
1814	523	1.00365	0.00194101
1814	524	1.00365	0.00194101
1814	525	1.00365	0.00194101
1814	526	1.00365	0.00194101
1814	527	1.00365	0.00194101
1814	528	1.00365	0.00194101
1814	529	1.00365	0.00194101
1814	530	1.00365	0.00194101
1814	531	1.00365	0.00194101
1814	532	1.00365	0.00194101
1814	533	1.00365	0.00194101
1814	534	1.00365	0.00194101
1814	535	1.00365	0.00194101
1814	536	1.00365	0.00194101
1814	537	1.00365	0.00194101
1814	538	1.00365	0.00194101
1814	539	1.00365	0.00194101
1814	540	1.00365	0.00194101
1814	541	1.00365	0.00194101
1814	542	1.00365	0.00194101
1814	543	1.00365	0.00194101
1814	544	1.00365	0.00194101
1814	545	1.00365	0.00194101
1814	546	1.00365	0.00194101
1814	547	1.00365	0.00194101
1814	548	1.00365	0.00194101
1814	549	1.00365	0.00194101
1814	550	1.00365	0.00194101
1814	551	1.00365	0.00194101
1814	552	1.00365	0.00194101
1814	553	1.00365	0.00194101
1814	554	1.00365	0.00194101
1814	555	1.00365	0.00194101
1814	556	1.00365	0.00194101
1814	557	1.00365	0.00194101
1814	558	1.00365	0.00194101
1814	559	1.00365	0.00194101
1814	560	1.00365	0.00194101
1814	561	1.00365	0.00194101
1814	562	1.00365	0.00194101
1814	563	1.00365	0.00194101
1814	564	1.00365	0.00194101
1814	565	1.00365	0.00194101
1814	566	1.00365	0.00194101
1814	567	1.00365	0.00194101
1814	568	1.00365	0.00194101
1814	569	1.00365	0.00194101
1814	570	1.00365	0.00194101
1814	571	1.00365	0.00194101
1814	572	1.00365	0.00194101
1814	573	1.00365	0.00194101
1814	574	1.00365	0.00194101
1814	575	1.00365	0.00194101
1814	576	1.00365	0.00194101
1814	577	1.00365	0.00194101
1814	578	1.00365	0.00194101
1814	579	1.00365	0.00194101
1814	580	1.00365	0.00194101
1814	581	1.00365	0.00194101
1814	582	1.00365	0.00194101
1814	583	1.00365	0.00194101
1814	584	1.00365	0.00194101
1814	585	1.00365	0.00194101
1814	586	1.00365	0.00194101
1814	587	1.00365	0.00194101
1814	588	1.00365	0.00194101
1814	589	1.00365	0.00194101
1814	590	1.00365	0.00194101
1814	591	1.00365	0.00194101
1814	592	1.00365	0.00194101
1814	593	1.00365	0.00194101
1814	594	1.00365	0.00194101
1814	595	1.00365	0.00194101
1814	596	1.00365	0.00194101
1814	597	1.00365	0.00194101
1814	598	1.00365	0.00194101
1814	599	1.00365	0.00194101
1814	600	1.00365	0.00194101
1814	601	1.00365	0.00194101
1814	602	1.00365	0.00194101
1814	603	1.00365	0.00194101
1814	604	1.00365	0.00194101
1814	605	1.00365	0.00194101
1814	606	1.00365	0.00194101
1814	607	1.00365	0.00194101
1814	608	1.00365	0.00194101
1814	609	1.00365	0.00194101
1814	610	1.00365	0.00194101
1814	611	1.00365	0.00194101
1814	612	1.00365	0.00194101
1814	613	1.00365	0.00194101
1814	614	1.00365	0.00194101
1814	615	1.00365	0.00194101
1814	616	1.00365	0.00194101
1814	617	1.00365	0.00194101
1814	618	1.00365	0.00194101
1814	619	1.00365	0.00194101
1814	620	1.00365	0.00194101
1814	621	1.00365	0.00194101
1814	622	1.00365	0.00194101
1814	623	1.00365	0.00194101
1814	624	1.00365	0.00194101
1814	625	1.00365	0.00194101
1814	626	1.00365	0.00194101
1814	627	1.00365	0.00194101
1814	628	1.00365	0.00194101
1814	629	1.00365	0.00194101
1814	630	1.00365	0.00194101
1814	631	1.00365	0.00194101
1814	632	1.00365	0.00194101
1814	633	1.00365	0.00194101
1814	634	1.00365	0.00194101
1814	635	1.00365	0.00194101
1814	636	1.00365	0.00194101
1814	637	1.00365	0.00194101
1814	638	1.00365	0.00194101
1814	639	1.00365	0.00194101
1814	640	1.00365	0.00194101
1814	641	1.00365	0.00194101
1814	642	1.00365	0.00194101
1814	643	1.00365	0.00194101
1814	644	1.00365	0.00194101
1814	645	1.00365	0.00194101
1814	646	1.00365	0.00194101
1814	647	1.00365	0.00194101
1814	648	1.00365	0.00194101
1814	649	1.00365	0.00194101
1814	650	1.00365	0.00194101
1814	651	1.00365	0.00194101
1814	652	1.00365	0.00194101
1814	653	1.00365	0.00194101
1814	654	1.00365	0.00194101
1814	655	1.00365	0.00194101
1814	656	1.00365	0.00194101
1814	657	1.00365	0.00194101
1814	658	1.00365	0.00194101
1814	659	1.00365	0.00194101
1814	660	1.00365	0.00194101
1814	661	1.00365	0.00194101
1814	662	1.00365	0.00194101
1814	663	1.00365	0.00194101
1814	664	1.00365	0.00194101
1814	665	1.00365	0.00194101
1814	666	1.00365	0.00194101
1814	667	1.00365	0.00194101
1814	668	1.00365	0.00194101
1814	669	1.00365	0.00194101
1814	670	1.00365	0.00194101
1814	671	1.00365	0.00194101
1814	672	1.00365	0.00194101
1814	673	1.00365	0.00194101
1814	674	1.00365	0.00194101
1814	675	1.00365	0.00194101
1814	676	1.00365	0.00194101
1814	677	1.00365	0.00194101
1814	678	1.00365	0.00194101
1814	679	1.00365	0.00194101
1814	680	1.00365	0.00194101
1814	681	1.00365	0.00194101
1814	682	1.00365	0.00194101
1814	683	1.00365	0.00194101
1814	684	1.00365	0.00194101
1814	685	1.00365	0.00194101
1814	686	1.00365	0.00194101
1814	687	1.00365	0.00194101
1814	688	1.00365	0.00194101
1814	689	1.00365	0.00194101
1814	690	1.00365	0.00194101
1814	691	1.00365	0.00194101
1814	692	1.00365	0.00194101
1814	693	1.00365	0.00194101
1814	694	1.00365	0.00194101
1814	695	1.00365	0.00194101
1814	696	1.00365	0.00194101
1814	697	1.00365	0.00194101
1814	698	1.00365	0.00194101
1814	699	1.00365	0.00194101
1814	700	1.00365	0.00194101
1814	701	1.00365	0.00194101
1814	702	1.00365	0.00194101
1814	703	1.00365	0.00194101
1814	704	1.00365	0.00194101
1814	705	1.00365	0.00194101
1814	706	1.00365	0.00194101
1814	707	1.00365	0.00194101
1814	708	1.00365	0.00194101
1814	709	1.00365	0.00194101
1814	710	1.00365	0.00194101
1814	711	1.00365	0.00194101
1814	712	1.00365	0.00194101
1814	713	1.00365	0.00194101
1814	714	1.00365	0.00194101
1814	715	1.00365	0.00194101
1814	716	1.00365	0.00194101
1814	717	1.00365	0.00194101
1814	718	1.00365	0.00194101
1814	719	1.00365	0.00194101
1814	720	1.00365	0.00194101
1814	721	1.00365	0.00194101
1814	722	1.00365	0.00194101
1814	723	1.00365	0.00194101
1814	724	1.00365	0.00194101
1814	725	1.00365	0.00194101
1814	726	1.00365	0.00194101
1814	727	1.00365	0.00194101
1814	728	1.00365	0.00194101
1814	729	1.00365	0.00194101
1814	730	1.00365	0.00194101
1814	731	1.00365	0.00194101
1814	732	1.00365	0.00194101
1814	733	1.00365	0.00194101
1814	734	1.00365	0.00194101
1814	735	1.00365	0.00194101
1814	736	1.00365	0.00194101
1814	737	1.00365	0.00194101
1814	738	1.00365	0.00194101
1814	739	1.00365	0.00194101
1814	740	1.00365	0.00194101
1814	741	1.00365	0.00194101
1814	742	1.00365	0.00194101
1814	743	1.00365	0.00194101
1814	744	1.00365	0.00194101
1814	745	1.00365	0.00194101
1814	746	1.00365	0.00194101
1814	747	1.00365	0.00194101
1814	748	1.00365	0.00194101
1814	749	1.00365	0.00194101
1814	750	1.00365	0.00194101
1814	751	1.00365	0.00194101
1814	752	1.00365	0.00194101
1814	753	1.00365	0.00194101
1814	754	1.00365	0.00194101
1814	755	1.00365	0.00194101
1814	756	1.00365	0.00194101
1814	757	1.00365	0.00194101
1814	758	1.00365	0.00194101
1814	759	1.00365	0.00194101
1814	760	1.00365	0.00194101
1814	761	1.00365	0.00194101
1814	762	1.00365	0.00194101
1814	763	1.00365	0.00194101
1814	764	1.00365	0.00194101
1814	765	1.00365	0.00194101
1814	766	1.00365	0.00194101
1814	767	1.00365	0.00194101
1814	768	1.00365	0.00194101
1814	769	1.00365	0.00194101
1814	770	1.00365	0.00194101
1814	771	1.00365	0.00194101
1814	772	1.00365	0.00194101
1814	773	1.00365	0.00194101
1814	774	1.00365	0.00194101
1814	775	1.00365	0.00194101
1814	776	1.00365	0.00194101
1814	777	1.00365	0.00194101
1814	778	1.00365	0.00194101
1814	779	1.00365	0.00194101
1814	780	1.00365	0.00194101
1814	781	1.00365	0.00194101
1814	782	1.00365	0.00194101
1814	783	1.00365	0.00194101
1814	784	1.00365	0.00194101
1814	785	1.00365	0.00194101
1814	786	1.00365	0.00194101
1814	787	1.00365	0.00194101
1814	788	1.00365	0.00194101
1814	789	1.00365	0.00194101
1814	790	1.00365	0.00194101
1814	791	1.00365	0.00194101
1814	792	1.00365	0.00194101
1814	793	1.00365	0.00194101
1814	794	1.00365	0.00194101
1814	795	1.00365	0.00194101
1814	796	1.00365	0.00194101
1814	797	1.00365	0.00194101
1814	798	1.00365	0.00194101
1814	799	1.00365	0.00194101
1814	800	1.00365	0.00194101
1814	801	1.00365	0.00194101
1814	802	1.00365	0.00194101
1814	803	1.00365	0.00194101
1814	804	1.00365	0.00194101
1814	805	1.00365	0.00194101
1814	806	1.00365	0.00194101
1814	807	1.00365	0.00194101
1814	808	1.00365	0.00194101
1814	809	1.00365	0.00194101
1814	810	1.00365	0.00194101
1814	811	1.00365	0.00194101
1814	812	1.00365	0.00194101
1814	813	1.00365	0.00194101
1814	814	1.00365	0.00194101
1814	815	1.00365	0.00194101
1814	816	1.00365	0.00194101
1814	817	1.00365	0.00194101
1814	818	1.00365	0.00194101
1814	819	1.00365	0.00194101
1814	820	1.00365	0.00194101
1814	821	1.00365	0.00194101
1814	822	1.00365	0.00194101
1814	823	1.00365	0.00194101
1814	824	1.00365	0.00194101
1814	825	1.00365	0.00194101
1814	826	1.00365	0.00194101
1814	827	1.00365	0.00194101
1814	828	1.00365	0.00194101
1814	829	1.00365	0.00194101
1814	830	1.00365	0.00194101
1814	831	1.00365	0.00194101
1814	832	1.00365	0.00194101
1814	833	1.00365	0.00194101
1814	834	1.00365	0.00194101
1814	835	1.00365	0.00194101
1814	836	1.00365	0.00194101
1814	837	1.00365	0.00194101
1814	838	1.00365	0.00194101
1814	839	1.00365	0.00194101
1814	840	1.00365	0.00194101
1814	841	1.00365	0.00194101
1814	842	1.00365	0.00194101
1814	843	1.00365	0.00194101
1814	844	1.00365	0.00194101
1814	845	1.00365	0.00194101
1814	846	1.00365	0.00194101
1814	847	1.00365	0.00194101
1814	848	1.00365	0.00194101
1814	849	1.00365	0.00194101
1814	850	1.00365	0.00194101
1814	851	1.00365	0.00194101
1814	852	1.00365	0.00194101
1814	853	1.00365	0.00194101
1814	854	1.00365	0.00194101
1814	855	1.00365	0.00194101
1814	856	1.00365	0.00194101
1814	857	1.00365	0.00194101
1814	858	1.00365	0.00194101
1814	859	1.00365	0.00194101
1814	860	1.00365	0.00194101
1814	861	1.00365	0.00194101
1814	862	1.00365	0.00194101
1814	863	1.00365	0.00194101
1814	864	1.00365	0.00194101
1814	865	1.00365	0.00194101
1814	866	1.00365	0.00194101
1814	867	1.00365	0.00194101
1814	868	1.00365	0.00194101
1814	869	1.00365	0.00194101
1814	870	1.00365	0.00194101
1814	871	1.00365	0.00194101
1814	872	1.00365	0.00194101
1814	873	1.00365	0.00194101
1814	874	1.00365	0.00194101
1814	875	1.00365	0.00194101
1814	876	1.00365	0.00194101
1814	877	1.00365	0.00194101
1814	878	1.00365	0.00194101
1814	879	1.00365	0.00194101
1814	880	1.00365	0.00194101
1814	881	1.00365	0.00194101
1814	882	1.00365	0.00194101
1814	883	1.00365	0.00194101
1814	884	1.00365	0.00194101
1814	885	1.00365	0.00194101
1814	886	1.00365	0.00194101
1814	887	1.00365	0.00194101
1814	888	1.00365	0.00194101
1814	889	1.00365	0.00194101
1814	890	1.00365	0.00194101
1814	891	1.00365	0.00194101
1814	892	1.00365	0.00194101
1814	893	1.00365	0.00194101
1814	894	1.00365	0.00194101
1814	895	1.00365	0.00194101
1814	896	1.00365	0.00194101
1814	897	1.00365	0.00194101
1814	898	1.00365	0.00194101
1814	899	1.00365	0.00194101
1814	900	1.00365	0.00194101
1814	901	1.00365	0.00194101
1814	902	1.00365	0.00194101
1814	903	1.00365	0.00194101
1814	904	1.00365	0.00194101
1814	905	1.00365	0.00194101
1814	906	1.00365	0.00194101
1814	907	1.00365	0.00194101
1814	908	1.00365	0.00194101
1814	909	1.00365	0.00194101
1814	910	1.00365	0.00194101
1814	911	1.00365	0.00194101
1814	912	1.00365	0.00194101
1814	913	1.00365	0.00194101
1814	914	1.00365	0.00194101
1814	915	1.00365	0.00194101
1814	916	1.00365	0.00194101
1814	917	1.00365	0.00194101
1814	918	1.00365	0.00194101
1814	919	1.00365	0.00194101
1814	920	1.00365	0.00194101
1814	921	1.00365	0.00194101
1814	922	1.00365	0.00194101
1814	923	1.00365	0.00194101
1814	924	1.00365	0.00194101
1814	925	1.00365	0.00194101
1814	926	1.00365	0.00194101
1814	927	1.00365	0.00194101
1814	928	1.00365	0.00194101
1814	929	1.00365	0.00194101
1814	930	1.00365	0.00194101
1814	931	1.00365	0.00194101
1814	932	1.00365	0.00194101
1814	933	1.00365	0.00194101
1814	934	1.00365	0.00194101
1814	935	1.00365	0.00194101
1814	936	1.00365	0.00194101
1814	937	1.00365	0.00194101
1814	938	1.00365	0.00194101
1814	939	1.00365	0.00194101
1814	940	1.00365	0.00194101
1814	941	1.00365	0.00194101
1814	942	1.00365	0.00194101
1814	943	1.00365	0.00194101
1814	944	1.00365	0.00194101
1814	945	1.00365	0.00194101
1814	946	1.00365	0.00194101
1814	947	1.00365	0.00194101
1814	948	1.00365	0.00194101
1814	949	1.00365	0.00194101
1814	950	1.00365	0.00194101
1814	951	1.00365	0.00194101
1814	952	1.00365	0.00194101
1814	953	1.00365	0.00194101
1814	954	1.00365	0.00194101
1814	955	1.00365	0.00194101
1814	956	1.00365	0.00194101
1814	957	1.00365	0.00194101
1814	958	1.00365	0.00194101
1814	959	1.00365	0.00194101
1814	960	1.00365	0.00194101
1814	961	1.00365	0.00194101
1814	962	1.00365	0.00194101
1814	963	1.00365	0.00194101
1814	964	1.00365	0.00194101
1814	965	1.00365	0.00194101
1814	966	1.00365	0.00194101
1814	967	1.00365	0.00194101
1814	968	1.00365	0.00194101
1814	969	1.00365	0.00194101
1814	970	1.00365	0.00194101
1814	971	1.00365	0.00194101
1814	972	1.00365	0.00194101
1814	973	1.00365	0.00194101
1814	974	1.00365	0.00194101
1814	975	1.00365	0.00194101
1814	976	1.00365	0.00194101
1814	977	1.00365	0.00194101
1814	978	1.00365	0.00194101
1814	979	1.00365	0.00194101
1814	980	1.00365	0.00194101
1814	981	1.00365	0.00194101
1814	982	1.00365	0.00194101
1814	983	1.00365	0.00194101
1814	984	1.00365	0.00194101
1814	985	1.00365	0.00194101
1814	986	1.00365	0.00194101
1814	987	1.00365	0.00194101
1814	988	1.00365	0.00194101
1814	989	1.00365	0.00194101
1814	990	1.00365	0.00194101
1814	991	1.00365	0.00194101
1814	992	1.00365	0.00194101
1814	993	1.00365	0.00194101
1814	994	1.00365	0.00194101
1814	995	1.00365	0.00194101
1814	996	1.00365	0.00194101
1814	997	1.00365	0.00194101
1814	998	1.00365	0.00194101
1814	999	1.00365	0.00194101
1814	1000	1.00365	0.00194101
1814	1001	1.00365	0.00194101
1814	1002	1.00365	0.00194101
1814	1003	1.00365	0.00194101
1814	1004	1.00365	0.00194101
1814	1005	1.00365	0.00194101
1814	1006	1.00365	0.00194101
1814	1007	1.00365	0.00194101
1814	1008	1.00365	0.00194101
1814	1009	1.00365	0.00194101
1814	1010	1.00365	0.00194101
1814	1011	1.00365	0.00194101
1814	1012	1.00365	0.00194101
1814	1013	1.00365	0.00194101
1814	1014	1.00365	0.00194101
1814	1015	1.00365	0.00194101
1814	1016	1.00365	0.00194101
1814	1017	1.00365	0.00194101
1814	1018	1.00365	0.00194101
1814	1019	1.00365	0.00194101
1814	1020	1.00365	0.00194101
1814	1021	1.00365	0.00194101
1814	1022	1.00365	0.00194101
1814	1023	1.00365	0.00194101
1814	1024	1.00365	0.00194101
1814	1025	1.00365	0.00194101
1814	1026	1.00365	0.00194101
1814	1027	1.00365	0.00194101
1814	1028	1.00365	0.00194101
1814	1029	1.00365	0.00194101
1814	1030	1.00365	0.00194101
1814	1031	1.00365	0.00194101
1814	1032	1.00365	0.00194101
1814	1033	1.00365	0.00194101
1814	1034	1.00365	0.00194101
1814	1035	1.00365	0.00194101
1814	1036	1.00365	0.00194101
1814	1037	1.00365	0.00194101
1814	1038	1.00365	0.00194101
1814	1039	1.00365	0.00194101
1814	1040	1.00365	0.00194101
1814	1041	1.00365	0.00194101
1814	1042	1.00365	0.00194101
1814	1043	1.00365	0.00194101
1814	1044	1.00365	0.00194101
1814	1045	1.00365	0.00194101
1814	1046	1.00365	0.00194101
1814	1047	1.00365	0.00194101
1814	1048	1.00365	0.00194101
1814	1049	1.00365	0.00194101
1814	1050	1.00365	0.00194101
1814	1051	1.00365	0.00194101
1814	1052	1.00365	0.00194101
1814	1053	1.00365	0.00194101
1814	1054	1.00365	0.00194101
1814	1055	1.00365	0.00194101
1814	1056	1.00365	0.00194101
1814	1057	1.00365	0.00194101
1814	1058	1.00365	0.00194101
1814	1059	1.00365	0.00194101
1814	1060	1.00365	0.00194101
1814	1061	1.00365	0.00194101
1814	1062	1.00365	0.00194101
1814	1063	1.00365	0.00194101
1814	1064	1.00365	0.00194101
1814	1065	1.00365	0.00194101
1814	1066	1.00365	0.00194101
1814	1067	1.00365	0.00194101
1814	1068	1.00365	0.00194101
1814	1069	1.00365	0.00194101
1814	1070	1.00365	0.00194101
1814	1071	1.00365	0.00194101
1814	1072	1.00365	0.00194101
1814	1073	1.00365	0.00194101
1814	1074	1.00365	0.00194101
1814	1075	1.00365	0.00194101
1814	1076	1.00365	0.00194101
1814	1077	1.00365	0.00194101
1814	1078	1.00365	0.00194101
1814	1079	1.00365	0.00194101
1814	1080	1.00365	0.00194101
1814	1081	1.00365	0.00194101
1814	1082	1.00365	0.00194101
1814	1083	1.00365	0.00194101
1814	1084	1.00365	0.00194101
1814	1085	1.00365	0.00194101
1814	1086	1.00365	0.00194101
1814	1087	1.00365	0.00194101
1814	1088	1.00365	0.00194101
1814	1089	1.00365	0.00194101
1814	1090	1.00365	0.00194101
1814	1091	1.00365	0.00194101
1814	1092	1.00365	0.00194101
1814	1093	1.00365	0.00194101
1814	1094	1.00365	0.00194101
1814	1095	1.00365	0.00194101
1814	1096	1.00365	0.00194101
1814	1097	1.00365	0.00194101
1814	1098	1.00365	0.00194101
1814	1099	1.00365	0.00194101
1814	1100	1.00365	0.00194101
1814	1101	1.00365	0.00194101
1814	1102	1.00365	0.00194101
1814	1103	1.00365	0.00194101
1814	1104	1.00365	0.00194101
1814	1105	1.00365	0.00194101
1814	1106	1.00365	0.00194101
1814	1107	1.00365	0.00194101
1814	1108	1.00365	0.00194101
1814	1109	1.00365	0.00194101
1814	1110	1.00365	0.00194101
1814	1111	1.00365	0.00194101
1814	1112	1.00365	0.00194101
1814	1113	1.00365	0.00194101
1814	1114	1.00365	0.00194101
1814	1115	1.00365	0.00194101
1814	1116	1.00365	0.00194101
1814	1117	1.00365	0.00194101
1814	1118	1.00365	0.00194101
1814	1119	1.00365	0.00194101
1814	1120	1.00365	0.00194101
1814	1121	1.00365	0.00194101
1814	1122	1.00365	0.00194101
1814	1123	1.00365	0.00194101
1814	1124	1.00365	0.00194101
1814	1125	1.00365	0.00194101
1814	1126	1.00365	0.00194101
1814	1127	1.00365	0.00194101
1814	1128	1.00365	0.00194101
1814	1129	1.00365	0.00194101
1814	1130	1.00365	0.00194101
1814	1131	1.00365	0.00194101
1814	1132	1.00365	0.00194101
1814	1133	1.00365	0.00194101
1814	1134	1.00365	0.00194101
1814	1135	1.00365	0.00194101
1814	1136	1.00365	0.00194101
1814	1137	1.00365	0.00194101
1814	1138	1.00365	0.00194101
1814	1139	1.00365	0.00194101
1814	1140	1.00365	0.00194101
1814	1141	1.00365	0.00194101
1814	1142	1.00365	0.00194101
1814	1143	1.00365	0.00194101
1814	1144	1.00365	0.00194101
1814	1145	1.00365	0.00194101
1814	1146	1.00365	0.00194101
1814	1147	1.00365	0.00194101
1814	1148	1.00365	0.00194101
1814	1149	1.00365	0.00194101
1814	1150	1.00365	0.00194101
1814	1151	1.00365	0.00194101
1814	1152	1.00365	0.00194101
1814	1153	1.00365	0.00194101
1814	1154	1.00365	0.00194101
1814	1155	1.00365	0.00194101
1814	1156	1.00365	0.00194101
1814	1157	1.00365	0.00194101
1814	1158	1.00365	0.00194101
1814	1159	1.00365	0.00194101
1814	1160	1.00365	0.00194101
1814	1161	1.00365	0.00194101
1814	1162	1.00365	0.00194101
1814	1163	1.00365	0.00194101
1814	1164	1.00365	0.00194101
1814	1165	1.00365	0.00194101
1814	1166	1.00365	0.00194101
1814	1167	1.00365	0.00194101
1814	1168	1.00365	0.00194101
1814	1169	1.00365	0.00194101
1814	1170	1.00365	0.00194101
1814	1171	1.00365	0.00194101
1814	1172	1.00365	0.00194101
1814	1173	1.00365	0.00194101
1814	1174	1.00365	0.00194101
1814	1175	1.00365	0.00194101
1814	1176	1.00365	0.00194101
1814	1177	1.00365	0.00194101
1814	1178	1.00365	0.00194101
1814	1179	1.00365	0.00194101
1814	1180	1.00365	0.00194101
1814	1181	1.00365	0.00194101
1814	1182	1.00365	0.00194101
1814	1183	1.00365	0.00194101
1814	1184	1.00365	0.00194101
1814	1185	1.00365	0.00194101
1814	1186	1.00365	0.00194101
1814	1187	1.00365	0.00194101
1814	1188	1.00365	0.00194101
1814	1189	1.00365	0.00194101
1814	1190	1.00365	0.00194101
1814	1191	1.00365	0.00194101
1814	1192	1.00365	0.00194101
1814	1193	1.00365	0.00194101
1814	1194	1.00365	0.00194101
1814	1195	1.00365	0.00194101
1814	1196	1.00365	0.00194101
1814	1197	1.00365	0.00194101
1814	1198	1.00365	0.00194101
1814	1199	1.00365	0.00194101
1814	1200	1.00365	0.00194101
1814	1201	1.00365	0.00194101
1814	1202	1.00365	0.00194101
1814	1203	1.00365	0.00194101
1814	1204	1.00365	0.00194101
1814	1205	1.00365	0.00194101
1814	1206	1.00365	0.00194101
1814	1207	1.00365	0.00194101
1814	1208	1.00365	0.00194101
1814	1209	1.00365	0.00194101
1814	1210	1.00365	0.00194101
1814	1211	1.00365	0.00194101
1814	1212	1.00365	0.00194101
1814	1213	1.00365	0.00194101
1814	1214	1.00365	0.00194101
1814	1215	1.00365	0.00194101
1814	1216	1.00365	0.00194101
1814	1217	1.00365	0.00194101
1814	1218	1.00365	0.00194101
1814	1219	1.00365	0.00194101
1814	1220	1.00365	0.00194101
1814	1221	1.00365	0.00194101
1814	1222	1.00365	0.00194101
1814	1223	1.00365	0.00194101
1814	1224	1.00365	0.00194101
1814	1225	1.00365	0.00194101
1814	1226	1.00365	0.00194101
1814	1227	1.00365	0.00194101
1814	1228	1.00365	0.00194101
1814	1229	1.00365	0.00194101
1814	1230	1.00365	0.00194101
1814	1231	1.00365	0.00194101
1814	1232	1.00365	0.00194101
1814	1233	1.00365	0.00194101
1814	1234	1.00365	0.00194101
1814	1235	1.00365	0.00194101
1814	1236	1.00365	0.00194101
1814	1237	1.00365	0.00194101
1814	1238	1.00365	0.00194101
1814	1239	1.00365	0.00194101
1814	1240	1.00365	0.00194101
1814	1241	1.00365	0.00194101
1814	1242	1.00365	0.00194101
1814	1243	1.00365	0.00194101
1814	1244	1.00365	0.00194101
1814	1245	1.00365	0.00194101
1814	1246	1.00365	0.00194101
1814	1247	1.00365	0.00194101
1814	1248	1.00365	0.00194101
1814	1249	1.00365	0.00194101
1814	1250	1.00365	0.00194101
1814	1251	1.00365	0.00194101
1814	1252	1.00365	0.00194101
1814	1253	1.00365	0.00194101
1814	1254	1.00365	0.00194101
1814	1255	1.00365	0.00194101
1814	1256	1.00365	0.00194101
1814	1257	1.00365	0.00194101
1814	1258	1.00365	0.00194101
1814	1259	1.00365	0.00194101
1814	1260	1.00365	0.00194101
1814	1261	1.00365	0.00194101
1814	1262	1.00365	0.00194101
1814	1263	1.00365	0.00194101
1814	1264	1.00365	0.00194101
1814	1265	1.00365	0.00194101
1814	1266	1.00365	0.00194101
1814	1267	1.00365	0.00194101
1814	1268	1.00365	0.00194101
1814	1269	1.00365	0.00194101
1814	1270	1.00365	0.00194101
1814	1271	1.00365	0.00194101
1814	1272	1.00365	0.00194101
1814	1273	1.00365	0.00194101
1814	1274	1.00365	0.00194101
1814	1275	1.00365	0.00194101
1814	1276	1.00365	0.00194101
1814	1277	1.00365	0.00194101
1814	1278	1.00365	0.00194101
1814	1279	1.00365	0.00194101
1814	1280	1.00365	0.00194101
1814	1281	1.00365	0.00194101
1814	1282	1.00365	0.00194101
1814	1283	1.00365	0.00194101
1814	1284	1.00365	0.00194101
1814	1285	1.00365	0.00194101
1814	1286	1.00365	0.00194101
1814	1287	1.00365	0.00194101
1814	1288	1.00365	0.00194101
1814	1289	1.00365	0.00194101
1814	1290	1.00365	0.00194101
1814	1291	1.00365	0.00194101
1814	1292	1.00365	0.00194101
1814	1293	1.00365	0.00194101
1814	1294	1.00365	0.00194101
1814	1295	1.00365	0.00194101
1814	1296	1.00365	0.00194101
1814	1297	1.00365	0.00194101
1814	1298	1.00365	0.00194101
1814	1299	1.00365	0.00194101
1814	1300	1.00365	0.00194101
1814	1301	1.00365	0.00194101
1814	1302	1.00365	0.00194101
1814	1303	1.00365	0.00194101
1814	1304	1.00365	0.00194101
1814	1305	1.00365	0.00194101
1814	1306	1.00365	0.00194101
1814	1307	1.00365	0.00194101
1814	1308	1.00365	0.00194101
1814	1309	1.00365	0.00194101
1814	1310	1.00365	0.00194101
1814	1311	1.00365	0.00194101
1814	1312	1.00365	0.00194101
1814	1313	1.00365	0.00194101
1814	1314	1.00365	0.00194101
1814	1315	1.00365	0.00194101
1814	1316	1.00365	0.00194101
1814	1317	1.00365	0.00194101
1814	1318	1.00365	0.00194101
1814	1319	1.00365	0.00194101
1814	1320	1.00365	0.00194101
1814	1321	1.00365	0.00194101
1814	1322	1.00365	0.00194101
1814	1323	1.00365	0.00194101
1814	1324	1.00365	0.00194101
1814	1325	1.00365	0.00194101
1814	1326	1.00365	0.00194101
1814	1327	1.00365	0.00194101
1814	1328	1.00365	0.00194101
1814	1329	1.00365	0.00194101
1814	1330	1.00365	0.00194101
1814	1331	1.00365	0.00194101
1814	1332	1.00365	0.00194101
1814	1333	1.00365	0.00194101
1814	1334	1.00365	0.00194101
1814	1335	1.00365	0.00194101
1814	1336	1.00365	0.00194101
1814	1337	1.00365	0.00194101
1814	1338	1.00365	0.00194101
1814	1339	1.00365	0.00194101
1814	1340	1.00365	0.00194101
1814	1341	1.00365	0.00194101
