1952	0	1.00806	0.00209438
1952	1	1.00806	0.00209438
1952	2	1.00806	0.00209438
1952	3	1.00806	0.00209438
1952	4	1.00806	0.00209438
1952	5	1.00806	0.00209438
1952	6	1.00806	0.00209438
1952	7	1.00806	0.00209438
1952	8	1.00806	0.00209438
1952	9	1.00806	0.00209438
1952	10	1.00806	0.00209438
1952	11	1.00806	0.00209438
1952	12	1.00806	0.00209438
1952	13	1.00806	0.00209438
1952	14	1.00806	0.00209438
1952	15	1.00806	0.00209438
1952	16	1.00806	0.00209438
1952	17	1.00806	0.00209438
1952	18	1.00806	0.00209438
1952	19	1.00806	0.00209438
1952	20	1.00806	0.00209438
1952	21	1.00806	0.00209438
1952	22	1.00806	0.00209438
1952	23	1.00806	0.00209438
1952	24	1.00806	0.00209438
1952	25	1.00806	0.00209438
1952	26	1.00806	0.00209438
1952	27	1.00806	0.00209438
1952	28	1.00806	0.00209438
1952	29	1.00806	0.00209438
1952	30	1.00806	0.00209438
1952	31	1.00806	0.00209438
1952	32	1.00806	0.00209438
1952	33	1.00806	0.00209438
1952	34	1.00806	0.00209438
1952	35	1.00806	0.00209438
1952	36	1.00806	0.00209438
1952	37	1.00806	0.00209438
1952	38	1.00806	0.00209438
1952	39	1.00806	0.00209438
1952	40	1.00806	0.00209438
1952	41	1.00806	0.00209438
1952	42	1.00806	0.00209438
1952	43	1.00806	0.00209438
1952	44	1.00806	0.00209438
1952	45	1.00806	0.00209438
1952	46	1.00806	0.00209438
1952	47	1.00806	0.00209438
1952	48	1.00806	0.00209438
1952	49	1.00806	0.00209438
1952	50	1.00806	0.00209438
1952	51	1.00806	0.00209438
1952	52	1.00806	0.00209438
1952	53	1.00806	0.00209438
1952	54	1.00806	0.00209438
1952	55	1.00806	0.00209438
1952	56	1.00806	0.00209438
1952	57	1.00806	0.00209438
1952	58	1.00806	0.00209438
1952	59	1.00806	0.00209438
1952	60	1.00806	0.00209438
1952	61	1.00806	0.00209438
1952	62	1.00806	0.00209438
1952	63	1.00806	0.00209438
1952	64	1.00806	0.00209438
1952	65	1.00806	0.00209438
1952	66	1.00806	0.00209438
1952	67	1.00806	0.00209438
1952	68	1.00806	0.00209438
1952	69	1.00806	0.00209438
1952	70	1.00806	0.00209438
1952	71	1.00806	0.00209438
1952	72	1.00806	0.00209438
1952	73	1.00806	0.00209438
1952	74	1.00806	0.00209438
1952	75	1.00806	0.00209438
1952	76	1.00806	0.00209438
1952	77	1.00806	0.00209438
1952	78	1.00806	0.00209438
1952	79	1.00806	0.00209438
1952	80	1.00806	0.00209438
1952	81	1.00806	0.00209438
1952	82	1.00806	0.00209438
1952	83	1.00806	0.00209438
1952	84	1.00806	0.00209438
1952	85	1.00806	0.00209438
1952	86	1.00806	0.00209438
1952	87	1.00806	0.00209438
1952	88	1.00806	0.00209438
1952	89	1.00806	0.00209438
1952	90	1.00806	0.00209438
1952	91	1.00806	0.00209438
1952	92	1.00806	0.00209438
1952	93	1.00806	0.00209438
1952	94	1.00806	0.00209438
1952	95	1.00806	0.00209438
1952	96	1.00806	0.00209438
1952	97	1.00806	0.00209438
1952	98	1.00806	0.00209438
1952	99	1.00806	0.00209438
1952	100	1.00806	0.00209438
1952	101	1.00806	0.00209438
1952	102	1.00806	0.00209438
1952	103	1.00806	0.00209438
1952	104	1.00806	0.00209438
1952	105	1.00806	0.00209438
1952	106	1.00806	0.00209438
1952	107	1.00806	0.00209438
1952	108	1.00806	0.00209438
1952	109	1.00806	0.00209438
1952	110	1.00806	0.00209438
1952	111	1.00806	0.00209438
1952	112	1.00806	0.00209438
1952	113	1.00806	0.00209438
1952	114	1.00806	0.00209438
1952	115	1.00806	0.00209438
1952	116	1.00806	0.00209438
1952	117	1.00806	0.00209438
1952	118	1.00806	0.00209438
1952	119	1.00806	0.00209438
1952	120	1.00806	0.00209438
1952	121	1.00806	0.00209438
1952	122	1.00806	0.00209438
1952	123	1.00806	0.00209438
1952	124	1.00806	0.00209438
1952	125	1.00806	0.00209438
1952	126	1.00806	0.00209438
1952	127	1.00806	0.00209438
1952	128	1.00806	0.00209438
1952	129	1.00806	0.00209438
1952	130	1.00806	0.00209438
1952	131	1.00806	0.00209438
1952	132	1.00806	0.00209438
1952	133	1.00806	0.00209438
1952	134	1.00806	0.00209438
1952	135	1.00806	0.00209438
1952	136	1.00806	0.00209438
1952	137	1.00806	0.00209438
1952	138	1.00806	0.00209438
1952	139	1.00806	0.00209438
1952	140	1.00806	0.00209438
1952	141	1.00806	0.00209438
1952	142	1.00806	0.00209438
1952	143	1.00806	0.00209438
1952	144	1.00806	0.00209438
1952	145	1.00806	0.00209438
1952	146	1.00806	0.00209438
1952	147	1.00806	0.00209438
1952	148	1.00806	0.00209438
1952	149	1.00806	0.00209438
1952	150	1.00806	0.00209438
1952	151	1.00806	0.00209438
1952	152	1.00806	0.00209438
1952	153	1.00806	0.00209438
1952	154	1.00806	0.00209438
1952	155	1.00806	0.00209438
1952	156	1.00806	0.00209438
1952	157	1.00806	0.00209438
1952	158	1.00806	0.00209438
1952	159	1.00806	0.00209438
1952	160	1.00806	0.00209438
1952	161	1.00806	0.00209438
1952	162	1.00806	0.00209438
1952	163	1.00806	0.00209438
1952	164	1.00806	0.00209438
1952	165	1.00806	0.00209438
1952	166	1.00806	0.00209438
1952	167	1.00806	0.00209438
1952	168	1.00806	0.00209438
1952	169	1.00806	0.00209438
1952	170	1.00806	0.00209438
1952	171	1.00806	0.00209438
1952	172	1.00806	0.00209438
1952	173	1.00806	0.00209438
1952	174	1.00806	0.00209438
1952	175	1.00806	0.00209438
1952	176	1.00806	0.00209438
1952	177	1.00806	0.00209438
1952	178	1.00806	0.00209438
1952	179	1.00806	0.00209438
1952	180	1.00806	0.00209438
1952	181	1.00806	0.00209438
1952	182	1.00806	0.00209438
1952	183	1.00806	0.00209438
1952	184	1.00806	0.00209438
1952	185	1.00806	0.00209438
1952	186	1.00806	0.00209438
1952	187	1.00806	0.00209438
1952	188	1.00806	0.00209438
1952	189	1.00806	0.00209438
1952	190	1.00806	0.00209438
1952	191	1.00806	0.00209438
1952	192	1.00806	0.00209438
1952	193	1.00806	0.00209438
1952	194	1.00806	0.00209438
1952	195	1.00806	0.00209438
1952	196	1.00806	0.00209438
1952	197	1.00806	0.00209438
1952	198	1.00806	0.00209438
1952	199	1.00806	0.00209438
1952	200	1.00806	0.00209438
1952	201	1.00806	0.00209438
1952	202	1.00806	0.00209438
1952	203	1.00806	0.00209438
1952	204	1.00806	0.00209438
1952	205	1.00806	0.00209438
1952	206	1.00806	0.00209438
1952	207	1.00806	0.00209438
1952	208	1.00806	0.00209438
1952	209	1.00806	0.00209438
1952	210	1.00806	0.00209438
1952	211	1.00806	0.00209438
1952	212	1.00806	0.00209438
1952	213	1.00806	0.00209438
1952	214	1.00806	0.00209438
1952	215	1.00806	0.00209438
1952	216	1.00806	0.00209438
1952	217	1.00806	0.00209438
1952	218	1.00806	0.00209438
1952	219	1.00806	0.00209438
1952	220	1.00806	0.00209438
1952	221	1.00806	0.00209438
1952	222	1.00806	0.00209438
1952	223	1.00806	0.00209438
1952	224	1.00806	0.00209438
1952	225	1.00806	0.00209438
1952	226	1.00806	0.00209438
1952	227	1.00806	0.00209438
1952	228	1.00806	0.00209438
1952	229	1.00806	0.00209438
1952	230	1.00806	0.00209438
1952	231	1.00806	0.00209438
1952	232	1.00806	0.00209438
1952	233	1.00806	0.00209438
1952	234	1.00806	0.00209438
1952	235	1.00806	0.00209438
1952	236	1.00806	0.00209438
1952	237	1.00806	0.00209438
1952	238	1.00806	0.00209438
1952	239	1.00806	0.00209438
1952	240	1.00806	0.00209438
1952	241	1.00806	0.00209438
1952	242	1.00806	0.00209438
1952	243	1.00806	0.00209438
1952	244	1.00806	0.00209438
1952	245	1.00806	0.00209438
1952	246	1.00806	0.00209438
1952	247	1.00806	0.00209438
1952	248	1.00806	0.00209438
1952	249	1.00806	0.00209438
1952	250	1.00806	0.00209438
1952	251	1.00806	0.00209438
1952	252	1.00806	0.00209438
1952	253	1.00806	0.00209438
1952	254	1.00806	0.00209438
1952	255	1.00806	0.00209438
1952	256	1.00806	0.00209438
1952	257	1.00806	0.00209438
1952	258	1.00806	0.00209438
1952	259	1.00806	0.00209438
1952	260	1.00806	0.00209438
1952	261	1.00806	0.00209438
1952	262	1.00806	0.00209438
1952	263	1.00806	0.00209438
1952	264	1.00806	0.00209438
1952	265	1.00806	0.00209438
1952	266	1.00806	0.00209438
1952	267	1.00806	0.00209438
1952	268	1.00806	0.00209438
1952	269	1.00806	0.00209438
1952	270	1.00806	0.00209438
1952	271	1.00806	0.00209438
1952	272	1.00806	0.00209438
1952	273	1.00806	0.00209438
1952	274	1.00806	0.00209438
1952	275	1.00806	0.00209438
1952	276	1.00806	0.00209438
1952	277	1.00806	0.00209438
1952	278	1.00806	0.00209438
1952	279	1.00806	0.00209438
1952	280	1.00806	0.00209438
1952	281	1.00806	0.00209438
1952	282	1.00806	0.00209438
1952	283	1.00806	0.00209438
1952	284	1.00806	0.00209438
1952	285	1.00806	0.00209438
1952	286	1.00806	0.00209438
1952	287	1.00806	0.00209438
1952	288	1.00806	0.00209438
1952	289	1.00806	0.00209438
1952	290	1.00806	0.00209438
1952	291	1.00806	0.00209438
1952	292	1.00806	0.00209438
1952	293	1.00806	0.00209438
1952	294	1.00806	0.00209438
1952	295	1.00806	0.00209438
1952	296	1.00806	0.00209438
1952	297	1.00806	0.00209438
1952	298	1.00806	0.00209438
1952	299	1.00806	0.00209438
1952	300	1.00806	0.00209438
1952	301	1.00806	0.00209438
1952	302	1.00806	0.00209438
1952	303	1.00806	0.00209438
1952	304	1.00806	0.00209438
1952	305	1.00806	0.00209438
1952	306	1.00806	0.00209438
1952	307	1.00806	0.00209438
1952	308	1.00806	0.00209438
1952	309	1.00806	0.00209438
1952	310	1.00806	0.00209438
1952	311	1.00806	0.00209438
1952	312	1.00806	0.00209438
1952	313	1.00806	0.00209438
1952	314	1.00806	0.00209438
1952	315	1.00806	0.00209438
1952	316	1.00806	0.00209438
1952	317	1.00806	0.00209438
1952	318	1.00806	0.00209438
1952	319	1.00806	0.00209438
1952	320	1.00806	0.00209438
1952	321	1.00806	0.00209438
1952	322	1.00806	0.00209438
1952	323	1.00806	0.00209438
1952	324	1.00806	0.00209438
1952	325	1.00806	0.00209438
1952	326	1.00806	0.00209438
1952	327	1.00806	0.00209438
1952	328	1.00806	0.00209438
1952	329	1.00806	0.00209438
1952	330	1.00806	0.00209438
1952	331	1.00806	0.00209438
1952	332	1.00806	0.00209438
1952	333	1.00806	0.00209438
1952	334	1.00806	0.00209438
1952	335	1.00806	0.00209438
1952	336	1.00806	0.00209438
1952	337	1.00806	0.00209438
1952	338	1.00806	0.00209438
1952	339	1.00806	0.00209438
1952	340	1.00806	0.00209438
1952	341	1.00806	0.00209438
1952	342	1.00806	0.00209438
1952	343	1.00806	0.00209438
1952	344	1.00806	0.00209438
1952	345	1.00806	0.00209438
1952	346	1.00806	0.00209438
1952	347	1.00806	0.00209438
1952	348	1.00806	0.00209438
1952	349	1.00806	0.00209438
1952	350	1.00806	0.00209438
1952	351	1.00806	0.00209438
1952	352	1.00806	0.00209438
1952	353	1.00806	0.00209438
1952	354	1.00806	0.00209438
1952	355	1.00806	0.00209438
1952	356	1.00806	0.00209438
1952	357	1.00806	0.00209438
1952	358	1.00806	0.00209438
1952	359	1.00806	0.00209438
1952	360	1.00806	0.00209438
1952	361	1.00806	0.00209438
1952	362	1.00806	0.00209438
1952	363	1.00806	0.00209438
1952	364	1.00806	0.00209438
1952	365	1.00806	0.00209438
1952	366	1.00806	0.00209438
1952	367	1.00806	0.00209438
1952	368	1.00806	0.00209438
1952	369	1.00806	0.00209438
1952	370	1.00806	0.00209438
1952	371	1.00806	0.00209438
1952	372	1.00806	0.00209438
1952	373	1.00806	0.00209438
1952	374	1.00806	0.00209438
1952	375	1.00806	0.00209438
1952	376	1.00806	0.00209438
1952	377	1.00806	0.00209438
1952	378	1.00806	0.00209438
1952	379	1.00806	0.00209438
1952	380	1.00806	0.00209438
1952	381	1.00806	0.00209438
1952	382	1.00806	0.00209438
1952	383	1.00806	0.00209438
1952	384	1.00806	0.00209438
1952	385	1.00806	0.00209438
1952	386	1.00806	0.00209438
1952	387	1.00806	0.00209438
1952	388	1.00806	0.00209438
1952	389	1.00806	0.00209438
1952	390	1.00806	0.00209438
1952	391	1.00806	0.00209438
1952	392	1.00806	0.00209438
1952	393	1.00806	0.00209438
1952	394	1.00806	0.00209438
1952	395	1.00806	0.00209438
1952	396	1.00806	0.00209438
1952	397	1.00806	0.00209438
1952	398	1.00806	0.00209438
1952	399	1.00806	0.00209438
1952	400	1.00806	0.00209438
1952	401	1.00806	0.00209438
1952	402	1.00806	0.00209438
1952	403	1.00806	0.00209438
1952	404	1.00806	0.00209438
1952	405	1.00806	0.00209438
1952	406	1.00806	0.00209438
1952	407	1.00806	0.00209438
1952	408	1.00806	0.00209438
1952	409	1.00806	0.00209438
1952	410	1.00806	0.00209438
1952	411	1.00806	0.00209438
1952	412	1.00806	0.00209438
1952	413	1.00806	0.00209438
1952	414	1.00806	0.00209438
1952	415	1.00806	0.00209438
1952	416	1.00806	0.00209438
1952	417	1.00806	0.00209438
1952	418	1.00806	0.00209438
1952	419	1.00806	0.00209438
1952	420	1.00806	0.00209438
1952	421	1.00806	0.00209438
1952	422	1.00806	0.00209438
1952	423	1.00806	0.00209438
1952	424	1.00806	0.00209438
1952	425	1.00806	0.00209438
1952	426	1.00806	0.00209438
1952	427	1.00806	0.00209438
1952	428	1.00806	0.00209438
1952	429	1.00806	0.00209438
1952	430	1.00806	0.00209438
1952	431	1.00806	0.00209438
1952	432	1.00806	0.00209438
1952	433	1.00806	0.00209438
1952	434	1.00806	0.00209438
1952	435	1.00806	0.00209438
1952	436	1.00806	0.00209438
1952	437	1.00806	0.00209438
1952	438	1.00806	0.00209438
1952	439	1.00806	0.00209438
1952	440	1.00806	0.00209438
1952	441	1.00806	0.00209438
1952	442	1.00806	0.00209438
1952	443	1.00806	0.00209438
1952	444	1.00806	0.00209438
1952	445	1.00806	0.00209438
1952	446	1.00806	0.00209438
1952	447	1.00806	0.00209438
1952	448	1.00806	0.00209438
1952	449	1.00806	0.00209438
1952	450	1.00806	0.00209438
1952	451	1.00806	0.00209438
1952	452	1.00806	0.00209438
1952	453	1.00806	0.00209438
1952	454	1.00806	0.00209438
1952	455	1.00806	0.00209438
1952	456	1.00806	0.00209438
1952	457	1.00806	0.00209438
1952	458	1.00806	0.00209438
1952	459	1.00806	0.00209438
1952	460	1.00806	0.00209438
1952	461	1.00806	0.00209438
1952	462	1.00806	0.00209438
1952	463	1.00806	0.00209438
1952	464	1.00806	0.00209438
1952	465	1.00806	0.00209438
1952	466	1.00806	0.00209438
1952	467	1.00806	0.00209438
1952	468	1.00806	0.00209438
1952	469	1.00806	0.00209438
1952	470	1.00806	0.00209438
1952	471	1.00806	0.00209438
1952	472	1.00806	0.00209438
1952	473	1.00806	0.00209438
1952	474	1.00806	0.00209438
1952	475	1.00806	0.00209438
1952	476	1.00806	0.00209438
1952	477	1.00806	0.00209438
1952	478	1.00806	0.00209438
1952	479	1.00806	0.00209438
1952	480	1.00806	0.00209438
1952	481	1.00806	0.00209438
1952	482	1.00806	0.00209438
1952	483	1.00806	0.00209438
1952	484	1.00806	0.00209438
1952	485	1.00806	0.00209438
1952	486	1.00806	0.00209438
1952	487	1.00806	0.00209438
1952	488	1.00806	0.00209438
1952	489	1.00806	0.00209438
1952	490	1.00806	0.00209438
1952	491	1.00806	0.00209438
1952	492	1.00806	0.00209438
1952	493	1.00806	0.00209438
1952	494	1.00806	0.00209438
1952	495	1.00806	0.00209438
1952	496	1.00806	0.00209438
1952	497	1.00806	0.00209438
1952	498	1.00806	0.00209438
1952	499	1.00806	0.00209438
1952	500	1.00806	0.00209438
1952	501	1.00806	0.00209438
1952	502	1.00806	0.00209438
1952	503	1.00806	0.00209438
1952	504	1.00806	0.00209438
1952	505	1.00806	0.00209438
1952	506	1.00806	0.00209438
1952	507	1.00806	0.00209438
1952	508	1.00806	0.00209438
1952	509	1.00806	0.00209438
1952	510	1.00806	0.00209438
1952	511	1.00806	0.00209438
1952	512	1.00806	0.00209438
1952	513	1.00806	0.00209438
1952	514	1.00806	0.00209438
1952	515	1.00806	0.00209438
1952	516	1.00806	0.00209438
1952	517	1.00806	0.00209438
1952	518	1.00806	0.00209438
1952	519	1.00806	0.00209438
1952	520	1.00806	0.00209438
1952	521	1.00806	0.00209438
1952	522	1.00806	0.00209438
1952	523	1.00806	0.00209438
1952	524	1.00806	0.00209438
1952	525	1.00806	0.00209438
1952	526	1.00806	0.00209438
1952	527	1.00806	0.00209438
1952	528	1.00806	0.00209438
1952	529	1.00806	0.00209438
1952	530	1.00806	0.00209438
1952	531	1.00806	0.00209438
1952	532	1.00806	0.00209438
1952	533	1.00806	0.00209438
1952	534	1.00806	0.00209438
1952	535	1.00806	0.00209438
1952	536	1.00806	0.00209438
1952	537	1.00806	0.00209438
1952	538	1.00806	0.00209438
1952	539	1.00806	0.00209438
1952	540	1.00806	0.00209438
1952	541	1.00806	0.00209438
1952	542	1.00806	0.00209438
1952	543	1.00806	0.00209438
1952	544	1.00806	0.00209438
1952	545	1.00806	0.00209438
1952	546	1.00806	0.00209438
1952	547	1.00806	0.00209438
1952	548	1.00806	0.00209438
1952	549	1.00806	0.00209438
1952	550	1.00806	0.00209438
1952	551	1.00806	0.00209438
1952	552	1.00806	0.00209438
1952	553	1.00806	0.00209438
1952	554	1.00806	0.00209438
1952	555	1.00806	0.00209438
1952	556	1.00806	0.00209438
1952	557	1.00806	0.00209438
1952	558	1.00806	0.00209438
1952	559	1.00806	0.00209438
1952	560	1.00806	0.00209438
1952	561	1.00806	0.00209438
1952	562	1.00806	0.00209438
1952	563	1.00806	0.00209438
1952	564	1.00806	0.00209438
1952	565	1.00806	0.00209438
1952	566	1.00806	0.00209438
1952	567	1.00806	0.00209438
1952	568	1.00806	0.00209438
1952	569	1.00806	0.00209438
1952	570	1.00806	0.00209438
1952	571	1.00806	0.00209438
1952	572	1.00806	0.00209438
1952	573	1.00806	0.00209438
1952	574	1.00806	0.00209438
1952	575	1.00806	0.00209438
1952	576	1.00806	0.00209438
1952	577	1.00806	0.00209438
1952	578	1.00806	0.00209438
1952	579	1.00806	0.00209438
1952	580	1.00806	0.00209438
1952	581	1.00806	0.00209438
1952	582	1.00806	0.00209438
1952	583	1.00806	0.00209438
1952	584	1.00806	0.00209438
1952	585	1.00806	0.00209438
1952	586	1.00806	0.00209438
1952	587	1.00806	0.00209438
1952	588	1.00806	0.00209438
1952	589	1.00806	0.00209438
1952	590	1.00806	0.00209438
1952	591	1.00806	0.00209438
1952	592	1.00806	0.00209438
1952	593	1.00806	0.00209438
1952	594	1.00806	0.00209438
1952	595	1.00806	0.00209438
1952	596	1.00806	0.00209438
1952	597	1.00806	0.00209438
1952	598	1.00806	0.00209438
1952	599	1.00806	0.00209438
1952	600	1.00806	0.00209438
1952	601	1.00806	0.00209438
1952	602	1.00806	0.00209438
1952	603	1.00806	0.00209438
1952	604	1.00806	0.00209438
1952	605	1.00806	0.00209438
1952	606	1.00806	0.00209438
1952	607	1.00806	0.00209438
1952	608	1.00806	0.00209438
1952	609	1.00806	0.00209438
1952	610	1.00806	0.00209438
1952	611	1.00806	0.00209438
1952	612	1.00806	0.00209438
1952	613	1.00806	0.00209438
1952	614	1.00806	0.00209438
1952	615	1.00806	0.00209438
1952	616	1.00806	0.00209438
1952	617	1.00806	0.00209438
1952	618	1.00806	0.00209438
1952	619	1.00806	0.00209438
1952	620	1.00806	0.00209438
1952	621	1.00806	0.00209438
1952	622	1.00806	0.00209438
1952	623	1.00806	0.00209438
1952	624	1.00806	0.00209438
1952	625	1.00806	0.00209438
1952	626	1.00806	0.00209438
1952	627	1.00806	0.00209438
1952	628	1.00806	0.00209438
1952	629	1.00806	0.00209438
1952	630	1.00806	0.00209438
1952	631	1.00806	0.00209438
1952	632	1.00806	0.00209438
1952	633	1.00806	0.00209438
1952	634	1.00806	0.00209438
1952	635	1.00806	0.00209438
1952	636	1.00806	0.00209438
1952	637	1.00806	0.00209438
1952	638	1.00806	0.00209438
1952	639	1.00806	0.00209438
1952	640	1.00806	0.00209438
1952	641	1.00806	0.00209438
1952	642	1.00806	0.00209438
1952	643	1.00806	0.00209438
1952	644	1.00806	0.00209438
1952	645	1.00806	0.00209438
1952	646	1.00806	0.00209438
1952	647	1.00806	0.00209438
1952	648	1.00806	0.00209438
1952	649	1.00806	0.00209438
1952	650	1.00806	0.00209438
1952	651	1.00806	0.00209438
1952	652	1.00806	0.00209438
1952	653	1.00806	0.00209438
1952	654	1.00806	0.00209438
1952	655	1.00806	0.00209438
1952	656	1.00806	0.00209438
1952	657	1.00806	0.00209438
1952	658	1.00806	0.00209438
1952	659	1.00806	0.00209438
1952	660	1.00806	0.00209438
1952	661	1.00806	0.00209438
1952	662	1.00806	0.00209438
1952	663	1.00806	0.00209438
1952	664	1.00806	0.00209438
1952	665	1.00806	0.00209438
1952	666	1.00806	0.00209438
1952	667	1.00806	0.00209438
1952	668	1.00806	0.00209438
1952	669	1.00806	0.00209438
1952	670	1.00806	0.00209438
1952	671	1.00806	0.00209438
1952	672	1.00806	0.00209438
1952	673	1.00806	0.00209438
1952	674	1.00806	0.00209438
1952	675	1.00806	0.00209438
1952	676	1.00806	0.00209438
1952	677	1.00806	0.00209438
1952	678	1.00806	0.00209438
1952	679	1.00806	0.00209438
1952	680	1.00806	0.00209438
1952	681	1.00806	0.00209438
1952	682	1.00806	0.00209438
1952	683	1.00806	0.00209438
1952	684	1.00806	0.00209438
1952	685	1.00806	0.00209438
1952	686	1.00806	0.00209438
1952	687	1.00806	0.00209438
1952	688	1.00806	0.00209438
1952	689	1.00806	0.00209438
1952	690	1.00806	0.00209438
1952	691	1.00806	0.00209438
1952	692	1.00806	0.00209438
1952	693	1.00806	0.00209438
1952	694	1.00806	0.00209438
1952	695	1.00806	0.00209438
1952	696	1.00806	0.00209438
1952	697	1.00806	0.00209438
1952	698	1.00806	0.00209438
1952	699	1.00806	0.00209438
1952	700	1.00806	0.00209438
1952	701	1.00806	0.00209438
1952	702	1.00806	0.00209438
1952	703	1.00806	0.00209438
1952	704	1.00806	0.00209438
1952	705	1.00806	0.00209438
1952	706	1.00806	0.00209438
1952	707	1.00806	0.00209438
1952	708	1.00806	0.00209438
1952	709	1.00806	0.00209438
1952	710	1.00806	0.00209438
1952	711	1.00806	0.00209438
1952	712	1.00806	0.00209438
1952	713	1.00806	0.00209438
1952	714	1.00806	0.00209438
1952	715	1.00806	0.00209438
1952	716	1.00806	0.00209438
1952	717	1.00806	0.00209438
1952	718	1.00806	0.00209438
1952	719	1.00806	0.00209438
1952	720	1.00806	0.00209438
1952	721	1.00806	0.00209438
1952	722	1.00806	0.00209438
1952	723	1.00806	0.00209438
1952	724	1.00806	0.00209438
1952	725	1.00806	0.00209438
1952	726	1.00806	0.00209438
1952	727	1.00806	0.00209438
1952	728	1.00806	0.00209438
1952	729	1.00806	0.00209438
1952	730	1.00806	0.00209438
1952	731	1.00806	0.00209438
1952	732	1.00806	0.00209438
1952	733	1.00806	0.00209438
1952	734	1.00806	0.00209438
1952	735	1.00806	0.00209438
1952	736	1.00806	0.00209438
1952	737	1.00806	0.00209438
1952	738	1.00806	0.00209438
1952	739	1.00806	0.00209438
1952	740	1.00806	0.00209438
1952	741	1.00806	0.00209438
1952	742	1.00806	0.00209438
1952	743	1.00806	0.00209438
1952	744	1.00806	0.00209438
1952	745	1.00806	0.00209438
1952	746	1.00806	0.00209438
1952	747	1.00806	0.00209438
1952	748	1.00806	0.00209438
1952	749	1.00806	0.00209438
1952	750	1.00806	0.00209438
1952	751	1.00806	0.00209438
1952	752	1.00806	0.00209438
1952	753	1.00806	0.00209438
1952	754	1.00806	0.00209438
1952	755	1.00806	0.00209438
1952	756	1.00806	0.00209438
1952	757	1.00806	0.00209438
1952	758	1.00806	0.00209438
1952	759	1.00806	0.00209438
1952	760	1.00806	0.00209438
1952	761	1.00806	0.00209438
1952	762	1.00806	0.00209438
1952	763	1.00806	0.00209438
1952	764	1.00806	0.00209438
1952	765	1.00806	0.00209438
1952	766	1.00806	0.00209438
1952	767	1.00806	0.00209438
1952	768	1.00806	0.00209438
1952	769	1.00806	0.00209438
1952	770	1.00806	0.00209438
1952	771	1.00806	0.00209438
1952	772	1.00806	0.00209438
1952	773	1.00806	0.00209438
1952	774	1.00806	0.00209438
1952	775	1.00806	0.00209438
1952	776	1.00806	0.00209438
1952	777	1.00806	0.00209438
1952	778	1.00806	0.00209438
1952	779	1.00806	0.00209438
1952	780	1.00806	0.00209438
1952	781	1.00806	0.00209438
1952	782	1.00806	0.00209438
1952	783	1.00806	0.00209438
1952	784	1.00806	0.00209438
1952	785	1.00806	0.00209438
1952	786	1.00806	0.00209438
1952	787	1.00806	0.00209438
1952	788	1.00806	0.00209438
1952	789	1.00806	0.00209438
1952	790	1.00806	0.00209438
1952	791	1.00806	0.00209438
1952	792	1.00806	0.00209438
1952	793	1.00806	0.00209438
1952	794	1.00806	0.00209438
1952	795	1.00806	0.00209438
1952	796	1.00806	0.00209438
1952	797	1.00806	0.00209438
1952	798	1.00806	0.00209438
1952	799	1.00806	0.00209438
1952	800	1.00806	0.00209438
1952	801	1.00806	0.00209438
1952	802	1.00806	0.00209438
1952	803	1.00806	0.00209438
1952	804	1.00806	0.00209438
1952	805	1.00806	0.00209438
1952	806	1.00806	0.00209438
1952	807	1.00806	0.00209438
1952	808	1.00806	0.00209438
1952	809	1.00806	0.00209438
1952	810	1.00806	0.00209438
1952	811	1.00806	0.00209438
1952	812	1.00806	0.00209438
1952	813	1.00806	0.00209438
1952	814	1.00806	0.00209438
1952	815	1.00806	0.00209438
1952	816	1.00806	0.00209438
1952	817	1.00806	0.00209438
1952	818	1.00806	0.00209438
1952	819	1.00806	0.00209438
1952	820	1.00806	0.00209438
1952	821	1.00806	0.00209438
1952	822	1.00806	0.00209438
1952	823	1.00806	0.00209438
1952	824	1.00806	0.00209438
1952	825	1.00806	0.00209438
1952	826	1.00806	0.00209438
1952	827	1.00806	0.00209438
1952	828	1.00806	0.00209438
1952	829	1.00806	0.00209438
1952	830	1.00806	0.00209438
1952	831	1.00806	0.00209438
1952	832	1.00806	0.00209438
1952	833	1.00806	0.00209438
1952	834	1.00806	0.00209438
1952	835	1.00806	0.00209438
1952	836	1.00806	0.00209438
1952	837	1.00806	0.00209438
1952	838	1.00806	0.00209438
1952	839	1.00806	0.00209438
1952	840	1.00806	0.00209438
1952	841	1.00806	0.00209438
1952	842	1.00806	0.00209438
1952	843	1.00806	0.00209438
1952	844	1.00806	0.00209438
1952	845	1.00806	0.00209438
1952	846	1.00806	0.00209438
1952	847	1.00806	0.00209438
1952	848	1.00806	0.00209438
1952	849	1.00806	0.00209438
1952	850	1.00806	0.00209438
1952	851	1.00806	0.00209438
1952	852	1.00806	0.00209438
1952	853	1.00806	0.00209438
1952	854	1.00806	0.00209438
1952	855	1.00806	0.00209438
1952	856	1.00806	0.00209438
1952	857	1.00806	0.00209438
1952	858	1.00806	0.00209438
1952	859	1.00806	0.00209438
1952	860	1.00806	0.00209438
1952	861	1.00806	0.00209438
1952	862	1.00806	0.00209438
1952	863	1.00806	0.00209438
1952	864	1.00806	0.00209438
1952	865	1.00806	0.00209438
1952	866	1.00806	0.00209438
1952	867	1.00806	0.00209438
1952	868	1.00806	0.00209438
1952	869	1.00806	0.00209438
1952	870	1.00806	0.00209438
1952	871	1.00806	0.00209438
1952	872	1.00806	0.00209438
1952	873	1.00806	0.00209438
1952	874	1.00806	0.00209438
1952	875	1.00806	0.00209438
1952	876	1.00806	0.00209438
1952	877	1.00806	0.00209438
1952	878	1.00806	0.00209438
1952	879	1.00806	0.00209438
1952	880	1.00806	0.00209438
1952	881	1.00806	0.00209438
1952	882	1.00806	0.00209438
1952	883	1.00806	0.00209438
1952	884	1.00806	0.00209438
1952	885	1.00806	0.00209438
1952	886	1.00806	0.00209438
1952	887	1.00806	0.00209438
1952	888	1.00806	0.00209438
1952	889	1.00806	0.00209438
1952	890	1.00806	0.00209438
1952	891	1.00806	0.00209438
1952	892	1.00806	0.00209438
1952	893	1.00806	0.00209438
1952	894	1.00806	0.00209438
1952	895	1.00806	0.00209438
1952	896	1.00806	0.00209438
1952	897	1.00806	0.00209438
1952	898	1.00806	0.00209438
1952	899	1.00806	0.00209438
1952	900	1.00806	0.00209438
1952	901	1.00806	0.00209438
1952	902	1.00806	0.00209438
1952	903	1.00806	0.00209438
1952	904	1.00806	0.00209438
1952	905	1.00806	0.00209438
1952	906	1.00806	0.00209438
1952	907	1.00806	0.00209438
1952	908	1.00806	0.00209438
1952	909	1.00806	0.00209438
1952	910	1.00806	0.00209438
1952	911	1.00806	0.00209438
1952	912	1.00806	0.00209438
1952	913	1.00806	0.00209438
1952	914	1.00806	0.00209438
1952	915	1.00806	0.00209438
1952	916	1.00806	0.00209438
1952	917	1.00806	0.00209438
1952	918	1.00806	0.00209438
1952	919	1.00806	0.00209438
1952	920	1.00806	0.00209438
1952	921	1.00806	0.00209438
1952	922	1.00806	0.00209438
1952	923	1.00806	0.00209438
1952	924	1.00806	0.00209438
1952	925	1.00806	0.00209438
1952	926	1.00806	0.00209438
1952	927	1.00806	0.00209438
1952	928	1.00806	0.00209438
1952	929	1.00806	0.00209438
1952	930	1.00806	0.00209438
1952	931	1.00806	0.00209438
1952	932	1.00806	0.00209438
1952	933	1.00806	0.00209438
1952	934	1.00806	0.00209438
1952	935	1.00806	0.00209438
1952	936	1.00806	0.00209438
1952	937	1.00806	0.00209438
1952	938	1.00806	0.00209438
1952	939	1.00806	0.00209438
1952	940	1.00806	0.00209438
1952	941	1.00806	0.00209438
1952	942	1.00806	0.00209438
1952	943	1.00806	0.00209438
1952	944	1.00806	0.00209438
1952	945	1.00806	0.00209438
1952	946	1.00806	0.00209438
1952	947	1.00806	0.00209438
1952	948	1.00806	0.00209438
1952	949	1.00806	0.00209438
1952	950	1.00806	0.00209438
1952	951	1.00806	0.00209438
1952	952	1.00806	0.00209438
1952	953	1.00806	0.00209438
1952	954	1.00806	0.00209438
1952	955	1.00806	0.00209438
1952	956	1.00806	0.00209438
1952	957	1.00806	0.00209438
1952	958	1.00806	0.00209438
1952	959	1.00806	0.00209438
1952	960	1.00806	0.00209438
1952	961	1.00806	0.00209438
1952	962	1.00806	0.00209438
1952	963	1.00806	0.00209438
1952	964	1.00806	0.00209438
1952	965	1.00806	0.00209438
1952	966	1.00806	0.00209438
1952	967	1.00806	0.00209438
1952	968	1.00806	0.00209438
1952	969	1.00806	0.00209438
1952	970	1.00806	0.00209438
1952	971	1.00806	0.00209438
1952	972	1.00806	0.00209438
1952	973	1.00806	0.00209438
1952	974	1.00806	0.00209438
1952	975	1.00806	0.00209438
1952	976	1.00806	0.00209438
1952	977	1.00806	0.00209438
1952	978	1.00806	0.00209438
1952	979	1.00806	0.00209438
1952	980	1.00806	0.00209438
1952	981	1.00806	0.00209438
1952	982	1.00806	0.00209438
1952	983	1.00806	0.00209438
1952	984	1.00806	0.00209438
1952	985	1.00806	0.00209438
1952	986	1.00806	0.00209438
1952	987	1.00806	0.00209438
1952	988	1.00806	0.00209438
1952	989	1.00806	0.00209438
1952	990	1.00806	0.00209438
1952	991	1.00806	0.00209438
1952	992	1.00806	0.00209438
1952	993	1.00806	0.00209438
1952	994	1.00806	0.00209438
1952	995	1.00806	0.00209438
1952	996	1.00806	0.00209438
1952	997	1.00806	0.00209438
1952	998	1.00806	0.00209438
1952	999	1.00806	0.00209438
1952	1000	1.00806	0.00209438
1952	1001	1.00806	0.00209438
1952	1002	1.00806	0.00209438
1952	1003	1.00806	0.00209438
1952	1004	1.00806	0.00209438
1952	1005	1.00806	0.00209438
1952	1006	1.00806	0.00209438
1952	1007	1.00806	0.00209438
1952	1008	1.00806	0.00209438
1952	1009	1.00806	0.00209438
1952	1010	1.00806	0.00209438
1952	1011	1.00806	0.00209438
1952	1012	1.00806	0.00209438
1952	1013	1.00806	0.00209438
1952	1014	1.00806	0.00209438
1952	1015	1.00806	0.00209438
1952	1016	1.00806	0.00209438
1952	1017	1.00806	0.00209438
1952	1018	1.00806	0.00209438
1952	1019	1.00806	0.00209438
1952	1020	1.00806	0.00209438
1952	1021	1.00806	0.00209438
1952	1022	1.00806	0.00209438
1952	1023	1.00806	0.00209438
1952	1024	1.00806	0.00209438
1952	1025	1.00806	0.00209438
1952	1026	1.00806	0.00209438
1952	1027	1.00806	0.00209438
1952	1028	1.00806	0.00209438
1952	1029	1.00806	0.00209438
1952	1030	1.00806	0.00209438
1952	1031	1.00806	0.00209438
1952	1032	1.00806	0.00209438
1952	1033	1.00806	0.00209438
1952	1034	1.00806	0.00209438
1952	1035	1.00806	0.00209438
1952	1036	1.00806	0.00209438
1952	1037	1.00806	0.00209438
1952	1038	1.00806	0.00209438
1952	1039	1.00806	0.00209438
1952	1040	1.00806	0.00209438
1952	1041	1.00806	0.00209438
1952	1042	1.00806	0.00209438
1952	1043	1.00806	0.00209438
1952	1044	1.00806	0.00209438
1952	1045	1.00806	0.00209438
1952	1046	1.00806	0.00209438
1952	1047	1.00806	0.00209438
1952	1048	1.00806	0.00209438
1952	1049	1.00806	0.00209438
1952	1050	1.00806	0.00209438
1952	1051	1.00806	0.00209438
1952	1052	1.00806	0.00209438
1952	1053	1.00806	0.00209438
1952	1054	1.00806	0.00209438
1952	1055	1.00806	0.00209438
1952	1056	1.00806	0.00209438
1952	1057	1.00806	0.00209438
1952	1058	1.00806	0.00209438
1952	1059	1.00806	0.00209438
1952	1060	1.00806	0.00209438
1952	1061	1.00806	0.00209438
1952	1062	1.00806	0.00209438
1952	1063	1.00806	0.00209438
1952	1064	1.00806	0.00209438
1952	1065	1.00806	0.00209438
1952	1066	1.00806	0.00209438
1952	1067	1.00806	0.00209438
1952	1068	1.00806	0.00209438
1952	1069	1.00806	0.00209438
1952	1070	1.00806	0.00209438
1952	1071	1.00806	0.00209438
1952	1072	1.00806	0.00209438
1952	1073	1.00806	0.00209438
1952	1074	1.00806	0.00209438
1952	1075	1.00806	0.00209438
1952	1076	1.00806	0.00209438
1952	1077	1.00806	0.00209438
1952	1078	1.00806	0.00209438
1952	1079	1.00806	0.00209438
1952	1080	1.00806	0.00209438
1952	1081	1.00806	0.00209438
1952	1082	1.00806	0.00209438
1952	1083	1.00806	0.00209438
1952	1084	1.00806	0.00209438
1952	1085	1.00806	0.00209438
1952	1086	1.00806	0.00209438
1952	1087	1.00806	0.00209438
1952	1088	1.00806	0.00209438
1952	1089	1.00806	0.00209438
1952	1090	1.00806	0.00209438
1952	1091	1.00806	0.00209438
1952	1092	1.00806	0.00209438
1952	1093	1.00806	0.00209438
1952	1094	1.00806	0.00209438
1952	1095	1.00806	0.00209438
1952	1096	1.00806	0.00209438
1952	1097	1.00806	0.00209438
1952	1098	1.00806	0.00209438
1952	1099	1.00806	0.00209438
1952	1100	1.00806	0.00209438
1952	1101	1.00806	0.00209438
1952	1102	1.00806	0.00209438
1952	1103	1.00806	0.00209438
1952	1104	1.00806	0.00209438
1952	1105	1.00806	0.00209438
1952	1106	1.00806	0.00209438
1952	1107	1.00806	0.00209438
1952	1108	1.00806	0.00209438
1952	1109	1.00806	0.00209438
1952	1110	1.00806	0.00209438
1952	1111	1.00806	0.00209438
1952	1112	1.00806	0.00209438
1952	1113	1.00806	0.00209438
1952	1114	1.00806	0.00209438
1952	1115	1.00806	0.00209438
1952	1116	1.00806	0.00209438
1952	1117	1.00806	0.00209438
1952	1118	1.00806	0.00209438
1952	1119	1.00806	0.00209438
1952	1120	1.00806	0.00209438
1952	1121	1.00806	0.00209438
1952	1122	1.00806	0.00209438
1952	1123	1.00806	0.00209438
1952	1124	1.00806	0.00209438
1952	1125	1.00806	0.00209438
1952	1126	1.00806	0.00209438
1952	1127	1.00806	0.00209438
1952	1128	1.00806	0.00209438
1952	1129	1.00806	0.00209438
1952	1130	1.00806	0.00209438
1952	1131	1.00806	0.00209438
1952	1132	1.00806	0.00209438
1952	1133	1.00806	0.00209438
1952	1134	1.00806	0.00209438
1952	1135	1.00806	0.00209438
1952	1136	1.00806	0.00209438
1952	1137	1.00806	0.00209438
1952	1138	1.00806	0.00209438
1952	1139	1.00806	0.00209438
1952	1140	1.00806	0.00209438
1952	1141	1.00806	0.00209438
1952	1142	1.00806	0.00209438
1952	1143	1.00806	0.00209438
1952	1144	1.00806	0.00209438
1952	1145	1.00806	0.00209438
1952	1146	1.00806	0.00209438
1952	1147	1.00806	0.00209438
1952	1148	1.00806	0.00209438
1952	1149	1.00806	0.00209438
1952	1150	1.00806	0.00209438
1952	1151	1.00806	0.00209438
1952	1152	1.00806	0.00209438
1952	1153	1.00806	0.00209438
1952	1154	1.00806	0.00209438
1952	1155	1.00806	0.00209438
1952	1156	1.00806	0.00209438
1952	1157	1.00806	0.00209438
1952	1158	1.00806	0.00209438
1952	1159	1.00806	0.00209438
1952	1160	1.00806	0.00209438
1952	1161	1.00806	0.00209438
1952	1162	1.00806	0.00209438
1952	1163	1.00806	0.00209438
1952	1164	1.00806	0.00209438
1952	1165	1.00806	0.00209438
1952	1166	1.00806	0.00209438
1952	1167	1.00806	0.00209438
1952	1168	1.00806	0.00209438
1952	1169	1.00806	0.00209438
1952	1170	1.00806	0.00209438
1952	1171	1.00806	0.00209438
1952	1172	1.00806	0.00209438
1952	1173	1.00806	0.00209438
1952	1174	1.00806	0.00209438
1952	1175	1.00806	0.00209438
1952	1176	1.00806	0.00209438
1952	1177	1.00806	0.00209438
1952	1178	1.00806	0.00209438
1952	1179	1.00806	0.00209438
1952	1180	1.00806	0.00209438
1952	1181	1.00806	0.00209438
1952	1182	1.00806	0.00209438
1952	1183	1.00806	0.00209438
1952	1184	1.00806	0.00209438
1952	1185	1.00806	0.00209438
1952	1186	1.00806	0.00209438
1952	1187	1.00806	0.00209438
1952	1188	1.00806	0.00209438
1952	1189	1.00806	0.00209438
1952	1190	1.00806	0.00209438
1952	1191	1.00806	0.00209438
1952	1192	1.00806	0.00209438
1952	1193	1.00806	0.00209438
1952	1194	1.00806	0.00209438
1952	1195	1.00806	0.00209438
1952	1196	1.00806	0.00209438
1952	1197	1.00806	0.00209438
1952	1198	1.00806	0.00209438
1952	1199	1.00806	0.00209438
1952	1200	1.00806	0.00209438
1952	1201	1.00806	0.00209438
1952	1202	1.00806	0.00209438
1952	1203	1.00806	0.00209438
1952	1204	1.00806	0.00209438
1952	1205	1.00806	0.00209438
1952	1206	1.00806	0.00209438
1952	1207	1.00806	0.00209438
1952	1208	1.00806	0.00209438
1952	1209	1.00806	0.00209438
1952	1210	1.00806	0.00209438
1952	1211	1.00806	0.00209438
1952	1212	1.00806	0.00209438
1952	1213	1.00806	0.00209438
1952	1214	1.00806	0.00209438
1952	1215	1.00806	0.00209438
1952	1216	1.00806	0.00209438
1952	1217	1.00806	0.00209438
1952	1218	1.00806	0.00209438
1952	1219	1.00806	0.00209438
1952	1220	1.00806	0.00209438
1952	1221	1.00806	0.00209438
1952	1222	1.00806	0.00209438
1952	1223	1.00806	0.00209438
1952	1224	1.00806	0.00209438
1952	1225	1.00806	0.00209438
1952	1226	1.00806	0.00209438
1952	1227	1.00806	0.00209438
1952	1228	1.00806	0.00209438
1952	1229	1.00806	0.00209438
1952	1230	1.00806	0.00209438
1952	1231	1.00806	0.00209438
1952	1232	1.00806	0.00209438
1952	1233	1.00806	0.00209438
1952	1234	1.00806	0.00209438
1952	1235	1.00806	0.00209438
1952	1236	1.00806	0.00209438
1952	1237	1.00806	0.00209438
1952	1238	1.00806	0.00209438
1952	1239	1.00806	0.00209438
1952	1240	1.00806	0.00209438
1952	1241	1.00806	0.00209438
1952	1242	1.00806	0.00209438
1952	1243	1.00806	0.00209438
1952	1244	1.00806	0.00209438
1952	1245	1.00806	0.00209438
1952	1246	1.00806	0.00209438
1952	1247	1.00806	0.00209438
1952	1248	1.00806	0.00209438
1952	1249	1.00806	0.00209438
1952	1250	1.00806	0.00209438
1952	1251	1.00806	0.00209438
1952	1252	1.00806	0.00209438
1952	1253	1.00806	0.00209438
1952	1254	1.00806	0.00209438
1952	1255	1.00806	0.00209438
1952	1256	1.00806	0.00209438
1952	1257	1.00806	0.00209438
1952	1258	1.00806	0.00209438
1952	1259	1.00806	0.00209438
1952	1260	1.00806	0.00209438
1952	1261	1.00806	0.00209438
1952	1262	1.00806	0.00209438
1952	1263	1.00806	0.00209438
1952	1264	1.00806	0.00209438
1952	1265	1.00806	0.00209438
1952	1266	1.00806	0.00209438
1952	1267	1.00806	0.00209438
1952	1268	1.00806	0.00209438
1952	1269	1.00806	0.00209438
1952	1270	1.00806	0.00209438
1952	1271	1.00806	0.00209438
1952	1272	1.00806	0.00209438
1952	1273	1.00806	0.00209438
1952	1274	1.00806	0.00209438
1952	1275	1.00806	0.00209438
1952	1276	1.00806	0.00209438
1952	1277	1.00806	0.00209438
1952	1278	1.00806	0.00209438
1952	1279	1.00806	0.00209438
1952	1280	1.00806	0.00209438
1952	1281	1.00806	0.00209438
1952	1282	1.00806	0.00209438
1952	1283	1.00806	0.00209438
1952	1284	1.00806	0.00209438
1952	1285	1.00806	0.00209438
1952	1286	1.00806	0.00209438
1952	1287	1.00806	0.00209438
1952	1288	1.00806	0.00209438
1952	1289	1.00806	0.00209438
1952	1290	1.00806	0.00209438
1952	1291	1.00806	0.00209438
1952	1292	1.00806	0.00209438
1952	1293	1.00806	0.00209438
1952	1294	1.00806	0.00209438
1952	1295	1.00806	0.00209438
1952	1296	1.00806	0.00209438
1952	1297	1.00806	0.00209438
1952	1298	1.00806	0.00209438
1952	1299	1.00806	0.00209438
1952	1300	1.00806	0.00209438
1952	1301	1.00806	0.00209438
1952	1302	1.00806	0.00209438
1952	1303	1.00806	0.00209438
1952	1304	1.00806	0.00209438
1952	1305	1.00806	0.00209438
1952	1306	1.00806	0.00209438
1952	1307	1.00806	0.00209438
1952	1308	1.00806	0.00209438
1952	1309	1.00806	0.00209438
1952	1310	1.00806	0.00209438
1952	1311	1.00806	0.00209438
1952	1312	1.00806	0.00209438
1952	1313	1.00806	0.00209438
1952	1314	1.00806	0.00209438
1952	1315	1.00806	0.00209438
1952	1316	1.00806	0.00209438
1952	1317	1.00806	0.00209438
1952	1318	1.00806	0.00209438
1952	1319	1.00806	0.00209438
1952	1320	1.00806	0.00209438
1952	1321	1.00806	0.00209438
1952	1322	1.00806	0.00209438
1952	1323	1.00806	0.00209438
1952	1324	1.00806	0.00209438
1952	1325	1.00806	0.00209438
1952	1326	1.00806	0.00209438
1952	1327	1.00806	0.00209438
1952	1328	1.00806	0.00209438
1952	1329	1.00806	0.00209438
1952	1330	1.00806	0.00209438
1952	1331	1.00806	0.00209438
1952	1332	1.00806	0.00209438
1952	1333	1.00806	0.00209438
1952	1334	1.00806	0.00209438
1952	1335	1.00806	0.00209438
1952	1336	1.00806	0.00209438
1952	1337	1.00806	0.00209438
1952	1338	1.00806	0.00209438
1952	1339	1.00806	0.00209438
1952	1340	1.00806	0.00209438
1952	1341	1.00806	0.00209438
1952	1342	1.00806	0.00209438
1952	1343	1.00806	0.00209438
1952	1344	1.00806	0.00209438
1952	1345	1.00806	0.00209438
1952	1346	1.00806	0.00209438
1952	1347	1.00806	0.00209438
1952	1348	1.00806	0.00209438
1952	1349	1.00806	0.00209438
1952	1350	1.00806	0.00209438
1952	1351	1.00806	0.00209438
1952	1352	1.00806	0.00209438
1952	1353	1.00806	0.00209438
1952	1354	1.00806	0.00209438
1952	1355	1.00806	0.00209438
1952	1356	1.00806	0.00209438
1952	1357	1.00806	0.00209438
1952	1358	1.00806	0.00209438
1952	1359	1.00806	0.00209438
1952	1360	1.00806	0.00209438
1952	1361	1.00806	0.00209438
1952	1362	1.00806	0.00209438
1952	1363	1.00806	0.00209438
1952	1364	1.00806	0.00209438
1952	1365	1.00806	0.00209438
1952	1366	1.00806	0.00209438
1952	1367	1.00806	0.00209438
1952	1368	1.00806	0.00209438
1952	1369	1.00806	0.00209438
1952	1370	1.00806	0.00209438
1952	1371	1.00806	0.00209438
1952	1372	1.00806	0.00209438
1952	1373	1.00806	0.00209438
1952	1374	1.00806	0.00209438
1952	1375	1.00806	0.00209438
1952	1376	1.00806	0.00209438
1952	1377	1.00806	0.00209438
1952	1378	1.00806	0.00209438
1952	1379	1.00806	0.00209438
1952	1380	1.00806	0.00209438
1952	1381	1.00806	0.00209438
1952	1382	1.00806	0.00209438
1952	1383	1.00806	0.00209438
1952	1384	1.00806	0.00209438
1952	1385	1.00806	0.00209438
1952	1386	1.00806	0.00209438
1952	1387	1.00806	0.00209438
1952	1388	1.00806	0.00209438
1952	1389	1.00806	0.00209438
1952	1390	1.00806	0.00209438
1952	1391	1.00806	0.00209438
1952	1392	1.00806	0.00209438
1952	1393	1.00806	0.00209438
1952	1394	1.00806	0.00209438
1952	1395	1.00806	0.00209438
1952	1396	1.00806	0.00209438
1952	1397	1.00806	0.00209438
1952	1398	1.00806	0.00209438
1952	1399	1.00806	0.00209438
1952	1400	1.00806	0.00209438
1952	1401	1.00806	0.00209438
1952	1402	1.00806	0.00209438
1952	1403	1.00806	0.00209438
1952	1404	1.00806	0.00209438
1952	1405	1.00806	0.00209438
1952	1406	1.00806	0.00209438
1952	1407	1.00806	0.00209438
1952	1408	1.00806	0.00209438
1952	1409	1.00806	0.00209438
1952	1410	1.00806	0.00209438
1952	1411	1.00806	0.00209438
1952	1412	1.00806	0.00209438
1952	1413	1.00806	0.00209438
1952	1414	1.00806	0.00209438
1952	1415	1.00806	0.00209438
1952	1416	1.00806	0.00209438
1952	1417	1.00806	0.00209438
1952	1418	1.00806	0.00209438
1952	1419	1.00806	0.00209438
1952	1420	1.00806	0.00209438
1952	1421	1.00806	0.00209438
1952	1422	1.00806	0.00209438
1952	1423	1.00806	0.00209438
1952	1424	1.00806	0.00209438
1952	1425	1.00806	0.00209438
1952	1426	1.00806	0.00209438
1952	1427	1.00806	0.00209438
1952	1428	1.00806	0.00209438
1952	1429	1.00806	0.00209438
1952	1430	1.00806	0.00209438
1952	1431	1.00806	0.00209438
1952	1432	1.00806	0.00209438
1952	1433	1.00806	0.00209438
1952	1434	1.00806	0.00209438
1952	1435	1.00806	0.00209438
1952	1436	1.00806	0.00209438
1952	1437	1.00806	0.00209438
1952	1438	1.00806	0.00209438
1952	1439	1.00806	0.00209438
1952	1440	1.00806	0.00209438
1952	1441	1.00806	0.00209438
1952	1442	1.00806	0.00209438
1952	1443	1.00806	0.00209438
1952	1444	1.00806	0.00209438
1952	1445	1.00806	0.00209438
1952	1446	1.00806	0.00209438
1952	1447	1.00806	0.00209438
1952	1448	1.00806	0.00209438
1952	1449	1.00806	0.00209438
1952	1450	1.00806	0.00209438
1952	1451	1.00806	0.00209438
1952	1452	1.00806	0.00209438
1952	1453	1.00806	0.00209438
1952	1454	1.00806	0.00209438
1952	1455	1.00806	0.00209438
1952	1456	1.00806	0.00209438
1952	1457	1.00806	0.00209438
1952	1458	1.00806	0.00209438
1952	1459	1.00806	0.00209438
1952	1460	1.00806	0.00209438
1952	1461	1.00806	0.00209438
1952	1462	1.00806	0.00209438
1952	1463	1.00806	0.00209438
1952	1464	1.00806	0.00209438
1952	1465	1.00806	0.00209438
1952	1466	1.00806	0.00209438
1952	1467	1.00806	0.00209438
1952	1468	1.00806	0.00209438
1952	1469	1.00806	0.00209438
1952	1470	1.00806	0.00209438
1952	1471	1.00806	0.00209438
1952	1472	1.00806	0.00209438
1952	1473	1.00806	0.00209438
1952	1474	1.00806	0.00209438
1952	1475	1.00806	0.00209438
1952	1476	1.00806	0.00209438
1952	1477	1.00806	0.00209438
1952	1478	1.00806	0.00209438
1952	1479	1.00806	0.00209438
1952	1480	1.00806	0.00209438
1952	1481	1.00806	0.00209438
1952	1482	1.00806	0.00209438
1952	1483	1.00806	0.00209438
1952	1484	1.00806	0.00209438
1952	1485	1.00806	0.00209438
1952	1486	1.00806	0.00209438
1952	1487	1.00806	0.00209438
1952	1488	1.00806	0.00209438
1952	1489	1.00806	0.00209438
1952	1490	1.00806	0.00209438
1952	1491	1.00806	0.00209438
1952	1492	1.00806	0.00209438
1952	1493	1.00806	0.00209438
1952	1494	1.00806	0.00209438
1952	1495	1.00806	0.00209438
1952	1496	1.00806	0.00209438
1952	1497	1.00806	0.00209438
1952	1498	1.00806	0.00209438
1952	1499	1.00806	0.00209438
1952	1500	1.00806	0.00209438
1952	1501	1.00806	0.00209438
1952	1502	1.00806	0.00209438
1952	1503	1.00806	0.00209438
1952	1504	1.00806	0.00209438
1952	1505	1.00806	0.00209438
1952	1506	1.00806	0.00209438
1952	1507	1.00806	0.00209438
1952	1508	1.00806	0.00209438
1952	1509	1.00806	0.00209438
1952	1510	1.00806	0.00209438
1952	1511	1.00806	0.00209438
1952	1512	1.00806	0.00209438
1952	1513	1.00806	0.00209438
1952	1514	1.00806	0.00209438
1952	1515	1.00806	0.00209438
1952	1516	1.00806	0.00209438
1952	1517	1.00806	0.00209438
1952	1518	1.00806	0.00209438
1952	1519	1.00806	0.00209438
1952	1520	1.00806	0.00209438
1952	1521	1.00806	0.00209438
1952	1522	1.00806	0.00209438
1952	1523	1.00806	0.00209438
1952	1524	1.00806	0.00209438
1952	1525	1.00806	0.00209438
1952	1526	1.00806	0.00209438
1952	1527	1.00806	0.00209438
1952	1528	1.00806	0.00209438
1952	1529	1.00806	0.00209438
1952	1530	1.00806	0.00209438
1952	1531	1.00806	0.00209438
1952	1532	1.00806	0.00209438
1952	1533	1.00806	0.00209438
1952	1534	1.00806	0.00209438
1952	1535	1.00806	0.00209438
1952	1536	1.00806	0.00209438
1952	1537	1.00806	0.00209438
1952	1538	1.00806	0.00209438
1952	1539	1.00806	0.00209438
1952	1540	1.00806	0.00209438
1952	1541	1.00806	0.00209438
1952	1542	1.00806	0.00209438
1952	1543	1.00806	0.00209438
1952	1544	1.00806	0.00209438
1952	1545	1.00806	0.00209438
1952	1546	1.00806	0.00209438
1952	1547	1.00806	0.00209438
1952	1548	1.00806	0.00209438
1952	1549	1.00806	0.00209438
1952	1550	1.00806	0.00209438
1952	1551	1.00806	0.00209438
1952	1552	1.00806	0.00209438
1952	1553	1.00806	0.00209438
1952	1554	1.00806	0.00209438
1952	1555	1.00806	0.00209438
1952	1556	1.00806	0.00209438
1952	1557	1.00806	0.00209438
1952	1558	1.00806	0.00209438
1952	1559	1.00806	0.00209438
1952	1560	1.00806	0.00209438
1952	1561	1.00806	0.00209438
1952	1562	1.00806	0.00209438
1952	1563	1.00806	0.00209438
1952	1564	1.00806	0.00209438
1952	1565	1.00806	0.00209438
1952	1566	1.00806	0.00209438
1952	1567	1.00806	0.00209438
1952	1568	1.00806	0.00209438
1952	1569	1.00806	0.00209438
1952	1570	1.00806	0.00209438
1952	1571	1.00806	0.00209438
1952	1572	1.00806	0.00209438
1952	1573	1.00806	0.00209438
1952	1574	1.00806	0.00209438
1952	1575	1.00806	0.00209438
1952	1576	1.00806	0.00209438
1952	1577	1.00806	0.00209438
1952	1578	1.00806	0.00209438
1952	1579	1.00806	0.00209438
1952	1580	1.00806	0.00209438
1952	1581	1.00806	0.00209438
1952	1582	1.00806	0.00209438
1952	1583	1.00806	0.00209438
1952	1584	1.00806	0.00209438
1952	1585	1.00806	0.00209438
1952	1586	1.00806	0.00209438
1952	1587	1.00806	0.00209438
1952	1588	1.00806	0.00209438
1952	1589	1.00806	0.00209438
1952	1590	1.00806	0.00209438
1952	1591	1.00806	0.00209438
1952	1592	1.00806	0.00209438
1952	1593	1.00806	0.00209438
1952	1594	1.00806	0.00209438
1952	1595	1.00806	0.00209438
1952	1596	1.00806	0.00209438
1952	1597	1.00806	0.00209438
1952	1598	1.00806	0.00209438
1952	1599	1.00806	0.00209438
1952	1600	1.00806	0.00209438
1952	1601	1.00806	0.00209438
1952	1602	1.00806	0.00209438
1952	1603	1.00806	0.00209438
1952	1604	1.00806	0.00209438
1952	1605	1.00806	0.00209438
1952	1606	1.00806	0.00209438
1952	1607	1.00806	0.00209438
1952	1608	1.00806	0.00209438
1952	1609	1.00806	0.00209438
1952	1610	1.00806	0.00209438
1952	1611	1.00806	0.00209438
1952	1612	1.00806	0.00209438
1952	1613	1.00806	0.00209438
1952	1614	1.00806	0.00209438
1952	1615	1.00806	0.00209438
1952	1616	1.00806	0.00209438
1952	1617	1.00806	0.00209438
1952	1618	1.00806	0.00209438
1952	1619	1.00806	0.00209438
1952	1620	1.00806	0.00209438
1952	1621	1.00806	0.00209438
1952	1622	1.00806	0.00209438
1952	1623	1.00806	0.00209438
1952	1624	1.00806	0.00209438
1952	1625	1.00806	0.00209438
1952	1626	1.00806	0.00209438
1952	1627	1.00806	0.00209438
1952	1628	1.00806	0.00209438
1952	1629	1.00806	0.00209438
1952	1630	1.00806	0.00209438
1952	1631	1.00806	0.00209438
1952	1632	1.00806	0.00209438
1952	1633	1.00806	0.00209438
1952	1634	1.00806	0.00209438
1952	1635	1.00806	0.00209438
1952	1636	1.00806	0.00209438
1952	1637	1.00806	0.00209438
1952	1638	1.00806	0.00209438
1952	1639	1.00806	0.00209438
1952	1640	1.00806	0.00209438
1952	1641	1.00806	0.00209438
1952	1642	1.00806	0.00209438
1952	1643	1.00806	0.00209438
1952	1644	1.00806	0.00209438
1952	1645	1.00806	0.00209438
1952	1646	1.00806	0.00209438
1952	1647	1.00806	0.00209438
1952	1648	1.00806	0.00209438
1952	1649	1.00806	0.00209438
1952	1650	1.00806	0.00209438
1952	1651	1.00806	0.00209438
1952	1652	1.00806	0.00209438
1952	1653	1.00806	0.00209438
1952	1654	1.00806	0.00209438
1952	1655	1.00806	0.00209438
1952	1656	1.00806	0.00209438
1952	1657	1.00806	0.00209438
1952	1658	1.00806	0.00209438
1952	1659	1.00806	0.00209438
1952	1660	1.00806	0.00209438
1952	1661	1.00806	0.00209438
1952	1662	1.00806	0.00209438
1952	1663	1.00806	0.00209438
1952	1664	1.00806	0.00209438
1952	1665	1.00806	0.00209438
1952	1666	1.00806	0.00209438
1952	1667	1.00806	0.00209438
1952	1668	1.00806	0.00209438
1952	1669	1.00806	0.00209438
1952	1670	1.00806	0.00209438
1952	1671	1.00806	0.00209438
1952	1672	1.00806	0.00209438
1952	1673	1.00806	0.00209438
1952	1674	1.00806	0.00209438
1952	1675	1.00806	0.00209438
1952	1676	1.00806	0.00209438
1952	1677	1.00806	0.00209438
1952	1678	1.00806	0.00209438
1952	1679	1.00806	0.00209438
1952	1680	1.00806	0.00209438
1952	1681	1.00806	0.00209438
1952	1682	1.00806	0.00209438
1952	1683	1.00806	0.00209438
1952	1684	1.00806	0.00209438
1952	1685	1.00806	0.00209438
1952	1686	1.00806	0.00209438
1952	1687	1.00806	0.00209438
1952	1688	1.00806	0.00209438
1952	1689	1.00806	0.00209438
1952	1690	1.00806	0.00209438
1952	1691	1.00806	0.00209438
1952	1692	1.00806	0.00209438
1952	1693	1.00806	0.00209438
1952	1694	1.00806	0.00209438
1952	1695	1.00806	0.00209438
1952	1696	1.00806	0.00209438
1952	1697	1.00806	0.00209438
1952	1698	1.00806	0.00209438
1952	1699	1.00806	0.00209438
1952	1700	1.00806	0.00209438
1952	1701	1.00806	0.00209438
1952	1702	1.00806	0.00209438
1952	1703	1.00806	0.00209438
1952	1704	1.00806	0.00209438
1952	1705	1.00806	0.00209438
1952	1706	1.00806	0.00209438
1952	1707	1.00806	0.00209438
1952	1708	1.00806	0.00209438
1952	1709	1.00806	0.00209438
1952	1710	1.00806	0.00209438
1952	1711	1.00806	0.00209438
1952	1712	1.00806	0.00209438
1952	1713	1.00806	0.00209438
1952	1714	1.00806	0.00209438
1952	1715	1.00806	0.00209438
1952	1716	1.00806	0.00209438
1952	1717	1.00806	0.00209438
1952	1718	1.00806	0.00209438
1952	1719	1.00806	0.00209438
1952	1720	1.00806	0.00209438
1952	1721	1.00806	0.00209438
1952	1722	1.00806	0.00209438
1952	1723	1.00806	0.00209438
1952	1724	1.00806	0.00209438
1952	1725	1.00806	0.00209438
1952	1726	1.00806	0.00209438
1952	1727	1.00806	0.00209438
1952	1728	1.00806	0.00209438
1952	1729	1.00806	0.00209438
1952	1730	1.00806	0.00209438
1952	1731	1.00806	0.00209438
1952	1732	1.00806	0.00209438
1952	1733	1.00806	0.00209438
1952	1734	1.00806	0.00209438
1952	1735	1.00806	0.00209438
1952	1736	1.00806	0.00209438
1952	1737	1.00806	0.00209438
1952	1738	1.00806	0.00209438
1952	1739	1.00806	0.00209438
1952	1740	1.00806	0.00209438
1952	1741	1.00806	0.00209438
1952	1742	1.00806	0.00209438
1952	1743	1.00806	0.00209438
1952	1744	1.00806	0.00209438
1952	1745	1.00806	0.00209438
1952	1746	1.00806	0.00209438
1952	1747	1.00806	0.00209438
1952	1748	1.00806	0.00209438
1952	1749	1.00806	0.00209438
1952	1750	1.00806	0.00209438
1952	1751	1.00806	0.00209438
1952	1752	1.00806	0.00209438
1952	1753	1.00806	0.00209438
1952	1754	1.00806	0.00209438
1952	1755	1.00806	0.00209438
1952	1756	1.00806	0.00209438
1952	1757	1.00806	0.00209438
1952	1758	1.00806	0.00209438
1952	1759	1.00806	0.00209438
1952	1760	1.00806	0.00209438
1952	1761	1.00806	0.00209438
1952	1762	1.00806	0.00209438
1952	1763	1.00806	0.00209438
1952	1764	1.00806	0.00209438
1952	1765	1.00806	0.00209438
1952	1766	1.00806	0.00209438
1952	1767	1.00806	0.00209438
1952	1768	1.00806	0.00209438
1952	1769	1.00806	0.00209438
1952	1770	1.00806	0.00209438
1952	1771	1.00806	0.00209438
1952	1772	1.00806	0.00209438
1952	1773	1.00806	0.00209438
1952	1774	1.00806	0.00209438
1952	1775	1.00806	0.00209438
1952	1776	1.00806	0.00209438
1952	1777	1.00806	0.00209438
1952	1778	1.00806	0.00209438
1952	1779	1.00806	0.00209438
1952	1780	1.00806	0.00209438
1952	1781	1.00806	0.00209438
1952	1782	1.00806	0.00209438
1952	1783	1.00806	0.00209438
1952	1784	1.00806	0.00209438
1952	1785	1.00806	0.00209438
1952	1786	1.00806	0.00209438
1952	1787	1.00806	0.00209438
1952	1788	1.00806	0.00209438
1952	1789	1.00806	0.00209438
1952	1790	1.00806	0.00209438
1952	1791	1.00806	0.00209438
1952	1792	1.00806	0.00209438
1952	1793	1.00806	0.00209438
1952	1794	1.00806	0.00209438
1952	1795	1.00806	0.00209438
1952	1796	1.00806	0.00209438
1952	1797	1.00806	0.00209438
1952	1798	1.00806	0.00209438
1952	1799	1.00806	0.00209438
1952	1800	1.00806	0.00209438
1952	1801	1.00806	0.00209438
1952	1802	1.00806	0.00209438
1952	1803	1.00806	0.00209438
1952	1804	1.00806	0.00209438
1952	1805	1.00806	0.00209438
1952	1806	1.00806	0.00209438
1952	1807	1.00806	0.00209438
1952	1808	1.00806	0.00209438
1952	1809	1.00806	0.00209438
1952	1810	1.00806	0.00209438
1952	1811	1.00806	0.00209438
1952	1812	1.00806	0.00209438
1952	1813	1.00806	0.00209438
1952	1814	1.00806	0.00209438
1952	1815	1.00806	0.00209438
1952	1816	1.00806	0.00209438
1952	1817	1.00806	0.00209438
1952	1818	1.00806	0.00209438
1952	1819	1.00806	0.00209438
1952	1820	1.00806	0.00209438
1952	1821	1.00806	0.00209438
1952	1822	1.00806	0.00209438
1952	1823	1.00806	0.00209438
1952	1824	1.00806	0.00209438
1952	1825	1.00806	0.00209438
1952	1826	1.00806	0.00209438
1952	1827	1.00806	0.00209438
1952	1828	1.00806	0.00209438
1952	1829	1.00806	0.00209438
1952	1830	1.00806	0.00209438
1952	1831	1.00806	0.00209438
1952	1832	1.00806	0.00209438
1952	1833	1.00806	0.00209438
1952	1834	1.00806	0.00209438
1952	1835	1.00806	0.00209438
1952	1836	1.00806	0.00209438
1952	1837	1.00806	0.00209438
1952	1838	1.00806	0.00209438
1952	1839	1.00806	0.00209438
1952	1840	1.00806	0.00209438
1952	1841	1.00806	0.00209438
1952	1842	1.00806	0.00209438
1952	1843	1.00806	0.00209438
1952	1844	1.00806	0.00209438
1952	1845	1.00806	0.00209438
1952	1846	1.00806	0.00209438
1952	1847	1.00806	0.00209438
1952	1848	1.00806	0.00209438
1952	1849	1.00806	0.00209438
1952	1850	1.00806	0.00209438
1952	1851	1.00806	0.00209438
1952	1852	1.00806	0.00209438
1952	1853	1.00806	0.00209438
1952	1854	1.00806	0.00209438
1952	1855	1.00806	0.00209438
1952	1856	1.00806	0.00209438
1952	1857	1.00806	0.00209438
1952	1858	1.00806	0.00209438
1952	1859	1.00806	0.00209438
1952	1860	1.00806	0.00209438
1952	1861	1.00806	0.00209438
1952	1862	1.00806	0.00209438
1952	1863	1.00806	0.00209438
1952	1864	1.00806	0.00209438
1952	1865	1.00806	0.00209438
1952	1866	1.00806	0.00209438
1952	1867	1.00806	0.00209438
1952	1868	1.00806	0.00209438
1952	1869	1.00806	0.00209438
1952	1870	1.00806	0.00209438
1952	1871	1.00806	0.00209438
1952	1872	1.00806	0.00209438
1952	1873	1.00806	0.00209438
1952	1874	1.00806	0.00209438
1952	1875	1.00806	0.00209438
1952	1876	1.00806	0.00209438
1952	1877	1.00806	0.00209438
1952	1878	1.00806	0.00209438
1952	1879	1.00806	0.00209438
1952	1880	1.00806	0.00209438
1952	1881	1.00806	0.00209438
1952	1882	1.00806	0.00209438
1952	1883	1.00806	0.00209438
1952	1884	1.00806	0.00209438
1952	1885	1.00806	0.00209438
1952	1886	1.00806	0.00209438
1952	1887	1.00806	0.00209438
1952	1888	1.00806	0.00209438
1952	1889	1.00806	0.00209438
1952	1890	1.00806	0.00209438
1952	1891	1.00806	0.00209438
1952	1892	1.00806	0.00209438
1952	1893	1.00806	0.00209438
1952	1894	1.00806	0.00209438
1952	1895	1.00806	0.00209438
1952	1896	1.00806	0.00209438
1952	1897	1.00806	0.00209438
1952	1898	1.00806	0.00209438
1952	1899	1.00806	0.00209438
1952	1900	1.00806	0.00209438
1952	1901	1.00806	0.00209438
1952	1902	1.00806	0.00209438
1952	1903	1.00806	0.00209438
1952	1904	1.00806	0.00209438
1952	1905	1.00806	0.00209438
1952	1906	1.00806	0.00209438
1952	1907	1.00806	0.00209438
1952	1908	1.00806	0.00209438
1952	1909	1.00806	0.00209438
1952	1910	1.00806	0.00209438
1952	1911	1.00806	0.00209438
1952	1912	1.00806	0.00209438
1952	1913	1.00806	0.00209438
1952	1914	1.00806	0.00209438
1952	1915	1.00806	0.00209438
1952	1916	1.00806	0.00209438
1952	1917	1.00806	0.00209438
1952	1918	1.00806	0.00209438
1952	1919	1.00806	0.00209438
1952	1920	1.00806	0.00209438
1952	1921	1.00806	0.00209438
1952	1922	1.00806	0.00209438
1952	1923	1.00806	0.00209438
1952	1924	1.00806	0.00209438
1952	1925	1.00806	0.00209438
1952	1926	1.00806	0.00209438
1952	1927	1.00806	0.00209438
1952	1928	1.00806	0.00209438
1952	1929	1.00806	0.00209438
1952	1930	1.00806	0.00209438
1952	1931	1.00806	0.00209438
1952	1932	1.00806	0.00209438
1952	1933	1.00806	0.00209438
1952	1934	1.00806	0.00209438
1952	1935	1.00806	0.00209438
1952	1936	1.00806	0.00209438
1952	1937	1.00806	0.00209438
1952	1938	1.00806	0.00209438
1952	1939	1.00806	0.00209438
1952	1940	1.00806	0.00209438
1952	1941	1.00806	0.00209438
1952	1942	1.00806	0.00209438
1952	1943	1.00806	0.00209438
1952	1944	1.00806	0.00209438
1952	1945	1.00806	0.00209438
1952	1946	1.00806	0.00209438
1952	1947	1.00806	0.00209438
1952	1948	1.00806	0.00209438
1952	1949	1.00806	0.00209438
1952	1950	1.00806	0.00209438
1952	1951	1.00806	0.00209438
1952	1952	1.00806	0.00209438
1952	1953	1.00806	0.00209438
1952	1954	1.00806	0.00209438
1952	1955	1.00806	0.00209438
1952	1956	1.00806	0.00209438
1952	1957	1.00806	0.00209438
1952	1958	1.00806	0.00209438
1952	1959	1.00806	0.00209438
1952	1960	1.00806	0.00209438
1952	1961	1.00806	0.00209438
1952	1962	1.00806	0.00209438
1952	1963	1.00806	0.00209438
1952	1964	1.00806	0.00209438
1952	1965	1.00806	0.00209438
1952	1966	1.00806	0.00209438
1952	1967	1.00806	0.00209438
1952	1968	1.00806	0.00209438
1952	1969	1.00806	0.00209438
1952	1970	1.00806	0.00209438
1952	1971	1.00806	0.00209438
1952	1972	1.00806	0.00209438
1952	1973	1.00806	0.00209438
1952	1974	1.00806	0.00209438
1952	1975	1.00806	0.00209438
1952	1976	1.00806	0.00209438
1952	1977	1.00806	0.00209438
1952	1978	1.00806	0.00209438
1952	1979	1.00806	0.00209438
1952	1980	1.00806	0.00209438
1952	1981	1.00806	0.00209438
1952	1982	1.00806	0.00209438
1952	1983	1.00806	0.00209438
1952	1984	1.00806	0.00209438
1952	1985	1.00806	0.00209438
1952	1986	1.00806	0.00209438
1952	1987	1.00806	0.00209438
1952	1988	1.00806	0.00209438
1952	1989	1.00806	0.00209438
1952	1990	1.00806	0.00209438
1952	1991	1.00806	0.00209438
1952	1992	1.00806	0.00209438
1952	1993	1.00806	0.00209438
1952	1994	1.00806	0.00209438
1952	1995	1.00806	0.00209438
1952	1996	1.00806	0.00209438
1952	1997	1.00806	0.00209438
1952	1998	1.00806	0.00209438
1952	1999	1.00806	0.00209438
1952	2000	1.00806	0.00209438
1952	2001	1.00806	0.00209438
1952	2002	1.00806	0.00209438
1952	2003	1.00806	0.00209438
1952	2004	1.00806	0.00209438
1952	2005	1.00806	0.00209438
1952	2006	1.00806	0.00209438
1952	2007	1.00806	0.00209438
1952	2008	1.00806	0.00209438
1952	2009	1.00806	0.00209438
1952	2010	1.00806	0.00209438
1952	2011	1.00806	0.00209438
1952	2012	1.00806	0.00209438
1952	2013	1.00806	0.00209438
1952	2014	1.00806	0.00209438
1952	2015	1.00806	0.00209438
1952	2016	1.00806	0.00209438
1952	2017	1.00806	0.00209438
1952	2018	1.00806	0.00209438
1952	2019	1.00806	0.00209438
1952	2020	1.00806	0.00209438
1952	2021	1.00806	0.00209438
1952	2022	1.00806	0.00209438
1952	2023	1.00806	0.00209438
1952	2024	1.00806	0.00209438
1952	2025	1.00806	0.00209438
1952	2026	1.00806	0.00209438
1952	2027	1.00806	0.00209438
1952	2028	1.00806	0.00209438
1952	2029	1.00806	0.00209438
1952	2030	1.00806	0.00209438
1952	2031	1.00806	0.00209438
1952	2032	1.00806	0.00209438
1952	2033	1.00806	0.00209438
1952	2034	1.00806	0.00209438
1952	2035	1.00806	0.00209438
1952	2036	1.00806	0.00209438
1952	2037	1.00806	0.00209438
1952	2038	1.00806	0.00209438
1952	2039	1.00806	0.00209438
1952	2040	1.00806	0.00209438
1952	2041	1.00806	0.00209438
1952	2042	1.00806	0.00209438
1952	2043	1.00806	0.00209438
1952	2044	1.00806	0.00209438
1952	2045	1.00806	0.00209438
1952	2046	1.00806	0.00209438
1952	2047	1.00806	0.00209438
1952	2048	1.00806	0.00209438
1952	2049	1.00806	0.00209438
1952	2050	1.00806	0.00209438
1952	2051	1.00806	0.00209438
1952	2052	1.00806	0.00209438
1952	2053	1.00806	0.00209438
1952	2054	1.00806	0.00209438
1952	2055	1.00806	0.00209438
1952	2056	1.00806	0.00209438
1952	2057	1.00806	0.00209438
1952	2058	1.00806	0.00209438
1952	2059	1.00806	0.00209438
1952	2060	1.00806	0.00209438
1952	2061	1.00806	0.00209438
1952	2062	1.00806	0.00209438
1952	2063	1.00806	0.00209438
1952	2064	1.00806	0.00209438
1952	2065	1.00806	0.00209438
1952	2066	1.00806	0.00209438
1952	2067	1.00806	0.00209438
1952	2068	1.00806	0.00209438
1952	2069	1.00806	0.00209438
1952	2070	1.00806	0.00209438
1952	2071	1.00806	0.00209438
1952	2072	1.00806	0.00209438
1952	2073	1.00806	0.00209438
1952	2074	1.00806	0.00209438
1952	2075	1.00806	0.00209438
1952	2076	1.00806	0.00209438
1952	2077	1.00806	0.00209438
1952	2078	1.00806	0.00209438
1952	2079	1.00806	0.00209438
1952	2080	1.00806	0.00209438
1952	2081	1.00806	0.00209438
1952	2082	1.00806	0.00209438
1952	2083	1.00806	0.00209438
1952	2084	1.00806	0.00209438
1952	2085	1.00806	0.00209438
1952	2086	1.00806	0.00209438
1952	2087	1.00806	0.00209438
1952	2088	1.00806	0.00209438
1952	2089	1.00806	0.00209438
1952	2090	1.00806	0.00209438
1952	2091	1.00806	0.00209438
1952	2092	1.00806	0.00209438
1952	2093	1.00806	0.00209438
1952	2094	1.00806	0.00209438
1952	2095	1.00806	0.00209438
1952	2096	1.00806	0.00209438
1952	2097	1.00806	0.00209438
1952	2098	1.00806	0.00209438
1952	2099	1.00806	0.00209438
1952	2100	1.00806	0.00209438
1952	2101	1.00806	0.00209438
1952	2102	1.00806	0.00209438
1952	2103	1.00806	0.00209438
1952	2104	1.00806	0.00209438
1952	2105	1.00806	0.00209438
1952	2106	1.00806	0.00209438
1952	2107	1.00806	0.00209438
1952	2108	1.00806	0.00209438
1952	2109	1.00806	0.00209438
1952	2110	1.00806	0.00209438
1952	2111	1.00806	0.00209438
1952	2112	1.00806	0.00209438
1952	2113	1.00806	0.00209438
1952	2114	1.00806	0.00209438
1952	2115	1.00806	0.00209438
1952	2116	1.00806	0.00209438
1952	2117	1.00806	0.00209438
1952	2118	1.00806	0.00209438
1952	2119	1.00806	0.00209438
1952	2120	1.00806	0.00209438
1952	2121	1.00806	0.00209438
1952	2122	1.00806	0.00209438
1952	2123	1.00806	0.00209438
1952	2124	1.00806	0.00209438
1952	2125	1.00806	0.00209438
1952	2126	1.00806	0.00209438
1952	2127	1.00806	0.00209438
1952	2128	1.00806	0.00209438
1952	2129	1.00806	0.00209438
1952	2130	1.00806	0.00209438
1952	2131	1.00806	0.00209438
1952	2132	1.00806	0.00209438
1952	2133	1.00806	0.00209438
1952	2134	1.00806	0.00209438
1952	2135	1.00806	0.00209438
1952	2136	1.00806	0.00209438
1952	2137	1.00806	0.00209438
1952	2138	1.00806	0.00209438
1952	2139	1.00806	0.00209438
1952	2140	1.00806	0.00209438
1952	2141	1.00806	0.00209438
1952	2142	1.00806	0.00209438
1952	2143	1.00806	0.00209438
1952	2144	1.00806	0.00209438
1952	2145	1.00806	0.00209438
1952	2146	1.00806	0.00209438
1952	2147	1.00806	0.00209438
1952	2148	1.00806	0.00209438
1952	2149	1.00806	0.00209438
1952	2150	1.00806	0.00209438
1952	2151	1.00806	0.00209438
1952	2152	1.00806	0.00209438
1952	2153	1.00806	0.00209438
1952	2154	1.00806	0.00209438
1952	2155	1.00806	0.00209438
1952	2156	1.00806	0.00209438
1952	2157	1.00806	0.00209438
1952	2158	1.00806	0.00209438
1952	2159	1.00806	0.00209438
1952	2160	1.00806	0.00209438
1952	2161	1.00806	0.00209438
1952	2162	1.00806	0.00209438
1952	2163	1.00806	0.00209438
1952	2164	1.00806	0.00209438
1952	2165	1.00806	0.00209438
1952	2166	1.00806	0.00209438
1952	2167	1.00806	0.00209438
1952	2168	1.00806	0.00209438
1952	2169	1.00806	0.00209438
1952	2170	1.00806	0.00209438
1952	2171	1.00806	0.00209438
1952	2172	1.00806	0.00209438
1952	2173	1.00806	0.00209438
1952	2174	1.00806	0.00209438
1952	2175	1.00806	0.00209438
1952	2176	1.00806	0.00209438
1952	2177	1.00806	0.00209438
1952	2178	1.00806	0.00209438
1952	2179	1.00806	0.00209438
1952	2180	1.00806	0.00209438
1952	2181	1.00806	0.00209438
1952	2182	1.00806	0.00209438
1952	2183	1.00806	0.00209438
1952	2184	1.00806	0.00209438
1952	2185	1.00806	0.00209438
1952	2186	1.00806	0.00209438
1952	2187	1.00806	0.00209438
1952	2188	1.00806	0.00209438
1952	2189	1.00806	0.00209438
1952	2190	1.00806	0.00209438
1952	2191	1.00806	0.00209438
1952	2192	1.00806	0.00209438
1952	2193	1.00806	0.00209438
1952	2194	1.00806	0.00209438
1952	2195	1.00806	0.00209438
1952	2196	1.00806	0.00209438
1952	2197	1.00806	0.00209438
1952	2198	1.00806	0.00209438
1952	2199	1.00806	0.00209438
1952	2200	1.00806	0.00209438
1952	2201	1.00806	0.00209438
1952	2202	1.00806	0.00209438
1952	2203	1.00806	0.00209438
1952	2204	1.00806	0.00209438
1952	2205	1.00806	0.00209438
1952	2206	1.00806	0.00209438
1952	2207	1.00806	0.00209438
1952	2208	1.00806	0.00209438
1952	2209	1.00806	0.00209438
1952	2210	1.00806	0.00209438
1952	2211	1.00806	0.00209438
1952	2212	1.00806	0.00209438
1952	2213	1.00806	0.00209438
1952	2214	1.00806	0.00209438
1952	2215	1.00806	0.00209438
1952	2216	1.00806	0.00209438
1952	2217	1.00806	0.00209438
1952	2218	1.00806	0.00209438
1952	2219	1.00806	0.00209438
1952	2220	1.00806	0.00209438
1952	2221	1.00806	0.00209438
1952	2222	1.00806	0.00209438
1952	2223	1.00806	0.00209438
1952	2224	1.00806	0.00209438
1952	2225	1.00806	0.00209438
1952	2226	1.00806	0.00209438
1952	2227	1.00806	0.00209438
1952	2228	1.00806	0.00209438
1952	2229	1.00806	0.00209438
1952	2230	1.00806	0.00209438
1952	2231	1.00806	0.00209438
1952	2232	1.00806	0.00209438
1952	2233	1.00806	0.00209438
1952	2234	1.00806	0.00209438
1952	2235	1.00806	0.00209438
1952	2236	1.00806	0.00209438
1952	2237	1.00806	0.00209438
1952	2238	1.00806	0.00209438
1952	2239	1.00806	0.00209438
1952	2240	1.00806	0.00209438
1952	2241	1.00806	0.00209438
1952	2242	1.00806	0.00209438
1952	2243	1.00806	0.00209438
1952	2244	1.00806	0.00209438
1952	2245	1.00806	0.00209438
1952	2246	1.00806	0.00209438
1952	2247	1.00806	0.00209438
1952	2248	1.00806	0.00209438
1952	2249	1.00806	0.00209438
1952	2250	1.00806	0.00209438
1952	2251	1.00806	0.00209438
1952	2252	1.00806	0.00209438
1952	2253	1.00806	0.00209438
1952	2254	1.00806	0.00209438
1952	2255	1.00806	0.00209438
1952	2256	1.00806	0.00209438
1952	2257	1.00806	0.00209438
1952	2258	1.00806	0.00209438
1952	2259	1.00806	0.00209438
1952	2260	1.00806	0.00209438
1952	2261	1.00806	0.00209438
1952	2262	1.00806	0.00209438
1952	2263	1.00806	0.00209438
1952	2264	1.00806	0.00209438
1952	2265	1.00806	0.00209438
1952	2266	1.00806	0.00209438
1952	2267	1.00806	0.00209438
1952	2268	1.00806	0.00209438
1952	2269	1.00806	0.00209438
1952	2270	1.00806	0.00209438
1952	2271	1.00806	0.00209438
1952	2272	1.00806	0.00209438
1952	2273	1.00806	0.00209438
1952	2274	1.00806	0.00209438
1952	2275	1.00806	0.00209438
1952	2276	1.00806	0.00209438
1952	2277	1.00806	0.00209438
1952	2278	1.00806	0.00209438
1952	2279	1.00806	0.00209438
1952	2280	1.00806	0.00209438
1952	2281	1.00806	0.00209438
1952	2282	1.00806	0.00209438
1952	2283	1.00806	0.00209438
1952	2284	1.00806	0.00209438
1952	2285	1.00806	0.00209438
1952	2286	1.00806	0.00209438
1952	2287	1.00806	0.00209438
1952	2288	1.00806	0.00209438
1952	2289	1.00806	0.00209438
1952	2290	1.00806	0.00209438
1952	2291	1.00806	0.00209438
1952	2292	1.00806	0.00209438
1952	2293	1.00806	0.00209438
1952	2294	1.00806	0.00209438
1952	2295	1.00806	0.00209438
1952	2296	1.00806	0.00209438
1952	2297	1.00806	0.00209438
1952	2298	1.00806	0.00209438
1952	2299	1.00806	0.00209438
1952	2300	1.00806	0.00209438
1952	2301	1.00806	0.00209438
1952	2302	1.00806	0.00209438
1952	2303	1.00806	0.00209438
1952	2304	1.00806	0.00209438
1952	2305	1.00806	0.00209438
1952	2306	1.00806	0.00209438
1952	2307	1.00806	0.00209438
1952	2308	1.00806	0.00209438
1952	2309	1.00806	0.00209438
1952	2310	1.00806	0.00209438
1952	2311	1.00806	0.00209438
1952	2312	1.00806	0.00209438
1952	2313	1.00806	0.00209438
1952	2314	1.00806	0.00209438
1952	2315	1.00806	0.00209438
1952	2316	1.00806	0.00209438
1952	2317	1.00806	0.00209438
1952	2318	1.00806	0.00209438
1952	2319	1.00806	0.00209438
1952	2320	1.00806	0.00209438
1952	2321	1.00806	0.00209438
1952	2322	1.00806	0.00209438
1952	2323	1.00806	0.00209438
1952	2324	1.00806	0.00209438
1952	2325	1.00806	0.00209438
1952	2326	1.00806	0.00209438
1952	2327	1.00806	0.00209438
1952	2328	1.00806	0.00209438
1952	2329	1.00806	0.00209438
1952	2330	1.00806	0.00209438
1952	2331	1.00806	0.00209438
1952	2332	1.00806	0.00209438
1952	2333	1.00806	0.00209438
1952	2334	1.00806	0.00209438
1952	2335	1.00806	0.00209438
1952	2336	1.00806	0.00209438
1952	2337	1.00806	0.00209438
1952	2338	1.00806	0.00209438
1952	2339	1.00806	0.00209438
1952	2340	1.00806	0.00209438
1952	2341	1.00806	0.00209438
1952	2342	1.00806	0.00209438
1952	2343	1.00806	0.00209438
1952	2344	1.00806	0.00209438
1952	2345	1.00806	0.00209438
1952	2346	1.00806	0.00209438
1952	2347	1.00806	0.00209438
1952	2348	1.00806	0.00209438
1952	2349	1.00806	0.00209438
1952	2350	1.00806	0.00209438
1952	2351	1.00806	0.00209438
1952	2352	1.00806	0.00209438
1952	2353	1.00806	0.00209438
1952	2354	1.00806	0.00209438
1952	2355	1.00806	0.00209438
1952	2356	1.00806	0.00209438
1952	2357	1.00806	0.00209438
1952	2358	1.00806	0.00209438
1952	2359	1.00806	0.00209438
1952	2360	1.00806	0.00209438
1952	2361	1.00806	0.00209438
1952	2362	1.00806	0.00209438
1952	2363	1.00806	0.00209438
1952	2364	1.00806	0.00209438
1952	2365	1.00806	0.00209438
1952	2366	1.00806	0.00209438
1952	2367	1.00806	0.00209438
1952	2368	1.00806	0.00209438
1952	2369	1.00806	0.00209438
1952	2370	1.00806	0.00209438
1952	2371	1.00806	0.00209438
1952	2372	1.00806	0.00209438
1952	2373	1.00806	0.00209438
1952	2374	1.00806	0.00209438
1952	2375	1.00806	0.00209438
1952	2376	1.00806	0.00209438
1952	2377	1.00806	0.00209438
1952	2378	1.00806	0.00209438
1952	2379	1.00806	0.00209438
1952	2380	1.00806	0.00209438
1952	2381	1.00806	0.00209438
1952	2382	1.00806	0.00209438
1952	2383	1.00806	0.00209438
1952	2384	1.00806	0.00209438
1952	2385	1.00806	0.00209438
1952	2386	1.00806	0.00209438
1952	2387	1.00806	0.00209438
1952	2388	1.00806	0.00209438
1952	2389	1.00806	0.00209438
1952	2390	1.00806	0.00209438
1952	2391	1.00806	0.00209438
1952	2392	1.00806	0.00209438
1952	2393	1.00806	0.00209438
1952	2394	1.00806	0.00209438
1952	2395	1.00806	0.00209438
1952	2396	1.00806	0.00209438
1952	2397	1.00806	0.00209438
1952	2398	1.00806	0.00209438
1952	2399	1.00806	0.00209438
1952	2400	1.00806	0.00209438
1952	2401	1.00806	0.00209438
1952	2402	1.00806	0.00209438
1952	2403	1.00806	0.00209438
1952	2404	1.00806	0.00209438
1952	2405	1.00806	0.00209438
1952	2406	1.00806	0.00209438
1952	2407	1.00806	0.00209438
1952	2408	1.00806	0.00209438
1952	2409	1.00806	0.00209438
1952	2410	1.00806	0.00209438
1952	2411	1.00806	0.00209438
1952	2412	1.00806	0.00209438
1952	2413	1.00806	0.00209438
1952	2414	1.00806	0.00209438
1952	2415	1.00806	0.00209438
1952	2416	1.00806	0.00209438
1952	2417	1.00806	0.00209438
1952	2418	1.00806	0.00209438
1952	2419	1.00806	0.00209438
1952	2420	1.00806	0.00209438
1952	2421	1.00806	0.00209438
1952	2422	1.00806	0.00209438
1952	2423	1.00806	0.00209438
1952	2424	1.00806	0.00209438
1952	2425	1.00806	0.00209438
1952	2426	1.00806	0.00209438
1952	2427	1.00806	0.00209438
1952	2428	1.00806	0.00209438
1952	2429	1.00806	0.00209438
1952	2430	1.00806	0.00209438
1952	2431	1.00806	0.00209438
1952	2432	1.00806	0.00209438
1952	2433	1.00806	0.00209438
1952	2434	1.00806	0.00209438
1952	2435	1.00806	0.00209438
1952	2436	1.00806	0.00209438
1952	2437	1.00806	0.00209438
1952	2438	1.00806	0.00209438
1952	2439	1.00806	0.00209438
1952	2440	1.00806	0.00209438
1952	2441	1.00806	0.00209438
1952	2442	1.00806	0.00209438
1952	2443	1.00806	0.00209438
1952	2444	1.00806	0.00209438
1952	2445	1.00806	0.00209438
1952	2446	1.00806	0.00209438
1952	2447	1.00806	0.00209438
1952	2448	1.00806	0.00209438
1952	2449	1.00806	0.00209438
1952	2450	1.00806	0.00209438
1952	2451	1.00806	0.00209438
1952	2452	1.00806	0.00209438
1952	2453	1.00806	0.00209438
1952	2454	1.00806	0.00209438
1952	2455	1.00806	0.00209438
1952	2456	1.00806	0.00209438
1952	2457	1.00806	0.00209438
1952	2458	1.00806	0.00209438
1952	2459	1.00806	0.00209438
1952	2460	1.00806	0.00209438
1952	2461	1.00806	0.00209438
1952	2462	1.00806	0.00209438
1952	2463	1.00806	0.00209438
1952	2464	1.00806	0.00209438
1952	2465	1.00806	0.00209438
1952	2466	1.00806	0.00209438
1952	2467	1.00806	0.00209438
1952	2468	1.00806	0.00209438
1952	2469	1.00806	0.00209438
1952	2470	1.00806	0.00209438
1952	2471	1.00806	0.00209438
1952	2472	1.00806	0.00209438
1952	2473	1.00806	0.00209438
1952	2474	1.00806	0.00209438
1952	2475	1.00806	0.00209438
1952	2476	1.00806	0.00209438
1952	2477	1.00806	0.00209438
1952	2478	1.00806	0.00209438
1952	2479	1.00806	0.00209438
1952	2480	1.00806	0.00209438
1952	2481	1.00806	0.00209438
1952	2482	1.00806	0.00209438
1952	2483	1.00806	0.00209438
1952	2484	1.00806	0.00209438
1952	2485	1.00806	0.00209438
1952	2486	1.00806	0.00209438
1952	2487	1.00806	0.00209438
1952	2488	1.00806	0.00209438
1952	2489	1.00806	0.00209438
1952	2490	1.00806	0.00209438
1952	2491	1.00806	0.00209438
1952	2492	1.00806	0.00209438
1952	2493	1.00806	0.00209438
1952	2494	1.00806	0.00209438
1952	2495	1.00806	0.00209438
1952	2496	1.00806	0.00209438
1952	2497	1.00806	0.00209438
1952	2498	1.00806	0.00209438
1952	2499	1.00806	0.00209438
1952	2500	1.00806	0.00209438
1952	2501	1.00806	0.00209438
1952	2502	1.00806	0.00209438
1952	2503	1.00806	0.00209438
1952	2504	1.00806	0.00209438
1952	2505	1.00806	0.00209438
1952	2506	1.00806	0.00209438
1952	2507	1.00806	0.00209438
1952	2508	1.00806	0.00209438
1952	2509	1.00806	0.00209438
1952	2510	1.00806	0.00209438
1952	2511	1.00806	0.00209438
1952	2512	1.00806	0.00209438
1952	2513	1.00806	0.00209438
