1600	0	1	0.0022486
1600	1	1	0.0022486
1600	2	1	0.0022486
1600	3	1	0.0022486
1600	4	1	0.0022486
1600	5	1	0.0022486
1600	6	1	0.0022486
1600	7	1	0.0022486
1600	8	1	0.0022486
1600	9	1	0.0022486
1600	10	1	0.0022486
1600	11	1	0.0022486
1600	12	1	0.0022486
1600	13	1	0.0022486
1600	14	1	0.0022486
1600	15	1	0.0022486
1600	16	1	0.0022486
1600	17	1	0.0022486
1600	18	1	0.0022486
1600	19	1	0.0022486
1600	20	1	0.0022486
1600	21	1	0.0022486
1600	22	1	0.0022486
1600	23	1	0.0022486
1600	24	1	0.0022486
1600	25	1	0.0022486
1600	26	1	0.0022486
1600	27	1	0.0022486
1600	28	1	0.0022486
1600	29	1	0.0022486
1600	30	1	0.0022486
1600	31	1	0.0022486
1600	32	1	0.0022486
1600	33	1	0.0022486
1600	34	1	0.0022486
1600	35	1	0.0022486
1600	36	1	0.0022486
1600	37	1	0.0022486
1600	38	1	0.0022486
1600	39	1	0.0022486
1600	40	1	0.0022486
1600	41	1	0.0022486
1600	42	1	0.0022486
1600	43	1	0.0022486
1600	44	1	0.0022486
1600	45	1	0.0022486
1600	46	1	0.0022486
1600	47	1	0.0022486
1600	48	1	0.0022486
1600	49	1	0.0022486
1600	50	1	0.0022486
1600	51	1	0.0022486
1600	52	1	0.0022486
1600	53	1	0.0022486
1600	54	1	0.0022486
1600	55	1	0.0022486
1600	56	1	0.0022486
1600	57	1	0.0022486
1600	58	1	0.0022486
1600	59	1	0.0022486
1600	60	1	0.0022486
1600	61	1	0.0022486
1600	62	1	0.0022486
1600	63	1	0.0022486
1600	64	1	0.0022486
1600	65	1	0.0022486
1600	66	1	0.0022486
1600	67	1	0.0022486
1600	68	1	0.0022486
1600	69	1	0.0022486
1600	70	1	0.0022486
1600	71	1	0.0022486
1600	72	1	0.0022486
1600	73	1	0.0022486
1600	74	1	0.0022486
1600	75	1	0.0022486
1600	76	1	0.0022486
1600	77	1	0.0022486
1600	78	1	0.0022486
1600	79	1	0.0022486
1600	80	1	0.0022486
1600	81	1	0.0022486
1600	82	1	0.0022486
1600	83	1	0.0022486
1600	84	1	0.0022486
1600	85	1	0.0022486
1600	86	1	0.0022486
1600	87	1	0.0022486
1600	88	1	0.0022486
1600	89	1	0.0022486
1600	90	1	0.0022486
1600	91	1	0.0022486
1600	92	1	0.0022486
1600	93	1	0.0022486
1600	94	1	0.0022486
1600	95	1	0.0022486
1600	96	1	0.0022486
1600	97	1	0.0022486
1600	98	1	0.0022486
1600	99	1	0.0022486
1600	100	1	0.0022486
1600	101	1	0.0022486
1600	102	1	0.0022486
1600	103	1	0.0022486
1600	104	1	0.0022486
1600	105	1	0.0022486
1600	106	1	0.0022486
1600	107	1	0.0022486
1600	108	1	0.0022486
1600	109	1	0.0022486
1600	110	1	0.0022486
1600	111	1	0.0022486
1600	112	1	0.0022486
1600	113	1	0.0022486
1600	114	1	0.0022486
1600	115	1	0.0022486
1600	116	1	0.0022486
1600	117	1	0.0022486
1600	118	1	0.0022486
1600	119	1	0.0022486
1600	120	1	0.0022486
1600	121	1	0.0022486
1600	122	1	0.0022486
1600	123	1	0.0022486
1600	124	1	0.0022486
1600	125	1	0.0022486
1600	126	1	0.0022486
1600	127	1	0.0022486
1600	128	1	0.0022486
1600	129	1	0.0022486
1600	130	1	0.0022486
1600	131	1	0.0022486
1600	132	1	0.0022486
1600	133	1	0.0022486
1600	134	1	0.0022486
1600	135	1	0.0022486
1600	136	1	0.0022486
1600	137	1	0.0022486
1600	138	1	0.0022486
1600	139	1	0.0022486
1600	140	1	0.0022486
1600	141	1	0.0022486
1600	142	1	0.0022486
1600	143	1	0.0022486
1600	144	1	0.0022486
1600	145	1	0.0022486
1600	146	1	0.0022486
1600	147	1	0.0022486
1600	148	1	0.0022486
1600	149	1	0.0022486
1600	150	1	0.0022486
1600	151	1	0.0022486
1600	152	1	0.0022486
1600	153	1	0.0022486
1600	154	1	0.0022486
1600	155	1	0.0022486
1600	156	1	0.0022486
1600	157	1	0.0022486
1600	158	1	0.0022486
1600	159	1	0.0022486
1600	160	1	0.0022486
1600	161	1	0.0022486
1600	162	1	0.0022486
1600	163	1	0.0022486
1600	164	1	0.0022486
1600	165	1	0.0022486
1600	166	1	0.0022486
1600	167	1	0.0022486
1600	168	1	0.0022486
1600	169	1	0.0022486
1600	170	1	0.0022486
1600	171	1	0.0022486
1600	172	1	0.0022486
1600	173	1	0.0022486
1600	174	1	0.0022486
1600	175	1	0.0022486
1600	176	1	0.0022486
1600	177	1	0.0022486
1600	178	1	0.0022486
1600	179	1	0.0022486
1600	180	1	0.0022486
1600	181	1	0.0022486
1600	182	1	0.0022486
1600	183	1	0.0022486
1600	184	1	0.0022486
1600	185	1	0.0022486
1600	186	1	0.0022486
1600	187	1	0.0022486
1600	188	1	0.0022486
1600	189	1	0.0022486
1600	190	1	0.0022486
1600	191	1	0.0022486
1600	192	1	0.0022486
1600	193	1	0.0022486
1600	194	1	0.0022486
1600	195	1	0.0022486
1600	196	1	0.0022486
1600	197	1	0.0022486
1600	198	1	0.0022486
1600	199	1	0.0022486
1600	200	1	0.0022486
1600	201	1	0.0022486
1600	202	1	0.0022486
1600	203	1	0.0022486
1600	204	1	0.0022486
1600	205	1	0.0022486
1600	206	1	0.0022486
1600	207	1	0.0022486
1600	208	1	0.0022486
1600	209	1	0.0022486
1600	210	1	0.0022486
1600	211	1	0.0022486
1600	212	1	0.0022486
1600	213	1	0.0022486
1600	214	1	0.0022486
1600	215	1	0.0022486
1600	216	1	0.0022486
1600	217	1	0.0022486
1600	218	1	0.0022486
1600	219	1	0.0022486
1600	220	1	0.0022486
1600	221	1	0.0022486
1600	222	1	0.0022486
1600	223	1	0.0022486
1600	224	1	0.0022486
1600	225	1	0.0022486
1600	226	1	0.0022486
1600	227	1	0.0022486
1600	228	1	0.0022486
1600	229	1	0.0022486
1600	230	1	0.0022486
1600	231	1	0.0022486
1600	232	1	0.0022486
1600	233	1	0.0022486
1600	234	1	0.0022486
1600	235	1	0.0022486
1600	236	1	0.0022486
1600	237	1	0.0022486
1600	238	1	0.0022486
1600	239	1	0.0022486
1600	240	1	0.0022486
1600	241	1	0.0022486
1600	242	1	0.0022486
1600	243	1	0.0022486
1600	244	1	0.0022486
1600	245	1	0.0022486
1600	246	1	0.0022486
1600	247	1	0.0022486
1600	248	1	0.0022486
1600	249	1	0.0022486
1600	250	1	0.0022486
1600	251	1	0.0022486
1600	252	1	0.0022486
1600	253	1	0.0022486
1600	254	1	0.0022486
1600	255	1	0.0022486
1600	256	1	0.0022486
1600	257	1	0.0022486
1600	258	1	0.0022486
1600	259	1	0.0022486
1600	260	1	0.0022486
1600	261	1	0.0022486
1600	262	1	0.0022486
1600	263	1	0.0022486
1600	264	1	0.0022486
1600	265	1	0.0022486
1600	266	1	0.0022486
1600	267	1	0.0022486
1600	268	1	0.0022486
1600	269	1	0.0022486
1600	270	1	0.0022486
1600	271	1	0.0022486
1600	272	1	0.0022486
1600	273	1	0.0022486
1600	274	1	0.0022486
1600	275	1	0.0022486
1600	276	1	0.0022486
1600	277	1	0.0022486
1600	278	1	0.0022486
1600	279	1	0.0022486
1600	280	1	0.0022486
1600	281	1	0.0022486
1600	282	1	0.0022486
1600	283	1	0.0022486
1600	284	1	0.0022486
1600	285	1	0.0022486
1600	286	1	0.0022486
1600	287	1	0.0022486
1600	288	1	0.0022486
1600	289	1	0.0022486
1600	290	1	0.0022486
1600	291	1	0.0022486
1600	292	1	0.0022486
1600	293	1	0.0022486
1600	294	1	0.0022486
1600	295	1	0.0022486
1600	296	1	0.0022486
1600	297	1	0.0022486
1600	298	1	0.0022486
1600	299	1	0.0022486
1600	300	1	0.0022486
1600	301	1	0.0022486
1600	302	1	0.0022486
1600	303	1	0.0022486
1600	304	1	0.0022486
1600	305	1	0.0022486
1600	306	1	0.0022486
1600	307	1	0.0022486
1600	308	1	0.0022486
1600	309	1	0.0022486
1600	310	1	0.0022486
1600	311	1	0.0022486
1600	312	1	0.0022486
1600	313	1	0.0022486
1600	314	1	0.0022486
1600	315	1	0.0022486
1600	316	1	0.0022486
1600	317	1	0.0022486
1600	318	1	0.0022486
1600	319	1	0.0022486
1600	320	1	0.0022486
1600	321	1	0.0022486
1600	322	1	0.0022486
1600	323	1	0.0022486
1600	324	1	0.0022486
1600	325	1	0.0022486
1600	326	1	0.0022486
1600	327	1	0.0022486
1600	328	1	0.0022486
1600	329	1	0.0022486
1600	330	1	0.0022486
1600	331	1	0.0022486
1600	332	1	0.0022486
1600	333	1	0.0022486
1600	334	1	0.0022486
1600	335	1	0.0022486
1600	336	1	0.0022486
1600	337	1	0.0022486
1600	338	1	0.0022486
1600	339	1	0.0022486
1600	340	1	0.0022486
1600	341	1	0.0022486
1600	342	1	0.0022486
1600	343	1	0.0022486
1600	344	1	0.0022486
1600	345	1	0.0022486
1600	346	1	0.0022486
1600	347	1	0.0022486
1600	348	1	0.0022486
1600	349	1	0.0022486
1600	350	1	0.0022486
1600	351	1	0.0022486
1600	352	1	0.0022486
1600	353	1	0.0022486
1600	354	1	0.0022486
1600	355	1	0.0022486
1600	356	1	0.0022486
1600	357	1	0.0022486
1600	358	1	0.0022486
1600	359	1	0.0022486
1600	360	1	0.0022486
1600	361	1	0.0022486
1600	362	1	0.0022486
1600	363	1	0.0022486
1600	364	1	0.0022486
1600	365	1	0.0022486
1600	366	1	0.0022486
1600	367	1	0.0022486
1600	368	1	0.0022486
1600	369	1	0.0022486
1600	370	1	0.0022486
1600	371	1	0.0022486
1600	372	1	0.0022486
1600	373	1	0.0022486
1600	374	1	0.0022486
1600	375	1	0.0022486
1600	376	1	0.0022486
1600	377	1	0.0022486
1600	378	1	0.0022486
1600	379	1	0.0022486
1600	380	1	0.0022486
1600	381	1	0.0022486
1600	382	1	0.0022486
1600	383	1	0.0022486
1600	384	1	0.0022486
1600	385	1	0.0022486
1600	386	1	0.0022486
1600	387	1	0.0022486
1600	388	1	0.0022486
1600	389	1	0.0022486
1600	390	1	0.0022486
1600	391	1	0.0022486
1600	392	1	0.0022486
1600	393	1	0.0022486
1600	394	1	0.0022486
1600	395	1	0.0022486
1600	396	1	0.0022486
1600	397	1	0.0022486
1600	398	1	0.0022486
1600	399	1	0.0022486
1600	400	1	0.0022486
1600	401	1	0.0022486
1600	402	1	0.0022486
1600	403	1	0.0022486
1600	404	1	0.0022486
1600	405	1	0.0022486
1600	406	1	0.0022486
1600	407	1	0.0022486
1600	408	1	0.0022486
1600	409	1	0.0022486
1600	410	1	0.0022486
1600	411	1	0.0022486
1600	412	1	0.0022486
1600	413	1	0.0022486
1600	414	1	0.0022486
1600	415	1	0.0022486
1600	416	1	0.0022486
1600	417	1	0.0022486
1600	418	1	0.0022486
1600	419	1	0.0022486
1600	420	1	0.0022486
1600	421	1	0.0022486
1600	422	1	0.0022486
1600	423	1	0.0022486
1600	424	1	0.0022486
1600	425	1	0.0022486
1600	426	1	0.0022486
1600	427	1	0.0022486
1600	428	1	0.0022486
1600	429	1	0.0022486
1600	430	1	0.0022486
1600	431	1	0.0022486
1600	432	1	0.0022486
1600	433	1	0.0022486
1600	434	1	0.0022486
1600	435	1	0.0022486
1600	436	1	0.0022486
1600	437	1	0.0022486
1600	438	1	0.0022486
1600	439	1	0.0022486
1600	440	1	0.0022486
1600	441	1	0.0022486
1600	442	1	0.0022486
1600	443	1	0.0022486
1600	444	1	0.0022486
1600	445	1	0.0022486
1600	446	1	0.0022486
1600	447	1	0.0022486
1600	448	1	0.0022486
1600	449	1	0.0022486
1600	450	1	0.0022486
1600	451	1	0.0022486
1600	452	1	0.0022486
1600	453	1	0.0022486
1600	454	1	0.0022486
1600	455	1	0.0022486
1600	456	1	0.0022486
1600	457	1	0.0022486
1600	458	1	0.0022486
1600	459	1	0.0022486
1600	460	1	0.0022486
1600	461	1	0.0022486
1600	462	1	0.0022486
1600	463	1	0.0022486
1600	464	1	0.0022486
1600	465	1	0.0022486
1600	466	1	0.0022486
1600	467	1	0.0022486
1600	468	1	0.0022486
1600	469	1	0.0022486
1600	470	1	0.0022486
1600	471	1	0.0022486
1600	472	1	0.0022486
1600	473	1	0.0022486
1600	474	1	0.0022486
1600	475	1	0.0022486
1600	476	1	0.0022486
1600	477	1	0.0022486
1600	478	1	0.0022486
1600	479	1	0.0022486
1600	480	1	0.0022486
1600	481	1	0.0022486
1600	482	1	0.0022486
1600	483	1	0.0022486
1600	484	1	0.0022486
1600	485	1	0.0022486
1600	486	1	0.0022486
1600	487	1	0.0022486
1600	488	1	0.0022486
1600	489	1	0.0022486
1600	490	1	0.0022486
1600	491	1	0.0022486
1600	492	1	0.0022486
1600	493	1	0.0022486
1600	494	1	0.0022486
1600	495	1	0.0022486
1600	496	1	0.0022486
1600	497	1	0.0022486
1600	498	1	0.0022486
1600	499	1	0.0022486
1600	500	1	0.0022486
1600	501	1	0.0022486
1600	502	1	0.0022486
1600	503	1	0.0022486
1600	504	1	0.0022486
1600	505	1	0.0022486
1600	506	1	0.0022486
1600	507	1	0.0022486
1600	508	1	0.0022486
1600	509	1	0.0022486
1600	510	1	0.0022486
1600	511	1	0.0022486
1600	512	1	0.0022486
1600	513	1	0.0022486
1600	514	1	0.0022486
1600	515	1	0.0022486
1600	516	1	0.0022486
1600	517	1	0.0022486
1600	518	1	0.0022486
1600	519	1	0.0022486
1600	520	1	0.0022486
1600	521	1	0.0022486
1600	522	1	0.0022486
1600	523	1	0.0022486
1600	524	1	0.0022486
1600	525	1	0.0022486
1600	526	1	0.0022486
1600	527	1	0.0022486
1600	528	1	0.0022486
1600	529	1	0.0022486
1600	530	1	0.0022486
1600	531	1	0.0022486
1600	532	1	0.0022486
1600	533	1	0.0022486
1600	534	1	0.0022486
1600	535	1	0.0022486
1600	536	1	0.0022486
1600	537	1	0.0022486
1600	538	1	0.0022486
1600	539	1	0.0022486
1600	540	1	0.0022486
1600	541	1	0.0022486
1600	542	1	0.0022486
1600	543	1	0.0022486
1600	544	1	0.0022486
1600	545	1	0.0022486
1600	546	1	0.0022486
1600	547	1	0.0022486
1600	548	1	0.0022486
1600	549	1	0.0022486
1600	550	1	0.0022486
1600	551	1	0.0022486
1600	552	1	0.0022486
1600	553	1	0.0022486
1600	554	1	0.0022486
1600	555	1	0.0022486
1600	556	1	0.0022486
1600	557	1	0.0022486
1600	558	1	0.0022486
1600	559	1	0.0022486
1600	560	1	0.0022486
1600	561	1	0.0022486
1600	562	1	0.0022486
1600	563	1	0.0022486
1600	564	1	0.0022486
1600	565	1	0.0022486
1600	566	1	0.0022486
1600	567	1	0.0022486
1600	568	1	0.0022486
1600	569	1	0.0022486
1600	570	1	0.0022486
1600	571	1	0.0022486
1600	572	1	0.0022486
1600	573	1	0.0022486
1600	574	1	0.0022486
1600	575	1	0.0022486
1600	576	1	0.0022486
1600	577	1	0.0022486
1600	578	1	0.0022486
1600	579	1	0.0022486
1600	580	1	0.0022486
1600	581	1	0.0022486
1600	582	1	0.0022486
1600	583	1	0.0022486
1600	584	1	0.0022486
1600	585	1	0.0022486
1600	586	1	0.0022486
1600	587	1	0.0022486
1600	588	1	0.0022486
1600	589	1	0.0022486
1600	590	1	0.0022486
1600	591	1	0.0022486
1600	592	1	0.0022486
1600	593	1	0.0022486
1600	594	1	0.0022486
1600	595	1	0.0022486
1600	596	1	0.0022486
1600	597	1	0.0022486
1600	598	1	0.0022486
1600	599	1	0.0022486
1600	600	1	0.0022486
1600	601	1	0.0022486
1600	602	1	0.0022486
1600	603	1	0.0022486
1600	604	1	0.0022486
1600	605	1	0.0022486
1600	606	1	0.0022486
1600	607	1	0.0022486
1600	608	1	0.0022486
1600	609	1	0.0022486
1600	610	1	0.0022486
1600	611	1	0.0022486
1600	612	1	0.0022486
1600	613	1	0.0022486
1600	614	1	0.0022486
1600	615	1	0.0022486
1600	616	1	0.0022486
1600	617	1	0.0022486
1600	618	1	0.0022486
1600	619	1	0.0022486
1600	620	1	0.0022486
1600	621	1	0.0022486
1600	622	1	0.0022486
1600	623	1	0.0022486
1600	624	1	0.0022486
1600	625	1	0.0022486
1600	626	1	0.0022486
1600	627	1	0.0022486
1600	628	1	0.0022486
1600	629	1	0.0022486
1600	630	1	0.0022486
1600	631	1	0.0022486
1600	632	1	0.0022486
1600	633	1	0.0022486
1600	634	1	0.0022486
1600	635	1	0.0022486
1600	636	1	0.0022486
1600	637	1	0.0022486
1600	638	1	0.0022486
1600	639	1	0.0022486
1600	640	1	0.0022486
1600	641	1	0.0022486
1600	642	1	0.0022486
1600	643	1	0.0022486
1600	644	1	0.0022486
1600	645	1	0.0022486
1600	646	1	0.0022486
1600	647	1	0.0022486
1600	648	1	0.0022486
1600	649	1	0.0022486
1600	650	1	0.0022486
1600	651	1	0.0022486
1600	652	1	0.0022486
1600	653	1	0.0022486
1600	654	1	0.0022486
1600	655	1	0.0022486
1600	656	1	0.0022486
1600	657	1	0.0022486
1600	658	1	0.0022486
1600	659	1	0.0022486
1600	660	1	0.0022486
1600	661	1	0.0022486
1600	662	1	0.0022486
1600	663	1	0.0022486
1600	664	1	0.0022486
1600	665	1	0.0022486
1600	666	1	0.0022486
1600	667	1	0.0022486
1600	668	1	0.0022486
1600	669	1	0.0022486
1600	670	1	0.0022486
1600	671	1	0.0022486
1600	672	1	0.0022486
1600	673	1	0.0022486
1600	674	1	0.0022486
1600	675	1	0.0022486
1600	676	1	0.0022486
1600	677	1	0.0022486
1600	678	1	0.0022486
1600	679	1	0.0022486
1600	680	1	0.0022486
1600	681	1	0.0022486
1600	682	1	0.0022486
1600	683	1	0.0022486
1600	684	1	0.0022486
1600	685	1	0.0022486
1600	686	1	0.0022486
1600	687	1	0.0022486
1600	688	1	0.0022486
1600	689	1	0.0022486
1600	690	1	0.0022486
1600	691	1	0.0022486
1600	692	1	0.0022486
1600	693	1	0.0022486
1600	694	1	0.0022486
1600	695	1	0.0022486
1600	696	1	0.0022486
1600	697	1	0.0022486
1600	698	1	0.0022486
1600	699	1	0.0022486
1600	700	1	0.0022486
1600	701	1	0.0022486
1600	702	1	0.0022486
1600	703	1	0.0022486
1600	704	1	0.0022486
1600	705	1	0.0022486
1600	706	1	0.0022486
1600	707	1	0.0022486
1600	708	1	0.0022486
1600	709	1	0.0022486
1600	710	1	0.0022486
1600	711	1	0.0022486
1600	712	1	0.0022486
1600	713	1	0.0022486
1600	714	1	0.0022486
1600	715	1	0.0022486
1600	716	1	0.0022486
1600	717	1	0.0022486
1600	718	1	0.0022486
1600	719	1	0.0022486
1600	720	1	0.0022486
1600	721	1	0.0022486
1600	722	1	0.0022486
1600	723	1	0.0022486
1600	724	1	0.0022486
1600	725	1	0.0022486
1600	726	1	0.0022486
1600	727	1	0.0022486
1600	728	1	0.0022486
1600	729	1	0.0022486
1600	730	1	0.0022486
1600	731	1	0.0022486
1600	732	1	0.0022486
1600	733	1	0.0022486
1600	734	1	0.0022486
1600	735	1	0.0022486
1600	736	1	0.0022486
1600	737	1	0.0022486
1600	738	1	0.0022486
1600	739	1	0.0022486
1600	740	1	0.0022486
1600	741	1	0.0022486
1600	742	1	0.0022486
1600	743	1	0.0022486
1600	744	1	0.0022486
1600	745	1	0.0022486
1600	746	1	0.0022486
1600	747	1	0.0022486
1600	748	1	0.0022486
1600	749	1	0.0022486
1600	750	1	0.0022486
1600	751	1	0.0022486
1600	752	1	0.0022486
1600	753	1	0.0022486
1600	754	1	0.0022486
1600	755	1	0.0022486
1600	756	1	0.0022486
1600	757	1	0.0022486
1600	758	1	0.0022486
1600	759	1	0.0022486
1600	760	1	0.0022486
1600	761	1	0.0022486
1600	762	1	0.0022486
1600	763	1	0.0022486
1600	764	1	0.0022486
1600	765	1	0.0022486
1600	766	1	0.0022486
1600	767	1	0.0022486
1600	768	1	0.0022486
1600	769	1	0.0022486
1600	770	1	0.0022486
1600	771	1	0.0022486
1600	772	1	0.0022486
1600	773	1	0.0022486
1600	774	1	0.0022486
1600	775	1	0.0022486
1600	776	1	0.0022486
1600	777	1	0.0022486
1600	778	1	0.0022486
1600	779	1	0.0022486
1600	780	1	0.0022486
1600	781	1	0.0022486
1600	782	1	0.0022486
1600	783	1	0.0022486
1600	784	1	0.0022486
1600	785	1	0.0022486
1600	786	1	0.0022486
1600	787	1	0.0022486
1600	788	1	0.0022486
1600	789	1	0.0022486
1600	790	1	0.0022486
1600	791	1	0.0022486
1600	792	1	0.0022486
1600	793	1	0.0022486
1600	794	1	0.0022486
1600	795	1	0.0022486
1600	796	1	0.0022486
1600	797	1	0.0022486
1600	798	1	0.0022486
1600	799	1	0.0022486
1600	800	1	0.0022486
1600	801	1	0.0022486
1600	802	1	0.0022486
1600	803	1	0.0022486
1600	804	1	0.0022486
1600	805	1	0.0022486
1600	806	1	0.0022486
1600	807	1	0.0022486
1600	808	1	0.0022486
1600	809	1	0.0022486
1600	810	1	0.0022486
1600	811	1	0.0022486
1600	812	1	0.0022486
1600	813	1	0.0022486
1600	814	1	0.0022486
1600	815	1	0.0022486
1600	816	1	0.0022486
1600	817	1	0.0022486
1600	818	1	0.0022486
1600	819	1	0.0022486
1600	820	1	0.0022486
1600	821	1	0.0022486
1600	822	1	0.0022486
1600	823	1	0.0022486
1600	824	1	0.0022486
1600	825	1	0.0022486
1600	826	1	0.0022486
1600	827	1	0.0022486
1600	828	1	0.0022486
1600	829	1	0.0022486
1600	830	1	0.0022486
1600	831	1	0.0022486
1600	832	1	0.0022486
1600	833	1	0.0022486
1600	834	1	0.0022486
1600	835	1	0.0022486
1600	836	1	0.0022486
1600	837	1	0.0022486
1600	838	1	0.0022486
1600	839	1	0.0022486
1600	840	1	0.0022486
1600	841	1	0.0022486
1600	842	1	0.0022486
1600	843	1	0.0022486
1600	844	1	0.0022486
1600	845	1	0.0022486
1600	846	1	0.0022486
1600	847	1	0.0022486
1600	848	1	0.0022486
1600	849	1	0.0022486
1600	850	1	0.0022486
1600	851	1	0.0022486
1600	852	1	0.0022486
1600	853	1	0.0022486
1600	854	1	0.0022486
1600	855	1	0.0022486
1600	856	1	0.0022486
1600	857	1	0.0022486
1600	858	1	0.0022486
1600	859	1	0.0022486
1600	860	1	0.0022486
1600	861	1	0.0022486
1600	862	1	0.0022486
1600	863	1	0.0022486
1600	864	1	0.0022486
1600	865	1	0.0022486
1600	866	1	0.0022486
1600	867	1	0.0022486
1600	868	1	0.0022486
1600	869	1	0.0022486
1600	870	1	0.0022486
1600	871	1	0.0022486
1600	872	1	0.0022486
1600	873	1	0.0022486
1600	874	1	0.0022486
1600	875	1	0.0022486
1600	876	1	0.0022486
1600	877	1	0.0022486
1600	878	1	0.0022486
1600	879	1	0.0022486
1600	880	1	0.0022486
1600	881	1	0.0022486
1600	882	1	0.0022486
1600	883	1	0.0022486
1600	884	1	0.0022486
1600	885	1	0.0022486
1600	886	1	0.0022486
1600	887	1	0.0022486
1600	888	1	0.0022486
1600	889	1	0.0022486
1600	890	1	0.0022486
1600	891	1	0.0022486
1600	892	1	0.0022486
1600	893	1	0.0022486
1600	894	1	0.0022486
1600	895	1	0.0022486
1600	896	1	0.0022486
1600	897	1	0.0022486
1600	898	1	0.0022486
1600	899	1	0.0022486
1600	900	1	0.0022486
1600	901	1	0.0022486
1600	902	1	0.0022486
1600	903	1	0.0022486
1600	904	1	0.0022486
1600	905	1	0.0022486
1600	906	1	0.0022486
1600	907	1	0.0022486
1600	908	1	0.0022486
1600	909	1	0.0022486
1600	910	1	0.0022486
1600	911	1	0.0022486
1600	912	1	0.0022486
1600	913	1	0.0022486
1600	914	1	0.0022486
1600	915	1	0.0022486
1600	916	1	0.0022486
1600	917	1	0.0022486
1600	918	1	0.0022486
1600	919	1	0.0022486
1600	920	1	0.0022486
1600	921	1	0.0022486
1600	922	1	0.0022486
1600	923	1	0.0022486
1600	924	1	0.0022486
1600	925	1	0.0022486
1600	926	1	0.0022486
1600	927	1	0.0022486
1600	928	1	0.0022486
1600	929	1	0.0022486
1600	930	1	0.0022486
1600	931	1	0.0022486
1600	932	1	0.0022486
1600	933	1	0.0022486
1600	934	1	0.0022486
1600	935	1	0.0022486
1600	936	1	0.0022486
1600	937	1	0.0022486
1600	938	1	0.0022486
1600	939	1	0.0022486
1600	940	1	0.0022486
1600	941	1	0.0022486
1600	942	1	0.0022486
1600	943	1	0.0022486
1600	944	1	0.0022486
1600	945	1	0.0022486
1600	946	1	0.0022486
1600	947	1	0.0022486
1600	948	1	0.0022486
1600	949	1	0.0022486
1600	950	1	0.0022486
1600	951	1	0.0022486
1600	952	1	0.0022486
1600	953	1	0.0022486
1600	954	1	0.0022486
1600	955	1	0.0022486
1600	956	1	0.0022486
1600	957	1	0.0022486
1600	958	1	0.0022486
1600	959	1	0.0022486
1600	960	1	0.0022486
1600	961	1	0.0022486
1600	962	1	0.0022486
1600	963	1	0.0022486
1600	964	1	0.0022486
1600	965	1	0.0022486
1600	966	1	0.0022486
1600	967	1	0.0022486
1600	968	1	0.0022486
1600	969	1	0.0022486
1600	970	1	0.0022486
1600	971	1	0.0022486
1600	972	1	0.0022486
1600	973	1	0.0022486
1600	974	1	0.0022486
1600	975	1	0.0022486
1600	976	1	0.0022486
1600	977	1	0.0022486
1600	978	1	0.0022486
1600	979	1	0.0022486
1600	980	1	0.0022486
1600	981	1	0.0022486
1600	982	1	0.0022486
1600	983	1	0.0022486
1600	984	1	0.0022486
1600	985	1	0.0022486
1600	986	1	0.0022486
1600	987	1	0.0022486
1600	988	1	0.0022486
1600	989	1	0.0022486
1600	990	1	0.0022486
1600	991	1	0.0022486
1600	992	1	0.0022486
1600	993	1	0.0022486
1600	994	1	0.0022486
1600	995	1	0.0022486
1600	996	1	0.0022486
1600	997	1	0.0022486
1600	998	1	0.0022486
1600	999	1	0.0022486
1600	1000	1	0.0022486
1600	1001	1	0.0022486
1600	1002	1	0.0022486
1600	1003	1	0.0022486
1600	1004	1	0.0022486
1600	1005	1	0.0022486
1600	1006	1	0.0022486
1600	1007	1	0.0022486
1600	1008	1	0.0022486
1600	1009	1	0.0022486
1600	1010	1	0.0022486
1600	1011	1	0.0022486
1600	1012	1	0.0022486
1600	1013	1	0.0022486
1600	1014	1	0.0022486
1600	1015	1	0.0022486
1600	1016	1	0.0022486
1600	1017	1	0.0022486
1600	1018	1	0.0022486
1600	1019	1	0.0022486
1600	1020	1	0.0022486
1600	1021	1	0.0022486
1600	1022	1	0.0022486
1600	1023	1	0.0022486
1600	1024	1	0.0022486
1600	1025	1	0.0022486
1600	1026	1	0.0022486
1600	1027	1	0.0022486
1600	1028	1	0.0022486
1600	1029	1	0.0022486
1600	1030	1	0.0022486
1600	1031	1	0.0022486
1600	1032	1	0.0022486
1600	1033	1	0.0022486
1600	1034	1	0.0022486
1600	1035	1	0.0022486
1600	1036	1	0.0022486
1600	1037	1	0.0022486
1600	1038	1	0.0022486
1600	1039	1	0.0022486
1600	1040	1	0.0022486
1600	1041	1	0.0022486
1600	1042	1	0.0022486
1600	1043	1	0.0022486
1600	1044	1	0.0022486
1600	1045	1	0.0022486
1600	1046	1	0.0022486
1600	1047	1	0.0022486
1600	1048	1	0.0022486
1600	1049	1	0.0022486
1600	1050	1	0.0022486
1600	1051	1	0.0022486
1600	1052	1	0.0022486
1600	1053	1	0.0022486
1600	1054	1	0.0022486
1600	1055	1	0.0022486
1600	1056	1	0.0022486
1600	1057	1	0.0022486
1600	1058	1	0.0022486
1600	1059	1	0.0022486
1600	1060	1	0.0022486
1600	1061	1	0.0022486
1600	1062	1	0.0022486
1600	1063	1	0.0022486
1600	1064	1	0.0022486
1600	1065	1	0.0022486
1600	1066	1	0.0022486
1600	1067	1	0.0022486
1600	1068	1	0.0022486
1600	1069	1	0.0022486
1600	1070	1	0.0022486
1600	1071	1	0.0022486
1600	1072	1	0.0022486
1600	1073	1	0.0022486
1600	1074	1	0.0022486
1600	1075	1	0.0022486
1600	1076	1	0.0022486
1600	1077	1	0.0022486
1600	1078	1	0.0022486
1600	1079	1	0.0022486
1600	1080	1	0.0022486
1600	1081	1	0.0022486
1600	1082	1	0.0022486
1600	1083	1	0.0022486
1600	1084	1	0.0022486
1600	1085	1	0.0022486
1600	1086	1	0.0022486
1600	1087	1	0.0022486
1600	1088	1	0.0022486
1600	1089	1	0.0022486
1600	1090	1	0.0022486
1600	1091	1	0.0022486
1600	1092	1	0.0022486
1600	1093	1	0.0022486
1600	1094	1	0.0022486
1600	1095	1	0.0022486
1600	1096	1	0.0022486
1600	1097	1	0.0022486
1600	1098	1	0.0022486
1600	1099	1	0.0022486
1600	1100	1	0.0022486
1600	1101	1	0.0022486
1600	1102	1	0.0022486
1600	1103	1	0.0022486
1600	1104	1	0.0022486
1600	1105	1	0.0022486
1600	1106	1	0.0022486
1600	1107	1	0.0022486
1600	1108	1	0.0022486
1600	1109	1	0.0022486
1600	1110	1	0.0022486
1600	1111	1	0.0022486
1600	1112	1	0.0022486
1600	1113	1	0.0022486
1600	1114	1	0.0022486
1600	1115	1	0.0022486
1600	1116	1	0.0022486
1600	1117	1	0.0022486
1600	1118	1	0.0022486
1600	1119	1	0.0022486
1600	1120	1	0.0022486
1600	1121	1	0.0022486
1600	1122	1	0.0022486
1600	1123	1	0.0022486
1600	1124	1	0.0022486
1600	1125	1	0.0022486
1600	1126	1	0.0022486
1600	1127	1	0.0022486
1600	1128	1	0.0022486
1600	1129	1	0.0022486
1600	1130	1	0.0022486
1600	1131	1	0.0022486
1600	1132	1	0.0022486
1600	1133	1	0.0022486
1600	1134	1	0.0022486
1600	1135	1	0.0022486
1600	1136	1	0.0022486
1600	1137	1	0.0022486
1600	1138	1	0.0022486
1600	1139	1	0.0022486
1600	1140	1	0.0022486
1600	1141	1	0.0022486
1600	1142	1	0.0022486
1600	1143	1	0.0022486
1600	1144	1	0.0022486
1600	1145	1	0.0022486
1600	1146	1	0.0022486
1600	1147	1	0.0022486
1600	1148	1	0.0022486
1600	1149	1	0.0022486
1600	1150	1	0.0022486
1600	1151	1	0.0022486
1600	1152	1	0.0022486
1600	1153	1	0.0022486
1600	1154	1	0.0022486
1600	1155	1	0.0022486
1600	1156	1	0.0022486
1600	1157	1	0.0022486
1600	1158	1	0.0022486
1600	1159	1	0.0022486
1600	1160	1	0.0022486
1600	1161	1	0.0022486
1600	1162	1	0.0022486
1600	1163	1	0.0022486
1600	1164	1	0.0022486
1600	1165	1	0.0022486
1600	1166	1	0.0022486
1600	1167	1	0.0022486
1600	1168	1	0.0022486
1600	1169	1	0.0022486
1600	1170	1	0.0022486
1600	1171	1	0.0022486
1600	1172	1	0.0022486
1600	1173	1	0.0022486
1600	1174	1	0.0022486
1600	1175	1	0.0022486
1600	1176	1	0.0022486
1600	1177	1	0.0022486
1600	1178	1	0.0022486
1600	1179	1	0.0022486
1600	1180	1	0.0022486
1600	1181	1	0.0022486
1600	1182	1	0.0022486
1600	1183	1	0.0022486
1600	1184	1	0.0022486
1600	1185	1	0.0022486
1600	1186	1	0.0022486
1600	1187	1	0.0022486
1600	1188	1	0.0022486
1600	1189	1	0.0022486
1600	1190	1	0.0022486
1600	1191	1	0.0022486
1600	1192	1	0.0022486
1600	1193	1	0.0022486
1600	1194	1	0.0022486
1600	1195	1	0.0022486
1600	1196	1	0.0022486
1600	1197	1	0.0022486
1600	1198	1	0.0022486
1600	1199	1	0.0022486
1600	1200	1	0.0022486
1600	1201	1	0.0022486
1600	1202	1	0.0022486
1600	1203	1	0.0022486
1600	1204	1	0.0022486
1600	1205	1	0.0022486
1600	1206	1	0.0022486
1600	1207	1	0.0022486
1600	1208	1	0.0022486
1600	1209	1	0.0022486
1600	1210	1	0.0022486
1600	1211	1	0.0022486
1600	1212	1	0.0022486
1600	1213	1	0.0022486
1600	1214	1	0.0022486
1600	1215	1	0.0022486
1600	1216	1	0.0022486
1600	1217	1	0.0022486
1600	1218	1	0.0022486
1600	1219	1	0.0022486
1600	1220	1	0.0022486
1600	1221	1	0.0022486
1600	1222	1	0.0022486
1600	1223	1	0.0022486
1600	1224	1	0.0022486
1600	1225	1	0.0022486
1600	1226	1	0.0022486
1600	1227	1	0.0022486
1600	1228	1	0.0022486
1600	1229	1	0.0022486
1600	1230	1	0.0022486
1600	1231	1	0.0022486
1600	1232	1	0.0022486
1600	1233	1	0.0022486
1600	1234	1	0.0022486
1600	1235	1	0.0022486
1600	1236	1	0.0022486
1600	1237	1	0.0022486
1600	1238	1	0.0022486
1600	1239	1	0.0022486
1600	1240	1	0.0022486
1600	1241	1	0.0022486
1600	1242	1	0.0022486
1600	1243	1	0.0022486
1600	1244	1	0.0022486
1600	1245	1	0.0022486
1600	1246	1	0.0022486
1600	1247	1	0.0022486
1600	1248	1	0.0022486
1600	1249	1	0.0022486
1600	1250	1	0.0022486
1600	1251	1	0.0022486
1600	1252	1	0.0022486
1600	1253	1	0.0022486
1600	1254	1	0.0022486
1600	1255	1	0.0022486
1600	1256	1	0.0022486
1600	1257	1	0.0022486
1600	1258	1	0.0022486
1600	1259	1	0.0022486
1600	1260	1	0.0022486
1600	1261	1	0.0022486
1600	1262	1	0.0022486
1600	1263	1	0.0022486
1600	1264	1	0.0022486
1600	1265	1	0.0022486
1600	1266	1	0.0022486
1600	1267	1	0.0022486
1600	1268	1	0.0022486
1600	1269	1	0.0022486
1600	1270	1	0.0022486
1600	1271	1	0.0022486
1600	1272	1	0.0022486
1600	1273	1	0.0022486
1600	1274	1	0.0022486
1600	1275	1	0.0022486
1600	1276	1	0.0022486
1600	1277	1	0.0022486
1600	1278	1	0.0022486
1600	1279	1	0.0022486
1600	1280	1	0.0022486
1600	1281	1	0.0022486
1600	1282	1	0.0022486
1600	1283	1	0.0022486
1600	1284	1	0.0022486
1600	1285	1	0.0022486
1600	1286	1	0.0022486
1600	1287	1	0.0022486
1600	1288	1	0.0022486
1600	1289	1	0.0022486
1600	1290	1	0.0022486
1600	1291	1	0.0022486
1600	1292	1	0.0022486
1600	1293	1	0.0022486
1600	1294	1	0.0022486
1600	1295	1	0.0022486
1600	1296	1	0.0022486
1600	1297	1	0.0022486
1600	1298	1	0.0022486
1600	1299	1	0.0022486
1600	1300	1	0.0022486
1600	1301	1	0.0022486
1600	1302	1	0.0022486
1600	1303	1	0.0022486
1600	1304	1	0.0022486
1600	1305	1	0.0022486
1600	1306	1	0.0022486
1600	1307	1	0.0022486
1600	1308	1	0.0022486
1600	1309	1	0.0022486
1600	1310	1	0.0022486
1600	1311	1	0.0022486
1600	1312	1	0.0022486
1600	1313	1	0.0022486
1600	1314	1	0.0022486
1600	1315	1	0.0022486
1600	1316	1	0.0022486
1600	1317	1	0.0022486
1600	1318	1	0.0022486
1600	1319	1	0.0022486
1600	1320	1	0.0022486
1600	1321	1	0.0022486
1600	1322	1	0.0022486
1600	1323	1	0.0022486
1600	1324	1	0.0022486
1600	1325	1	0.0022486
1600	1326	1	0.0022486
1600	1327	1	0.0022486
1600	1328	1	0.0022486
1600	1329	1	0.0022486
1600	1330	1	0.0022486
1600	1331	1	0.0022486
1600	1332	1	0.0022486
1600	1333	1	0.0022486
1600	1334	1	0.0022486
1600	1335	1	0.0022486
1600	1336	1	0.0022486
1600	1337	1	0.0022486
1600	1338	1	0.0022486
1600	1339	1	0.0022486
1600	1340	1	0.0022486
1600	1341	1	0.0022486
1600	1342	1	0.0022486
1600	1343	1	0.0022486
1600	1344	1	0.0022486
1600	1345	1	0.0022486
1600	1346	1	0.0022486
1600	1347	1	0.0022486
1600	1348	1	0.0022486
1600	1349	1	0.0022486
1600	1350	1	0.0022486
1600	1351	1	0.0022486
1600	1352	1	0.0022486
1600	1353	1	0.0022486
1600	1354	1	0.0022486
1600	1355	1	0.0022486
1600	1356	1	0.0022486
1600	1357	1	0.0022486
1600	1358	1	0.0022486
1600	1359	1	0.0022486
1600	1360	1	0.0022486
1600	1361	1	0.0022486
1600	1362	1	0.0022486
1600	1363	1	0.0022486
1600	1364	1	0.0022486
1600	1365	1	0.0022486
1600	1366	1	0.0022486
1600	1367	1	0.0022486
1600	1368	1	0.0022486
1600	1369	1	0.0022486
1600	1370	1	0.0022486
1600	1371	1	0.0022486
1600	1372	1	0.0022486
1600	1373	1	0.0022486
1600	1374	1	0.0022486
1600	1375	1	0.0022486
1600	1376	1	0.0022486
1600	1377	1	0.0022486
1600	1378	1	0.0022486
1600	1379	1	0.0022486
1600	1380	1	0.0022486
1600	1381	1	0.0022486
1600	1382	1	0.0022486
1600	1383	1	0.0022486
1600	1384	1	0.0022486
1600	1385	1	0.0022486
1600	1386	1	0.0022486
1600	1387	1	0.0022486
1600	1388	1	0.0022486
1600	1389	1	0.0022486
1600	1390	1	0.0022486
1600	1391	1	0.0022486
1600	1392	1	0.0022486
1600	1393	1	0.0022486
1600	1394	1	0.0022486
1600	1395	1	0.0022486
1600	1396	1	0.0022486
1600	1397	1	0.0022486
1600	1398	1	0.0022486
1600	1399	1	0.0022486
1600	1400	1	0.0022486
1600	1401	1	0.0022486
1600	1402	1	0.0022486
1600	1403	1	0.0022486
1600	1404	1	0.0022486
1600	1405	1	0.0022486
1600	1406	1	0.0022486
1600	1407	1	0.0022486
1600	1408	1	0.0022486
1600	1409	1	0.0022486
1600	1410	1	0.0022486
1600	1411	1	0.0022486
1600	1412	1	0.0022486
1600	1413	1	0.0022486
1600	1414	1	0.0022486
1600	1415	1	0.0022486
1600	1416	1	0.0022486
1600	1417	1	0.0022486
1600	1418	1	0.0022486
1600	1419	1	0.0022486
1600	1420	1	0.0022486
1600	1421	1	0.0022486
1600	1422	1	0.0022486
1600	1423	1	0.0022486
1600	1424	1	0.0022486
1600	1425	1	0.0022486
1600	1426	1	0.0022486
1600	1427	1	0.0022486
1600	1428	1	0.0022486
1600	1429	1	0.0022486
1600	1430	1	0.0022486
1600	1431	1	0.0022486
1600	1432	1	0.0022486
1600	1433	1	0.0022486
1600	1434	1	0.0022486
1600	1435	1	0.0022486
1600	1436	1	0.0022486
1600	1437	1	0.0022486
1600	1438	1	0.0022486
1600	1439	1	0.0022486
1600	1440	1	0.0022486
1600	1441	1	0.0022486
1600	1442	1	0.0022486
1600	1443	1	0.0022486
1600	1444	1	0.0022486
1600	1445	1	0.0022486
1600	1446	1	0.0022486
1600	1447	1	0.0022486
1600	1448	1	0.0022486
1600	1449	1	0.0022486
1600	1450	1	0.0022486
1600	1451	1	0.0022486
1600	1452	1	0.0022486
1600	1453	1	0.0022486
1600	1454	1	0.0022486
1600	1455	1	0.0022486
1600	1456	1	0.0022486
1600	1457	1	0.0022486
1600	1458	1	0.0022486
1600	1459	1	0.0022486
1600	1460	1	0.0022486
1600	1461	1	0.0022486
1600	1462	1	0.0022486
1600	1463	1	0.0022486
1600	1464	1	0.0022486
1600	1465	1	0.0022486
1600	1466	1	0.0022486
1600	1467	1	0.0022486
1600	1468	1	0.0022486
1600	1469	1	0.0022486
1600	1470	1	0.0022486
1600	1471	1	0.0022486
1600	1472	1	0.0022486
1600	1473	1	0.0022486
1600	1474	1	0.0022486
1600	1475	1	0.0022486
1600	1476	1	0.0022486
1600	1477	1	0.0022486
1600	1478	1	0.0022486
1600	1479	1	0.0022486
1600	1480	1	0.0022486
1600	1481	1	0.0022486
1600	1482	1	0.0022486
1600	1483	1	0.0022486
1600	1484	1	0.0022486
1600	1485	1	0.0022486
1600	1486	1	0.0022486
1600	1487	1	0.0022486
1600	1488	1	0.0022486
1600	1489	1	0.0022486
1600	1490	1	0.0022486
1600	1491	1	0.0022486
1600	1492	1	0.0022486
1600	1493	1	0.0022486
1600	1494	1	0.0022486
1600	1495	1	0.0022486
1600	1496	1	0.0022486
1600	1497	1	0.0022486
1600	1498	1	0.0022486
1600	1499	1	0.0022486
1600	1500	1	0.0022486
1600	1501	1	0.0022486
1600	1502	1	0.0022486
1600	1503	1	0.0022486
1600	1504	1	0.0022486
1600	1505	1	0.0022486
1600	1506	1	0.0022486
1600	1507	1	0.0022486
1600	1508	1	0.0022486
1600	1509	1	0.0022486
1600	1510	1	0.0022486
1600	1511	1	0.0022486
1600	1512	1	0.0022486
1600	1513	1	0.0022486
1600	1514	1	0.0022486
1600	1515	1	0.0022486
1600	1516	1	0.0022486
1600	1517	1	0.0022486
1600	1518	1	0.0022486
1600	1519	1	0.0022486
1600	1520	1	0.0022486
1600	1521	1	0.0022486
1600	1522	1	0.0022486
1600	1523	1	0.0022486
1600	1524	1	0.0022486
1600	1525	1	0.0022486
1600	1526	1	0.0022486
1600	1527	1	0.0022486
1600	1528	1	0.0022486
1600	1529	1	0.0022486
1600	1530	1	0.0022486
1600	1531	1	0.0022486
1600	1532	1	0.0022486
1600	1533	1	0.0022486
1600	1534	1	0.0022486
1600	1535	1	0.0022486
1600	1536	1	0.0022486
1600	1537	1	0.0022486
1600	1538	1	0.0022486
1600	1539	1	0.0022486
1600	1540	1	0.0022486
1600	1541	1	0.0022486
1600	1542	1	0.0022486
1600	1543	1	0.0022486
1600	1544	1	0.0022486
1600	1545	1	0.0022486
1600	1546	1	0.0022486
1600	1547	1	0.0022486
1600	1548	1	0.0022486
1600	1549	1	0.0022486
1600	1550	1	0.0022486
1600	1551	1	0.0022486
1600	1552	1	0.0022486
1600	1553	1	0.0022486
1600	1554	1	0.0022486
1600	1555	1	0.0022486
1600	1556	1	0.0022486
1600	1557	1	0.0022486
1600	1558	1	0.0022486
1600	1559	1	0.0022486
1600	1560	1	0.0022486
1600	1561	1	0.0022486
1600	1562	1	0.0022486
1600	1563	1	0.0022486
1600	1564	1	0.0022486
1600	1565	1	0.0022486
1600	1566	1	0.0022486
1600	1567	1	0.0022486
1600	1568	1	0.0022486
1600	1569	1	0.0022486
1600	1570	1	0.0022486
1600	1571	1	0.0022486
1600	1572	1	0.0022486
1600	1573	1	0.0022486
1600	1574	1	0.0022486
1600	1575	1	0.0022486
1600	1576	1	0.0022486
1600	1577	1	0.0022486
1600	1578	1	0.0022486
1600	1579	1	0.0022486
1600	1580	1	0.0022486
1600	1581	1	0.0022486
1600	1582	1	0.0022486
1600	1583	1	0.0022486
1600	1584	1	0.0022486
1600	1585	1	0.0022486
1600	1586	1	0.0022486
1600	1587	1	0.0022486
1600	1588	1	0.0022486
1600	1589	1	0.0022486
1600	1590	1	0.0022486
1600	1591	1	0.0022486
1600	1592	1	0.0022486
1600	1593	1	0.0022486
1600	1594	1	0.0022486
1600	1595	1	0.0022486
1600	1596	1	0.0022486
1600	1597	1	0.0022486
1600	1598	1	0.0022486
1600	1599	1	0.0022486
1600	1600	1	0.0022486
1600	1601	1	0.0022486
1600	1602	1	0.0022486
1600	1603	1	0.0022486
1600	1604	1	0.0022486
1600	1605	1	0.0022486
1600	1606	1	0.0022486
1600	1607	1	0.0022486
1600	1608	1	0.0022486
1600	1609	1	0.0022486
1600	1610	1	0.0022486
1600	1611	1	0.0022486
1600	1612	1	0.0022486
1600	1613	1	0.0022486
1600	1614	1	0.0022486
1600	1615	1	0.0022486
1600	1616	1	0.0022486
1600	1617	1	0.0022486
1600	1618	1	0.0022486
1600	1619	1	0.0022486
1600	1620	1	0.0022486
1600	1621	1	0.0022486
1600	1622	1	0.0022486
1600	1623	1	0.0022486
1600	1624	1	0.0022486
1600	1625	1	0.0022486
1600	1626	1	0.0022486
1600	1627	1	0.0022486
1600	1628	1	0.0022486
1600	1629	1	0.0022486
1600	1630	1	0.0022486
1600	1631	1	0.0022486
1600	1632	1	0.0022486
1600	1633	1	0.0022486
1600	1634	1	0.0022486
1600	1635	1	0.0022486
1600	1636	1	0.0022486
1600	1637	1	0.0022486
1600	1638	1	0.0022486
1600	1639	1	0.0022486
1600	1640	1	0.0022486
1600	1641	1	0.0022486
1600	1642	1	0.0022486
1600	1643	1	0.0022486
1600	1644	1	0.0022486
1600	1645	1	0.0022486
1600	1646	1	0.0022486
1600	1647	1	0.0022486
1600	1648	1	0.0022486
1600	1649	1	0.0022486
1600	1650	1	0.0022486
1600	1651	1	0.0022486
1600	1652	1	0.0022486
1600	1653	1	0.0022486
1600	1654	1	0.0022486
1600	1655	1	0.0022486
1600	1656	1	0.0022486
1600	1657	1	0.0022486
1600	1658	1	0.0022486
1600	1659	1	0.0022486
1600	1660	1	0.0022486
1600	1661	1	0.0022486
1600	1662	1	0.0022486
1600	1663	1	0.0022486
1600	1664	1	0.0022486
1600	1665	1	0.0022486
1600	1666	1	0.0022486
1600	1667	1	0.0022486
1600	1668	1	0.0022486
1600	1669	1	0.0022486
1600	1670	1	0.0022486
1600	1671	1	0.0022486
1600	1672	1	0.0022486
1600	1673	1	0.0022486
1600	1674	1	0.0022486
1600	1675	1	0.0022486
1600	1676	1	0.0022486
1600	1677	1	0.0022486
1600	1678	1	0.0022486
1600	1679	1	0.0022486
1600	1680	1	0.0022486
1600	1681	1	0.0022486
1600	1682	1	0.0022486
1600	1683	1	0.0022486
1600	1684	1	0.0022486
1600	1685	1	0.0022486
1600	1686	1	0.0022486
1600	1687	1	0.0022486
1600	1688	1	0.0022486
1600	1689	1	0.0022486
1600	1690	1	0.0022486
1600	1691	1	0.0022486
1600	1692	1	0.0022486
1600	1693	1	0.0022486
1600	1694	1	0.0022486
1600	1695	1	0.0022486
1600	1696	1	0.0022486
1600	1697	1	0.0022486
1600	1698	1	0.0022486
1600	1699	1	0.0022486
1600	1700	1	0.0022486
1600	1701	1	0.0022486
1600	1702	1	0.0022486
1600	1703	1	0.0022486
1600	1704	1	0.0022486
1600	1705	1	0.0022486
1600	1706	1	0.0022486
1600	1707	1	0.0022486
1600	1708	1	0.0022486
1600	1709	1	0.0022486
1600	1710	1	0.0022486
1600	1711	1	0.0022486
1600	1712	1	0.0022486
1600	1713	1	0.0022486
1600	1714	1	0.0022486
1600	1715	1	0.0022486
1600	1716	1	0.0022486
1600	1717	1	0.0022486
1600	1718	1	0.0022486
1600	1719	1	0.0022486
1600	1720	1	0.0022486
1600	1721	1	0.0022486
1600	1722	1	0.0022486
1600	1723	1	0.0022486
1600	1724	1	0.0022486
1600	1725	1	0.0022486
1600	1726	1	0.0022486
1600	1727	1	0.0022486
1600	1728	1	0.0022486
1600	1729	1	0.0022486
1600	1730	1	0.0022486
1600	1731	1	0.0022486
1600	1732	1	0.0022486
1600	1733	1	0.0022486
1600	1734	1	0.0022486
1600	1735	1	0.0022486
1600	1736	1	0.0022486
1600	1737	1	0.0022486
1600	1738	1	0.0022486
1600	1739	1	0.0022486
1600	1740	1	0.0022486
1600	1741	1	0.0022486
1600	1742	1	0.0022486
1600	1743	1	0.0022486
1600	1744	1	0.0022486
1600	1745	1	0.0022486
1600	1746	1	0.0022486
1600	1747	1	0.0022486
1600	1748	1	0.0022486
1600	1749	1	0.0022486
1600	1750	1	0.0022486
1600	1751	1	0.0022486
1600	1752	1	0.0022486
1600	1753	1	0.0022486
1600	1754	1	0.0022486
1600	1755	1	0.0022486
1600	1756	1	0.0022486
1600	1757	1	0.0022486
1600	1758	1	0.0022486
1600	1759	1	0.0022486
1600	1760	1	0.0022486
1600	1761	1	0.0022486
1600	1762	1	0.0022486
1600	1763	1	0.0022486
1600	1764	1	0.0022486
1600	1765	1	0.0022486
1600	1766	1	0.0022486
1600	1767	1	0.0022486
1600	1768	1	0.0022486
1600	1769	1	0.0022486
1600	1770	1	0.0022486
1600	1771	1	0.0022486
1600	1772	1	0.0022486
1600	1773	1	0.0022486
1600	1774	1	0.0022486
1600	1775	1	0.0022486
1600	1776	1	0.0022486
1600	1777	1	0.0022486
1600	1778	1	0.0022486
1600	1779	1	0.0022486
1600	1780	1	0.0022486
1600	1781	1	0.0022486
1600	1782	1	0.0022486
1600	1783	1	0.0022486
1600	1784	1	0.0022486
1600	1785	1	0.0022486
1600	1786	1	0.0022486
1600	1787	1	0.0022486
1600	1788	1	0.0022486
1600	1789	1	0.0022486
1600	1790	1	0.0022486
1600	1791	1	0.0022486
1600	1792	1	0.0022486
1600	1793	1	0.0022486
1600	1794	1	0.0022486
1600	1795	1	0.0022486
1600	1796	1	0.0022486
1600	1797	1	0.0022486
1600	1798	1	0.0022486
1600	1799	1	0.0022486
1600	1800	1	0.0022486
1600	1801	1	0.0022486
1600	1802	1	0.0022486
1600	1803	1	0.0022486
1600	1804	1	0.0022486
1600	1805	1	0.0022486
1600	1806	1	0.0022486
1600	1807	1	0.0022486
1600	1808	1	0.0022486
1600	1809	1	0.0022486
1600	1810	1	0.0022486
1600	1811	1	0.0022486
1600	1812	1	0.0022486
1600	1813	1	0.0022486
1600	1814	1	0.0022486
1600	1815	1	0.0022486
1600	1816	1	0.0022486
1600	1817	1	0.0022486
1600	1818	1	0.0022486
1600	1819	1	0.0022486
1600	1820	1	0.0022486
1600	1821	1	0.0022486
1600	1822	1	0.0022486
1600	1823	1	0.0022486
1600	1824	1	0.0022486
1600	1825	1	0.0022486
1600	1826	1	0.0022486
1600	1827	1	0.0022486
1600	1828	1	0.0022486
1600	1829	1	0.0022486
1600	1830	1	0.0022486
1600	1831	1	0.0022486
1600	1832	1	0.0022486
1600	1833	1	0.0022486
1600	1834	1	0.0022486
1600	1835	1	0.0022486
1600	1836	1	0.0022486
1600	1837	1	0.0022486
1600	1838	1	0.0022486
1600	1839	1	0.0022486
1600	1840	1	0.0022486
1600	1841	1	0.0022486
1600	1842	1	0.0022486
1600	1843	1	0.0022486
1600	1844	1	0.0022486
1600	1845	1	0.0022486
1600	1846	1	0.0022486
1600	1847	1	0.0022486
1600	1848	1	0.0022486
1600	1849	1	0.0022486
1600	1850	1	0.0022486
1600	1851	1	0.0022486
1600	1852	1	0.0022486
1600	1853	1	0.0022486
1600	1854	1	0.0022486
1600	1855	1	0.0022486
1600	1856	1	0.0022486
1600	1857	1	0.0022486
1600	1858	1	0.0022486
1600	1859	1	0.0022486
1600	1860	1	0.0022486
1600	1861	1	0.0022486
1600	1862	1	0.0022486
1600	1863	1	0.0022486
1600	1864	1	0.0022486
1600	1865	1	0.0022486
1600	1866	1	0.0022486
1600	1867	1	0.0022486
1600	1868	1	0.0022486
1600	1869	1	0.0022486
1600	1870	1	0.0022486
1600	1871	1	0.0022486
1600	1872	1	0.0022486
1600	1873	1	0.0022486
1600	1874	1	0.0022486
1600	1875	1	0.0022486
1600	1876	1	0.0022486
1600	1877	1	0.0022486
1600	1878	1	0.0022486
1600	1879	1	0.0022486
1600	1880	1	0.0022486
1600	1881	1	0.0022486
1600	1882	1	0.0022486
1600	1883	1	0.0022486
1600	1884	1	0.0022486
1600	1885	1	0.0022486
1600	1886	1	0.0022486
1600	1887	1	0.0022486
1600	1888	1	0.0022486
1600	1889	1	0.0022486
1600	1890	1	0.0022486
1600	1891	1	0.0022486
1600	1892	1	0.0022486
1600	1893	1	0.0022486
1600	1894	1	0.0022486
1600	1895	1	0.0022486
1600	1896	1	0.0022486
1600	1897	1	0.0022486
1600	1898	1	0.0022486
1600	1899	1	0.0022486
1600	1900	1	0.0022486
1600	1901	1	0.0022486
1600	1902	1	0.0022486
1600	1903	1	0.0022486
1600	1904	1	0.0022486
1600	1905	1	0.0022486
1600	1906	1	0.0022486
1600	1907	1	0.0022486
1600	1908	1	0.0022486
1600	1909	1	0.0022486
1600	1910	1	0.0022486
1600	1911	1	0.0022486
1600	1912	1	0.0022486
1600	1913	1	0.0022486
1600	1914	1	0.0022486
1600	1915	1	0.0022486
1600	1916	1	0.0022486
1600	1917	1	0.0022486
1600	1918	1	0.0022486
1600	1919	1	0.0022486
1600	1920	1	0.0022486
1600	1921	1	0.0022486
1600	1922	1	0.0022486
1600	1923	1	0.0022486
1600	1924	1	0.0022486
1600	1925	1	0.0022486
1600	1926	1	0.0022486
1600	1927	1	0.0022486
1600	1928	1	0.0022486
1600	1929	1	0.0022486
1600	1930	1	0.0022486
1600	1931	1	0.0022486
1600	1932	1	0.0022486
1600	1933	1	0.0022486
1600	1934	1	0.0022486
1600	1935	1	0.0022486
1600	1936	1	0.0022486
1600	1937	1	0.0022486
1600	1938	1	0.0022486
1600	1939	1	0.0022486
1600	1940	1	0.0022486
1600	1941	1	0.0022486
1600	1942	1	0.0022486
1600	1943	1	0.0022486
1600	1944	1	0.0022486
1600	1945	1	0.0022486
1600	1946	1	0.0022486
1600	1947	1	0.0022486
1600	1948	1	0.0022486
1600	1949	1	0.0022486
1600	1950	1	0.0022486
1600	1951	1	0.0022486
1600	1952	1	0.0022486
1600	1953	1	0.0022486
1600	1954	1	0.0022486
1600	1955	1	0.0022486
1600	1956	1	0.0022486
1600	1957	1	0.0022486
1600	1958	1	0.0022486
1600	1959	1	0.0022486
1600	1960	1	0.0022486
1600	1961	1	0.0022486
1600	1962	1	0.0022486
1600	1963	1	0.0022486
1600	1964	1	0.0022486
1600	1965	1	0.0022486
1600	1966	1	0.0022486
1600	1967	1	0.0022486
1600	1968	1	0.0022486
1600	1969	1	0.0022486
1600	1970	1	0.0022486
1600	1971	1	0.0022486
1600	1972	1	0.0022486
1600	1973	1	0.0022486
1600	1974	1	0.0022486
1600	1975	1	0.0022486
1600	1976	1	0.0022486
1600	1977	1	0.0022486
1600	1978	1	0.0022486
1600	1979	1	0.0022486
1600	1980	1	0.0022486
1600	1981	1	0.0022486
1600	1982	1	0.0022486
1600	1983	1	0.0022486
1600	1984	1	0.0022486
1600	1985	1	0.0022486
1600	1986	1	0.0022486
1600	1987	1	0.0022486
1600	1988	1	0.0022486
1600	1989	1	0.0022486
1600	1990	1	0.0022486
1600	1991	1	0.0022486
1600	1992	1	0.0022486
1600	1993	1	0.0022486
1600	1994	1	0.0022486
1600	1995	1	0.0022486
1600	1996	1	0.0022486
1600	1997	1	0.0022486
1600	1998	1	0.0022486
1600	1999	1	0.0022486
1600	2000	1	0.0022486
1600	2001	1	0.0022486
1600	2002	1	0.0022486
1600	2003	1	0.0022486
1600	2004	1	0.0022486
1600	2005	1	0.0022486
1600	2006	1	0.0022486
1600	2007	1	0.0022486
1600	2008	1	0.0022486
1600	2009	1	0.0022486
1600	2010	1	0.0022486
1600	2011	1	0.0022486
1600	2012	1	0.0022486
1600	2013	1	0.0022486
1600	2014	1	0.0022486
1600	2015	1	0.0022486
1600	2016	1	0.0022486
1600	2017	1	0.0022486
1600	2018	1	0.0022486
1600	2019	1	0.0022486
1600	2020	1	0.0022486
1600	2021	1	0.0022486
1600	2022	1	0.0022486
1600	2023	1	0.0022486
1600	2024	1	0.0022486
1600	2025	1	0.0022486
1600	2026	1	0.0022486
1600	2027	1	0.0022486
1600	2028	1	0.0022486
1600	2029	1	0.0022486
1600	2030	1	0.0022486
1600	2031	1	0.0022486
1600	2032	1	0.0022486
1600	2033	1	0.0022486
1600	2034	1	0.0022486
1600	2035	1	0.0022486
1600	2036	1	0.0022486
1600	2037	1	0.0022486
1600	2038	1	0.0022486
1600	2039	1	0.0022486
1600	2040	1	0.0022486
1600	2041	1	0.0022486
1600	2042	1	0.0022486
1600	2043	1	0.0022486
1600	2044	1	0.0022486
1600	2045	1	0.0022486
1600	2046	1	0.0022486
1600	2047	1	0.0022486
1600	2048	1	0.0022486
1600	2049	1	0.0022486
1600	2050	1	0.0022486
1600	2051	1	0.0022486
1600	2052	1	0.0022486
1600	2053	1	0.0022486
1600	2054	1	0.0022486
1600	2055	1	0.0022486
1600	2056	1	0.0022486
1600	2057	1	0.0022486
1600	2058	1	0.0022486
1600	2059	1	0.0022486
1600	2060	1	0.0022486
1600	2061	1	0.0022486
1600	2062	1	0.0022486
1600	2063	1	0.0022486
1600	2064	1	0.0022486
1600	2065	1	0.0022486
1600	2066	1	0.0022486
1600	2067	1	0.0022486
1600	2068	1	0.0022486
1600	2069	1	0.0022486
1600	2070	1	0.0022486
1600	2071	1	0.0022486
1600	2072	1	0.0022486
1600	2073	1	0.0022486
1600	2074	1	0.0022486
1600	2075	1	0.0022486
1600	2076	1	0.0022486
1600	2077	1	0.0022486
1600	2078	1	0.0022486
1600	2079	1	0.0022486
1600	2080	1	0.0022486
1600	2081	1	0.0022486
1600	2082	1	0.0022486
1600	2083	1	0.0022486
1600	2084	1	0.0022486
1600	2085	1	0.0022486
1600	2086	1	0.0022486
1600	2087	1	0.0022486
1600	2088	1	0.0022486
1600	2089	1	0.0022486
1600	2090	1	0.0022486
1600	2091	1	0.0022486
1600	2092	1	0.0022486
1600	2093	1	0.0022486
1600	2094	1	0.0022486
1600	2095	1	0.0022486
1600	2096	1	0.0022486
1600	2097	1	0.0022486
1600	2098	1	0.0022486
1600	2099	1	0.0022486
1600	2100	1	0.0022486
1600	2101	1	0.0022486
1600	2102	1	0.0022486
1600	2103	1	0.0022486
1600	2104	1	0.0022486
1600	2105	1	0.0022486
1600	2106	1	0.0022486
1600	2107	1	0.0022486
1600	2108	1	0.0022486
1600	2109	1	0.0022486
1600	2110	1	0.0022486
1600	2111	1	0.0022486
1600	2112	1	0.0022486
1600	2113	1	0.0022486
1600	2114	1	0.0022486
1600	2115	1	0.0022486
1600	2116	1	0.0022486
1600	2117	1	0.0022486
1600	2118	1	0.0022486
1600	2119	1	0.0022486
1600	2120	1	0.0022486
1600	2121	1	0.0022486
1600	2122	1	0.0022486
1600	2123	1	0.0022486
1600	2124	1	0.0022486
1600	2125	1	0.0022486
1600	2126	1	0.0022486
1600	2127	1	0.0022486
1600	2128	1	0.0022486
1600	2129	1	0.0022486
1600	2130	1	0.0022486
1600	2131	1	0.0022486
1600	2132	1	0.0022486
1600	2133	1	0.0022486
1600	2134	1	0.0022486
1600	2135	1	0.0022486
1600	2136	1	0.0022486
1600	2137	1	0.0022486
1600	2138	1	0.0022486
1600	2139	1	0.0022486
1600	2140	1	0.0022486
1600	2141	1	0.0022486
1600	2142	1	0.0022486
1600	2143	1	0.0022486
1600	2144	1	0.0022486
1600	2145	1	0.0022486
1600	2146	1	0.0022486
1600	2147	1	0.0022486
1600	2148	1	0.0022486
1600	2149	1	0.0022486
1600	2150	1	0.0022486
1600	2151	1	0.0022486
1600	2152	1	0.0022486
1600	2153	1	0.0022486
1600	2154	1	0.0022486
1600	2155	1	0.0022486
1600	2156	1	0.0022486
1600	2157	1	0.0022486
1600	2158	1	0.0022486
1600	2159	1	0.0022486
1600	2160	1	0.0022486
1600	2161	1	0.0022486
1600	2162	1	0.0022486
1600	2163	1	0.0022486
1600	2164	1	0.0022486
1600	2165	1	0.0022486
1600	2166	1	0.0022486
1600	2167	1	0.0022486
1600	2168	1	0.0022486
1600	2169	1	0.0022486
1600	2170	1	0.0022486
1600	2171	1	0.0022486
1600	2172	1	0.0022486
1600	2173	1	0.0022486
1600	2174	1	0.0022486
1600	2175	1	0.0022486
1600	2176	1	0.0022486
1600	2177	1	0.0022486
1600	2178	1	0.0022486
1600	2179	1	0.0022486
1600	2180	1	0.0022486
1600	2181	1	0.0022486
1600	2182	1	0.0022486
1600	2183	1	0.0022486
1600	2184	1	0.0022486
1600	2185	1	0.0022486
1600	2186	1	0.0022486
1600	2187	1	0.0022486
1600	2188	1	0.0022486
1600	2189	1	0.0022486
1600	2190	1	0.0022486
1600	2191	1	0.0022486
1600	2192	1	0.0022486
1600	2193	1	0.0022486
1600	2194	1	0.0022486
1600	2195	1	0.0022486
1600	2196	1	0.0022486
1600	2197	1	0.0022486
1600	2198	1	0.0022486
1600	2199	1	0.0022486
1600	2200	1	0.0022486
1600	2201	1	0.0022486
1600	2202	1	0.0022486
1600	2203	1	0.0022486
1600	2204	1	0.0022486
1600	2205	1	0.0022486
1600	2206	1	0.0022486
1600	2207	1	0.0022486
1600	2208	1	0.0022486
1600	2209	1	0.0022486
1600	2210	1	0.0022486
1600	2211	1	0.0022486
1600	2212	1	0.0022486
1600	2213	1	0.0022486
1600	2214	1	0.0022486
1600	2215	1	0.0022486
1600	2216	1	0.0022486
1600	2217	1	0.0022486
1600	2218	1	0.0022486
1600	2219	1	0.0022486
1600	2220	1	0.0022486
1600	2221	1	0.0022486
1600	2222	1	0.0022486
1600	2223	1	0.0022486
1600	2224	1	0.0022486
1600	2225	1	0.0022486
1600	2226	1	0.0022486
1600	2227	1	0.0022486
1600	2228	1	0.0022486
1600	2229	1	0.0022486
1600	2230	1	0.0022486
1600	2231	1	0.0022486
1600	2232	1	0.0022486
1600	2233	1	0.0022486
1600	2234	1	0.0022486
1600	2235	1	0.0022486
1600	2236	1	0.0022486
1600	2237	1	0.0022486
1600	2238	1	0.0022486
1600	2239	1	0.0022486
1600	2240	1	0.0022486
1600	2241	1	0.0022486
1600	2242	1	0.0022486
1600	2243	1	0.0022486
1600	2244	1	0.0022486
1600	2245	1	0.0022486
1600	2246	1	0.0022486
1600	2247	1	0.0022486
1600	2248	1	0.0022486
1600	2249	1	0.0022486
1600	2250	1	0.0022486
1600	2251	1	0.0022486
1600	2252	1	0.0022486
1600	2253	1	0.0022486
1600	2254	1	0.0022486
1600	2255	1	0.0022486
1600	2256	1	0.0022486
1600	2257	1	0.0022486
1600	2258	1	0.0022486
1600	2259	1	0.0022486
1600	2260	1	0.0022486
1600	2261	1	0.0022486
1600	2262	1	0.0022486
1600	2263	1	0.0022486
1600	2264	1	0.0022486
1600	2265	1	0.0022486
1600	2266	1	0.0022486
1600	2267	1	0.0022486
1600	2268	1	0.0022486
1600	2269	1	0.0022486
1600	2270	1	0.0022486
1600	2271	1	0.0022486
1600	2272	1	0.0022486
1600	2273	1	0.0022486
1600	2274	1	0.0022486
1600	2275	1	0.0022486
1600	2276	1	0.0022486
1600	2277	1	0.0022486
1600	2278	1	0.0022486
1600	2279	1	0.0022486
1600	2280	1	0.0022486
1600	2281	1	0.0022486
1600	2282	1	0.0022486
1600	2283	1	0.0022486
1600	2284	1	0.0022486
1600	2285	1	0.0022486
1600	2286	1	0.0022486
1600	2287	1	0.0022486
1600	2288	1	0.0022486
1600	2289	1	0.0022486
1600	2290	1	0.0022486
1600	2291	1	0.0022486
1600	2292	1	0.0022486
1600	2293	1	0.0022486
1600	2294	1	0.0022486
1600	2295	1	0.0022486
1600	2296	1	0.0022486
1600	2297	1	0.0022486
1600	2298	1	0.0022486
1600	2299	1	0.0022486
1600	2300	1	0.0022486
1600	2301	1	0.0022486
1600	2302	1	0.0022486
1600	2303	1	0.0022486
1600	2304	1	0.0022486
1600	2305	1	0.0022486
1600	2306	1	0.0022486
1600	2307	1	0.0022486
1600	2308	1	0.0022486
1600	2309	1	0.0022486
1600	2310	1	0.0022486
1600	2311	1	0.0022486
1600	2312	1	0.0022486
1600	2313	1	0.0022486
1600	2314	1	0.0022486
1600	2315	1	0.0022486
1600	2316	1	0.0022486
1600	2317	1	0.0022486
1600	2318	1	0.0022486
1600	2319	1	0.0022486
1600	2320	1	0.0022486
1600	2321	1	0.0022486
1600	2322	1	0.0022486
1600	2323	1	0.0022486
1600	2324	1	0.0022486
1600	2325	1	0.0022486
1600	2326	1	0.0022486
1600	2327	1	0.0022486
1600	2328	1	0.0022486
1600	2329	1	0.0022486
1600	2330	1	0.0022486
1600	2331	1	0.0022486
1600	2332	1	0.0022486
1600	2333	1	0.0022486
1600	2334	1	0.0022486
1600	2335	1	0.0022486
1600	2336	1	0.0022486
1600	2337	1	0.0022486
1600	2338	1	0.0022486
1600	2339	1	0.0022486
1600	2340	1	0.0022486
1600	2341	1	0.0022486
1600	2342	1	0.0022486
1600	2343	1	0.0022486
1600	2344	1	0.0022486
1600	2345	1	0.0022486
1600	2346	1	0.0022486
1600	2347	1	0.0022486
1600	2348	1	0.0022486
1600	2349	1	0.0022486
1600	2350	1	0.0022486
1600	2351	1	0.0022486
1600	2352	1	0.0022486
1600	2353	1	0.0022486
1600	2354	1	0.0022486
1600	2355	1	0.0022486
1600	2356	1	0.0022486
1600	2357	1	0.0022486
1600	2358	1	0.0022486
1600	2359	1	0.0022486
1600	2360	1	0.0022486
1600	2361	1	0.0022486
1600	2362	1	0.0022486
1600	2363	1	0.0022486
1600	2364	1	0.0022486
1600	2365	1	0.0022486
1600	2366	1	0.0022486
1600	2367	1	0.0022486
1600	2368	1	0.0022486
1600	2369	1	0.0022486
1600	2370	1	0.0022486
1600	2371	1	0.0022486
1600	2372	1	0.0022486
1600	2373	1	0.0022486
1600	2374	1	0.0022486
1600	2375	1	0.0022486
1600	2376	1	0.0022486
1600	2377	1	0.0022486
1600	2378	1	0.0022486
1600	2379	1	0.0022486
1600	2380	1	0.0022486
1600	2381	1	0.0022486
1600	2382	1	0.0022486
1600	2383	1	0.0022486
1600	2384	1	0.0022486
1600	2385	1	0.0022486
1600	2386	1	0.0022486
1600	2387	1	0.0022486
1600	2388	1	0.0022486
1600	2389	1	0.0022486
1600	2390	1	0.0022486
1600	2391	1	0.0022486
1600	2392	1	0.0022486
1600	2393	1	0.0022486
1600	2394	1	0.0022486
1600	2395	1	0.0022486
1600	2396	1	0.0022486
1600	2397	1	0.0022486
1600	2398	1	0.0022486
1600	2399	1	0.0022486
1600	2400	1	0.0022486
1600	2401	1	0.0022486
1600	2402	1	0.0022486
1600	2403	1	0.0022486
1600	2404	1	0.0022486
1600	2405	1	0.0022486
1600	2406	1	0.0022486
1600	2407	1	0.0022486
1600	2408	1	0.0022486
1600	2409	1	0.0022486
1600	2410	1	0.0022486
1600	2411	1	0.0022486
1600	2412	1	0.0022486
1600	2413	1	0.0022486
1600	2414	1	0.0022486
1600	2415	1	0.0022486
1600	2416	1	0.0022486
1600	2417	1	0.0022486
1600	2418	1	0.0022486
1600	2419	1	0.0022486
1600	2420	1	0.0022486
1600	2421	1	0.0022486
1600	2422	1	0.0022486
1600	2423	1	0.0022486
1600	2424	1	0.0022486
1600	2425	1	0.0022486
1600	2426	1	0.0022486
1600	2427	1	0.0022486
1600	2428	1	0.0022486
1600	2429	1	0.0022486
1600	2430	1	0.0022486
1600	2431	1	0.0022486
1600	2432	1	0.0022486
1600	2433	1	0.0022486
1600	2434	1	0.0022486
1600	2435	1	0.0022486
1600	2436	1	0.0022486
1600	2437	1	0.0022486
1600	2438	1	0.0022486
1600	2439	1	0.0022486
1600	2440	1	0.0022486
1600	2441	1	0.0022486
1600	2442	1	0.0022486
1600	2443	1	0.0022486
1600	2444	1	0.0022486
1600	2445	1	0.0022486
1600	2446	1	0.0022486
1600	2447	1	0.0022486
1600	2448	1	0.0022486
1600	2449	1	0.0022486
1600	2450	1	0.0022486
1600	2451	1	0.0022486
1600	2452	1	0.0022486
1600	2453	1	0.0022486
1600	2454	1	0.0022486
1600	2455	1	0.0022486
1600	2456	1	0.0022486
1600	2457	1	0.0022486
1600	2458	1	0.0022486
1600	2459	1	0.0022486
1600	2460	1	0.0022486
1600	2461	1	0.0022486
1600	2462	1	0.0022486
1600	2463	1	0.0022486
1600	2464	1	0.0022486
1600	2465	1	0.0022486
1600	2466	1	0.0022486
1600	2467	1	0.0022486
1600	2468	1	0.0022486
1600	2469	1	0.0022486
1600	2470	1	0.0022486
1600	2471	1	0.0022486
1600	2472	1	0.0022486
1600	2473	1	0.0022486
1600	2474	1	0.0022486
1600	2475	1	0.0022486
1600	2476	1	0.0022486
1600	2477	1	0.0022486
1600	2478	1	0.0022486
1600	2479	1	0.0022486
1600	2480	1	0.0022486
1600	2481	1	0.0022486
1600	2482	1	0.0022486
1600	2483	1	0.0022486
1600	2484	1	0.0022486
1600	2485	1	0.0022486
1600	2486	1	0.0022486
1600	2487	1	0.0022486
1600	2488	1	0.0022486
1600	2489	1	0.0022486
1600	2490	1	0.0022486
1600	2491	1	0.0022486
1600	2492	1	0.0022486
1600	2493	1	0.0022486
1600	2494	1	0.0022486
1600	2495	1	0.0022486
1600	2496	1	0.0022486
1600	2497	1	0.0022486
1600	2498	1	0.0022486
1600	2499	1	0.0022486
1600	2500	1	0.0022486
1600	2501	1	0.0022486
1600	2502	1	0.0022486
1600	2503	1	0.0022486
1600	2504	1	0.0022486
1600	2505	1	0.0022486
1600	2506	1	0.0022486
1600	2507	1	0.0022486
1600	2508	1	0.0022486
1600	2509	1	0.0022486
1600	2510	1	0.0022486
1600	2511	1	0.0022486
1600	2512	1	0.0022486
1600	2513	1	0.0022486
1600	2514	1	0.0022486
1600	2515	1	0.0022486
1600	2516	1	0.0022486
1600	2517	1	0.0022486
1600	2518	1	0.0022486
1600	2519	1	0.0022486
1600	2520	1	0.0022486
1600	2521	1	0.0022486
1600	2522	1	0.0022486
1600	2523	1	0.0022486
1600	2524	1	0.0022486
1600	2525	1	0.0022486
1600	2526	1	0.0022486
1600	2527	1	0.0022486
1600	2528	1	0.0022486
1600	2529	1	0.0022486
1600	2530	1	0.0022486
1600	2531	1	0.0022486
1600	2532	0.99944	0.00193693
1600	2533	0.99944	0.00193693
1600	2534	0.99944	0.00193693
1600	2535	0.99944	0.00193693
1600	2536	0.99944	0.00193693
1600	2537	0.99944	0.00193693
1600	2538	0.99944	0.00193693
1600	2539	0.99944	0.00193693
1600	2540	0.99944	0.00193693
1600	2541	0.99944	0.00193693
1600	2542	0.99944	0.00193693
1600	2543	0.99944	0.00193693
1600	2544	0.99944	0.00193693
1600	2545	0.99944	0.00193693
1600	2546	0.99944	0.00193693
1600	2547	0.99944	0.00193693
1600	2548	0.99944	0.00193693
1600	2549	0.99944	0.00193693
1600	2550	0.99944	0.00193693
1600	2551	0.99944	0.00193693
1600	2552	0.99944	0.00193693
1600	2553	0.99944	0.00193693
1600	2554	0.99944	0.00193693
1600	2555	0.99944	0.00193693
1600	2556	0.99944	0.00193693
1600	2557	0.99944	0.00193693
1600	2558	0.99944	0.00193693
1600	2559	0.99944	0.00193693
1600	2560	0.99944	0.00193693
1600	2561	0.99944	0.00193693
1600	2562	0.99944	0.00193693
1600	2563	0.99944	0.00193693
1600	2564	0.99944	0.00193693
1600	2565	0.99944	0.00193693
1600	2566	0.99944	0.00193693
1600	2567	0.99944	0.00193693
1600	2568	0.99944	0.00193693
1600	2569	0.99944	0.00193693
1600	2570	0.99944	0.00193693
1600	2571	0.99944	0.00193693
1600	2572	0.99944	0.00193693
1600	2573	0.99944	0.00193693
1600	2574	0.99944	0.00193693
1600	2575	0.99944	0.00193693
1600	2576	0.99944	0.00193693
1600	2577	0.99944	0.00193693
1600	2578	0.99944	0.00193693
1600	2579	0.99944	0.00193693
1600	2580	0.99944	0.00193693
1600	2581	0.99944	0.00193693
1600	2582	0.99944	0.00193693
1600	2583	0.99944	0.00193693
1600	2584	0.99944	0.00193693
1600	2585	0.99944	0.00193693
1600	2586	0.99944	0.00193693
1600	2587	0.99944	0.00193693
1600	2588	0.99944	0.00193693
1600	2589	0.99944	0.00193693
1600	2590	0.99944	0.00193693
1600	2591	0.99944	0.00193693
1600	2592	0.99944	0.00193693
1600	2593	0.99944	0.00193693
1600	2594	0.99944	0.00193693
1600	2595	0.99944	0.00193693
1600	2596	0.99944	0.00193693
1600	2597	0.99944	0.00193693
1600	2598	0.99944	0.00193693
1600	2599	0.99944	0.00193693
1600	2600	0.99944	0.00193693
1600	2601	0.99944	0.00193693
1600	2602	0.99944	0.00193693
1600	2603	0.99944	0.00193693
1600	2604	0.99944	0.00193693
1600	2605	0.99944	0.00193693
1600	2606	0.99944	0.00193693
1600	2607	0.99944	0.00193693
1600	2608	0.99944	0.00193693
1600	2609	0.99944	0.00193693
1600	2610	0.99944	0.00193693
1600	2611	0.99944	0.00193693
1600	2612	0.99944	0.00193693
1600	2613	0.99944	0.00193693
1600	2614	0.99944	0.00193693
1600	2615	0.99944	0.00193693
1600	2616	0.99944	0.00193693
1600	2617	0.99944	0.00193693
1600	2618	0.99944	0.00193693
1600	2619	0.99944	0.00193693
1600	2620	0.99944	0.00193693
1600	2621	0.99944	0.00193693
1600	2622	0.99944	0.00193693
1600	2623	0.99944	0.00193693
1600	2624	0.99944	0.00193693
1600	2625	0.99944	0.00193693
1600	2626	0.99944	0.00193693
1600	2627	0.99944	0.00193693
1600	2628	0.99944	0.00193693
1600	2629	0.99944	0.00193693
1600	2630	0.99944	0.00193693
1600	2631	0.99944	0.00193693
1600	2632	0.99944	0.00193693
1600	2633	0.99944	0.00193693
1600	2634	0.99944	0.00193693
1600	2635	0.99944	0.00193693
1600	2636	0.99944	0.00193693
1600	2637	0.99944	0.00193693
1600	2638	0.99944	0.00193693
1600	2639	0.99944	0.00193693
1600	2640	0.99944	0.00193693
1600	2641	0.99944	0.00193693
1600	2642	0.99944	0.00193693
1600	2643	0.99944	0.00193693
1600	2644	0.99944	0.00193693
1600	2645	0.99944	0.00193693
1600	2646	0.99944	0.00193693
1600	2647	0.99944	0.00193693
1600	2648	0.99944	0.00193693
1600	2649	0.99944	0.00193693
1600	2650	0.99944	0.00193693
1600	2651	0.99944	0.00193693
1600	2652	0.99944	0.00193693
1600	2653	0.99944	0.00193693
1600	2654	0.99944	0.00193693
1600	2655	0.99944	0.00193693
1600	2656	0.99944	0.00193693
1600	2657	0.99944	0.00193693
1600	2658	0.99944	0.00193693
1600	2659	0.99944	0.00193693
1600	2660	0.99944	0.00193693
1600	2661	0.99944	0.00193693
1600	2662	0.99944	0.00193693
1600	2663	0.99944	0.00193693
1600	2664	0.99944	0.00193693
1600	2665	0.99944	0.00193693
1600	2666	0.99944	0.00193693
1600	2667	0.99944	0.00193693
1600	2668	0.99944	0.00193693
1600	2669	0.99944	0.00193693
1600	2670	0.99944	0.00193693
1600	2671	0.99944	0.00193693
1600	2672	0.99944	0.00193693
1600	2673	0.99944	0.00193693
1600	2674	0.99944	0.00193693
1600	2675	0.99944	0.00193693
1600	2676	0.99944	0.00193693
1600	2677	0.99944	0.00193693
1600	2678	0.99944	0.00193693
1600	2679	0.99944	0.00193693
1600	2680	0.99944	0.00193693
1600	2681	0.99944	0.00193693
1600	2682	0.99944	0.00193693
1600	2683	0.99944	0.00193693
1600	2684	0.99944	0.00193693
1600	2685	0.99944	0.00193693
1600	2686	0.99944	0.00193693
1600	2687	0.99944	0.00193693
1600	2688	0.99944	0.00193693
1600	2689	0.99944	0.00193693
1600	2690	0.99944	0.00193693
1600	2691	0.99944	0.00193693
1600	2692	0.99944	0.00193693
1600	2693	0.99944	0.00193693
1600	2694	0.99944	0.00193693
1600	2695	0.99944	0.00193693
1600	2696	0.99944	0.00193693
1600	2697	0.99944	0.00193693
1600	2698	0.99944	0.00193693
1600	2699	0.99944	0.00193693
1600	2700	0.99944	0.00193693
1600	2701	0.99944	0.00193693
1600	2702	0.99944	0.00193693
1600	2703	0.99944	0.00193693
1600	2704	0.99944	0.00193693
1600	2705	0.99944	0.00193693
1600	2706	0.99944	0.00193693
1600	2707	0.99944	0.00193693
1600	2708	0.99944	0.00193693
1600	2709	0.99944	0.00193693
1600	2710	0.99944	0.00193693
1600	2711	0.99944	0.00193693
1600	2712	0.99944	0.00193693
1600	2713	0.99944	0.00193693
1600	2714	0.99944	0.00193693
1600	2715	0.99944	0.00193693
1600	2716	0.99944	0.00193693
1600	2717	0.99944	0.00193693
1600	2718	0.99944	0.00193693
1600	2719	0.99944	0.00193693
1600	2720	0.99944	0.00193693
1600	2721	0.99944	0.00193693
1600	2722	0.99944	0.00193693
1600	2723	0.99944	0.00193693
1600	2724	0.99944	0.00193693
1600	2725	0.99944	0.00193693
1600	2726	0.99944	0.00193693
1600	2727	0.99944	0.00193693
1600	2728	0.99944	0.00193693
1600	2729	0.99944	0.00193693
1600	2730	0.99944	0.00193693
1600	2731	0.99944	0.00193693
1600	2732	0.99944	0.00193693
1600	2733	0.99944	0.00193693
1600	2734	0.99944	0.00193693
1600	2735	0.99944	0.00193693
1600	2736	0.99944	0.00193693
1600	2737	0.99944	0.00193693
1600	2738	0.99944	0.00193693
1600	2739	0.99944	0.00193693
1600	2740	0.99944	0.00193693
1600	2741	0.99944	0.00193693
1600	2742	0.99944	0.00193693
1600	2743	0.99944	0.00193693
1600	2744	0.99944	0.00193693
1600	2745	0.99944	0.00193693
1600	2746	0.99944	0.00193693
1600	2747	0.99944	0.00193693
1600	2748	0.99944	0.00193693
1600	2749	0.99944	0.00193693
1600	2750	0.99944	0.00193693
1600	2751	0.99944	0.00193693
1600	2752	0.99944	0.00193693
1600	2753	0.99944	0.00193693
1600	2754	0.99944	0.00193693
1600	2755	0.99944	0.00193693
1600	2756	0.99944	0.00193693
1600	2757	0.99944	0.00193693
1600	2758	0.99944	0.00193693
1600	2759	0.99944	0.00193693
1600	2760	0.99944	0.00193693
1600	2761	0.99944	0.00193693
1600	2762	0.99944	0.00193693
1600	2763	0.99944	0.00193693
1600	2764	0.99944	0.00193693
1600	2765	0.99944	0.00193693
1600	2766	0.99944	0.00193693
1600	2767	0.99944	0.00193693
1600	2768	0.99944	0.00193693
1600	2769	0.99944	0.00193693
1600	2770	0.99944	0.00193693
1600	2771	0.99944	0.00193693
1600	2772	0.99944	0.00193693
1600	2773	0.99944	0.00193693
1600	2774	0.99944	0.00193693
1600	2775	0.99944	0.00193693
1600	2776	0.99944	0.00193693
1600	2777	0.99944	0.00193693
1600	2778	0.99944	0.00193693
1600	2779	0.99944	0.00193693
1600	2780	0.99944	0.00193693
1600	2781	0.99944	0.00193693
1600	2782	0.99944	0.00193693
1600	2783	0.99944	0.00193693
1600	2784	0.99944	0.00193693
1600	2785	0.99944	0.00193693
1600	2786	0.99944	0.00193693
1600	2787	0.99944	0.00193693
1600	2788	0.99944	0.00193693
1600	2789	0.99944	0.00193693
1600	2790	0.99944	0.00193693
1600	2791	0.99944	0.00193693
1600	2792	0.99944	0.00193693
1600	2793	0.99944	0.00193693
1600	2794	0.99944	0.00193693
1600	2795	0.99944	0.00193693
1600	2796	0.99944	0.00193693
1600	2797	0.99944	0.00193693
1600	2798	0.99944	0.00193693
1600	2799	0.99944	0.00193693
1600	2800	0.99944	0.00193693
1600	2801	0.99944	0.00193693
1600	2802	0.99944	0.00193693
1600	2803	0.99944	0.00193693
1600	2804	0.99944	0.00193693
1600	2805	0.99944	0.00193693
1600	2806	0.99944	0.00193693
1600	2807	0.99944	0.00193693
1600	2808	0.99944	0.00193693
1600	2809	0.99944	0.00193693
1600	2810	0.99944	0.00193693
1600	2811	0.99944	0.00193693
1600	2812	0.99944	0.00193693
1600	2813	0.99944	0.00193693
1600	2814	0.99944	0.00193693
1600	2815	0.99944	0.00193693
1600	2816	0.99944	0.00193693
1600	2817	0.99944	0.00193693
1600	2818	0.99944	0.00193693
1600	2819	0.99944	0.00193693
1600	2820	0.99944	0.00193693
1600	2821	0.99944	0.00193693
1600	2822	0.99944	0.00193693
1600	2823	0.99944	0.00193693
1600	2824	0.99944	0.00193693
1600	2825	0.99944	0.00193693
1600	2826	0.99944	0.00193693
1600	2827	0.99944	0.00193693
1600	2828	0.99944	0.00193693
1600	2829	0.99944	0.00193693
1600	2830	0.99944	0.00193693
1600	2831	0.99944	0.00193693
1600	2832	0.99944	0.00193693
1600	2833	0.99944	0.00193693
1600	2834	0.99944	0.00193693
1600	2835	0.99944	0.00193693
1600	2836	0.99944	0.00193693
1600	2837	0.99944	0.00193693
1600	2838	0.99944	0.00193693
1600	2839	0.99944	0.00193693
1600	2840	0.99944	0.00193693
1600	2841	0.99944	0.00193693
1600	2842	0.99944	0.00193693
1600	2843	0.99944	0.00193693
1600	2844	0.99944	0.00193693
1600	2845	0.99944	0.00193693
1600	2846	0.99944	0.00193693
1600	2847	0.99944	0.00193693
1600	2848	0.99944	0.00193693
1600	2849	0.99944	0.00193693
1600	2850	0.99944	0.00193693
1600	2851	0.99944	0.00193693
1600	2852	0.99944	0.00193693
1600	2853	0.99944	0.00193693
1600	2854	0.99944	0.00193693
1600	2855	0.99944	0.00193693
1600	2856	0.99944	0.00193693
1600	2857	0.99944	0.00193693
1600	2858	0.99944	0.00193693
1600	2859	0.99944	0.00193693
1600	2860	0.99944	0.00193693
1600	2861	0.99944	0.00193693
1600	2862	0.99944	0.00193693
1600	2863	0.99944	0.00193693
1600	2864	0.99944	0.00193693
1600	2865	0.99944	0.00193693
1600	2866	0.99944	0.00193693
1600	2867	0.99944	0.00193693
1600	2868	0.99944	0.00193693
1600	2869	0.99944	0.00193693
1600	2870	0.99944	0.00193693
1600	2871	0.99944	0.00193693
1600	2872	0.99944	0.00193693
1600	2873	0.99944	0.00193693
1600	2874	0.99944	0.00193693
1600	2875	0.99944	0.00193693
1600	2876	0.99944	0.00193693
1600	2877	0.99944	0.00193693
1600	2878	0.99944	0.00193693
1600	2879	0.99944	0.00193693
1600	2880	0.99944	0.00193693
1600	2881	0.99944	0.00193693
1600	2882	0.99944	0.00193693
1600	2883	0.99944	0.00193693
1600	2884	0.99944	0.00193693
1600	2885	0.99944	0.00193693
1600	2886	0.99944	0.00193693
1600	2887	0.99944	0.00193693
1600	2888	0.99944	0.00193693
1600	2889	0.99944	0.00193693
1600	2890	0.99944	0.00193693
1600	2891	0.99944	0.00193693
1600	2892	0.99944	0.00193693
1600	2893	0.99944	0.00193693
1600	2894	0.99944	0.00193693
1600	2895	0.99944	0.00193693
1600	2896	0.99944	0.00193693
1600	2897	0.99944	0.00193693
1600	2898	0.99944	0.00193693
1600	2899	0.99944	0.00193693
1600	2900	0.99944	0.00193693
1600	2901	0.99944	0.00193693
1600	2902	0.99944	0.00193693
1600	2903	0.99944	0.00193693
1600	2904	0.99944	0.00193693
1600	2905	0.99944	0.00193693
1600	2906	0.99944	0.00193693
1600	2907	0.99944	0.00193693
1600	2908	0.99944	0.00193693
1600	2909	0.99944	0.00193693
1600	2910	0.99944	0.00193693
1600	2911	0.99944	0.00193693
1600	2912	0.99944	0.00193693
1600	2913	0.99944	0.00193693
1600	2914	0.99944	0.00193693
1600	2915	0.99944	0.00193693
1600	2916	0.99944	0.00193693
1600	2917	0.99944	0.00193693
1600	2918	0.99944	0.00193693
1600	2919	0.99944	0.00193693
1600	2920	0.99944	0.00193693
1600	2921	0.99944	0.00193693
1600	2922	0.99944	0.00193693
1600	2923	0.99944	0.00193693
1600	2924	0.99944	0.00193693
1600	2925	0.99944	0.00193693
1600	2926	0.99944	0.00193693
1600	2927	0.99944	0.00193693
1600	2928	0.99944	0.00193693
1600	2929	0.99944	0.00193693
1600	2930	0.99944	0.00193693
1600	2931	0.99944	0.00193693
1600	2932	0.99944	0.00193693
1600	2933	0.99944	0.00193693
1600	2934	0.99944	0.00193693
1600	2935	0.99944	0.00193693
1600	2936	0.99944	0.00193693
1600	2937	0.99944	0.00193693
1600	2938	0.99944	0.00193693
1600	2939	0.99944	0.00193693
1600	2940	0.99944	0.00193693
1600	2941	0.99944	0.00193693
1600	2942	0.99944	0.00193693
1600	2943	0.99944	0.00193693
1600	2944	0.99944	0.00193693
1600	2945	0.99944	0.00193693
1600	2946	0.99944	0.00193693
1600	2947	0.99944	0.00193693
1600	2948	0.99944	0.00193693
1600	2949	0.99944	0.00193693
1600	2950	0.99944	0.00193693
1600	2951	0.99944	0.00193693
1600	2952	0.99944	0.00193693
1600	2953	0.99944	0.00193693
1600	2954	0.99944	0.00193693
1600	2955	0.99944	0.00193693
1600	2956	0.99944	0.00193693
1600	2957	0.99944	0.00193693
1600	2958	0.99944	0.00193693
1600	2959	0.99944	0.00193693
1600	2960	0.99944	0.00193693
1600	2961	0.99944	0.00193693
1600	2962	0.99944	0.00193693
1600	2963	0.99944	0.00193693
1600	2964	0.99944	0.00193693
1600	2965	0.99944	0.00193693
1600	2966	0.99944	0.00193693
1600	2967	0.99944	0.00193693
1600	2968	0.99944	0.00193693
1600	2969	0.99944	0.00193693
1600	2970	0.99944	0.00193693
1600	2971	0.99944	0.00193693
1600	2972	0.99944	0.00193693
1600	2973	0.99944	0.00193693
1600	2974	0.99944	0.00193693
1600	2975	0.99944	0.00193693
1600	2976	0.99944	0.00193693
1600	2977	0.99944	0.00193693
1600	2978	0.99944	0.00193693
1600	2979	0.99944	0.00193693
1600	2980	0.99944	0.00193693
1600	2981	0.99944	0.00193693
1600	2982	0.99944	0.00193693
1600	2983	0.99944	0.00193693
1600	2984	0.99944	0.00193693
1600	2985	0.99944	0.00193693
1600	2986	0.99944	0.00193693
1600	2987	0.99944	0.00193693
1600	2988	0.99944	0.00193693
1600	2989	0.99944	0.00193693
1600	2990	0.99944	0.00193693
1600	2991	0.99944	0.00193693
1600	2992	0.99944	0.00193693
1600	2993	0.99944	0.00193693
1600	2994	0.99944	0.00193693
1600	2995	0.99944	0.00193693
1600	2996	0.99944	0.00193693
1600	2997	0.99944	0.00193693
1600	2998	0.99944	0.00193693
1600	2999	0.99944	0.00193693
1600	3000	0.99944	0.00193693
1600	3001	0.99944	0.00193693
1600	3002	0.99944	0.00193693
1600	3003	0.99944	0.00193693
1600	3004	0.99944	0.00193693
1600	3005	0.99944	0.00193693
1600	3006	0.99944	0.00193693
1600	3007	0.99944	0.00193693
1600	3008	0.99944	0.00193693
1600	3009	0.99944	0.00193693
1600	3010	0.99944	0.00193693
1600	3011	0.99944	0.00193693
1600	3012	0.99944	0.00193693
1600	3013	0.99944	0.00193693
1600	3014	0.99944	0.00193693
1600	3015	0.99944	0.00193693
1600	3016	0.99944	0.00193693
1600	3017	0.99944	0.00193693
1600	3018	0.99944	0.00193693
1600	3019	0.99944	0.00193693
1600	3020	0.99944	0.00193693
1600	3021	0.99944	0.00193693
1600	3022	0.99944	0.00193693
1600	3023	0.99944	0.00193693
1600	3024	0.99944	0.00193693
1600	3025	0.99944	0.00193693
1600	3026	0.99944	0.00193693
1600	3027	0.99944	0.00193693
1600	3028	0.99944	0.00193693
1600	3029	0.99944	0.00193693
1600	3030	0.99944	0.00193693
1600	3031	0.99944	0.00193693
1600	3032	0.99944	0.00193693
1600	3033	0.99944	0.00193693
1600	3034	0.99944	0.00193693
1600	3035	0.99944	0.00193693
1600	3036	0.99944	0.00193693
1600	3037	0.99944	0.00193693
1600	3038	0.99944	0.00193693
1600	3039	0.99944	0.00193693
1600	3040	0.99944	0.00193693
1600	3041	0.99944	0.00193693
1600	3042	0.99944	0.00193693
1600	3043	0.99944	0.00193693
1600	3044	0.99944	0.00193693
1600	3045	0.99944	0.00193693
1600	3046	0.99944	0.00193693
1600	3047	0.99944	0.00193693
1600	3048	0.99944	0.00193693
1600	3049	0.99944	0.00193693
1600	3050	0.99944	0.00193693
1600	3051	0.99944	0.00193693
1600	3052	0.99944	0.00193693
1600	3053	0.99944	0.00193693
1600	3054	0.99944	0.00193693
1600	3055	0.99944	0.00193693
1600	3056	0.99944	0.00193693
1600	3057	0.99944	0.00193693
1600	3058	0.99944	0.00193693
1600	3059	0.99944	0.00193693
1600	3060	0.99944	0.00193693
1600	3061	0.99944	0.00193693
1600	3062	0.99944	0.00193693
1600	3063	0.99944	0.00193693
1600	3064	0.99944	0.00193693
1600	3065	0.99944	0.00193693
1600	3066	0.99944	0.00193693
1600	3067	0.99944	0.00193693
1600	3068	0.99944	0.00193693
1600	3069	0.99944	0.00193693
1600	3070	0.99944	0.00193693
1600	3071	0.99944	0.00193693
1600	3072	0.99944	0.00193693
1600	3073	0.99944	0.00193693
1600	3074	0.99944	0.00193693
1600	3075	0.99944	0.00193693
1600	3076	0.99944	0.00193693
1600	3077	0.99944	0.00193693
1600	3078	0.99944	0.00193693
1600	3079	0.99944	0.00193693
1600	3080	0.99944	0.00193693
1600	3081	0.99944	0.00193693
1600	3082	0.99944	0.00193693
1600	3083	0.99944	0.00193693
1600	3084	0.99944	0.00193693
1600	3085	0.99944	0.00193693
1600	3086	0.99944	0.00193693
1600	3087	0.99944	0.00193693
1600	3088	0.99944	0.00193693
1600	3089	0.99944	0.00193693
1600	3090	0.99944	0.00193693
1600	3091	0.99944	0.00193693
1600	3092	0.99944	0.00193693
1600	3093	0.99944	0.00193693
1600	3094	0.99944	0.00193693
1600	3095	0.99944	0.00193693
1600	3096	0.99944	0.00193693
1600	3097	0.99944	0.00193693
1600	3098	0.99944	0.00193693
1600	3099	0.99944	0.00193693
1600	3100	0.99944	0.00193693
1600	3101	0.99944	0.00193693
1600	3102	0.99944	0.00193693
1600	3103	0.99944	0.00193693
1600	3104	0.99944	0.00193693
1600	3105	0.99944	0.00193693
1600	3106	0.99944	0.00193693
1600	3107	0.99944	0.00193693
1600	3108	0.99944	0.00193693
1600	3109	0.99944	0.00193693
1600	3110	0.99944	0.00193693
1600	3111	0.99944	0.00193693
1600	3112	0.99944	0.00193693
1600	3113	0.99944	0.00193693
1600	3114	0.99944	0.00193693
1600	3115	0.99944	0.00193693
1600	3116	0.99944	0.00193693
1600	3117	0.99944	0.00193693
1600	3118	0.99944	0.00193693
1600	3119	0.99944	0.00193693
1600	3120	0.99944	0.00193693
1600	3121	0.99944	0.00193693
1600	3122	0.99944	0.00193693
1600	3123	0.99944	0.00193693
1600	3124	0.99944	0.00193693
1600	3125	0.99944	0.00193693
1600	3126	0.99944	0.00193693
1600	3127	0.99944	0.00193693
1600	3128	0.99944	0.00193693
1600	3129	0.99944	0.00193693
1600	3130	0.99944	0.00193693
1600	3131	0.99944	0.00193693
1600	3132	0.99944	0.00193693
1600	3133	0.99944	0.00193693
1600	3134	0.99944	0.00193693
1600	3135	0.99944	0.00193693
1600	3136	0.99944	0.00193693
1600	3137	0.99944	0.00193693
1600	3138	0.99944	0.00193693
1600	3139	0.99944	0.00193693
1600	3140	0.99944	0.00193693
1600	3141	0.99944	0.00193693
1600	3142	0.99944	0.00193693
1600	3143	0.99944	0.00193693
1600	3144	0.99944	0.00193693
1600	3145	0.99944	0.00193693
1600	3146	0.99944	0.00193693
1600	3147	0.99944	0.00193693
1600	3148	0.99944	0.00193693
1600	3149	0.99944	0.00193693
1600	3150	0.99944	0.00193693
1600	3151	0.99944	0.00193693
1600	3152	0.99944	0.00193693
1600	3153	0.99944	0.00193693
1600	3154	0.99944	0.00193693
1600	3155	0.99944	0.00193693
1600	3156	0.99944	0.00193693
1600	3157	0.99944	0.00193693
1600	3158	0.99944	0.00193693
1600	3159	0.99944	0.00193693
1600	3160	0.99944	0.00193693
1600	3161	0.99944	0.00193693
1600	3162	0.99944	0.00193693
1600	3163	0.99944	0.00193693
1600	3164	0.99944	0.00193693
1600	3165	0.99944	0.00193693
1600	3166	0.99944	0.00193693
1600	3167	0.99944	0.00193693
1600	3168	0.99944	0.00193693
1600	3169	0.99944	0.00193693
1600	3170	0.99944	0.00193693
1600	3171	0.99944	0.00193693
1600	3172	0.99944	0.00193693
1600	3173	0.99944	0.00193693
1600	3174	0.99944	0.00193693
1600	3175	0.99944	0.00193693
1600	3176	0.99944	0.00193693
1600	3177	0.99944	0.00193693
1600	3178	0.99944	0.00193693
1600	3179	0.99944	0.00193693
1600	3180	0.99944	0.00193693
1600	3181	0.99944	0.00193693
1600	3182	0.99944	0.00193693
1600	3183	0.99944	0.00193693
1600	3184	0.99944	0.00193693
1600	3185	0.99944	0.00193693
1600	3186	0.99944	0.00193693
1600	3187	0.99944	0.00193693
1600	3188	0.99944	0.00193693
1600	3189	0.99944	0.00193693
1600	3190	0.99944	0.00193693
1600	3191	0.99944	0.00193693
1600	3192	0.99944	0.00193693
1600	3193	0.99944	0.00193693
1600	3194	0.99944	0.00193693
1600	3195	0.99944	0.00193693
1600	3196	0.99944	0.00193693
1600	3197	0.99944	0.00193693
1600	3198	0.99944	0.00193693
1600	3199	0.99944	0.00193693
1600	3200	0.99944	0.00193693
1600	3201	0.99944	0.00193693
1600	3202	0.99944	0.00193693
1600	3203	0.99944	0.00193693
1600	3204	0.99944	0.00193693
1600	3205	0.99944	0.00193693
1600	3206	0.99944	0.00193693
1600	3207	0.99944	0.00193693
1600	3208	0.99944	0.00193693
1600	3209	0.99944	0.00193693
1600	3210	0.99944	0.00193693
1600	3211	0.99944	0.00193693
1600	3212	0.99944	0.00193693
1600	3213	0.99944	0.00193693
1600	3214	0.99944	0.00193693
1600	3215	0.99944	0.00193693
1600	3216	0.99944	0.00193693
1600	3217	0.99944	0.00193693
1600	3218	0.99944	0.00193693
1600	3219	0.99944	0.00193693
1600	3220	0.99944	0.00193693
1600	3221	0.99944	0.00193693
1600	3222	0.99944	0.00193693
1600	3223	0.99944	0.00193693
1600	3224	0.99944	0.00193693
1600	3225	0.99944	0.00193693
1600	3226	0.99944	0.00193693
1600	3227	0.99944	0.00193693
1600	3228	0.99944	0.00193693
1600	3229	0.99944	0.00193693
1600	3230	0.99944	0.00193693
1600	3231	0.99944	0.00193693
1600	3232	0.99944	0.00193693
1600	3233	0.99944	0.00193693
1600	3234	0.99944	0.00193693
1600	3235	0.99944	0.00193693
1600	3236	0.99944	0.00193693
1600	3237	0.99944	0.00193693
1600	3238	0.99944	0.00193693
1600	3239	0.99944	0.00193693
1600	3240	0.99944	0.00193693
1600	3241	0.99944	0.00193693
1600	3242	0.99944	0.00193693
1600	3243	0.99944	0.00193693
1600	3244	0.99944	0.00193693
1600	3245	0.99944	0.00193693
1600	3246	0.99944	0.00193693
1600	3247	0.99944	0.00193693
1600	3248	0.99944	0.00193693
1600	3249	0.99944	0.00193693
1600	3250	0.99944	0.00193693
1600	3251	0.99944	0.00193693
1600	3252	0.99944	0.00193693
1600	3253	0.99944	0.00193693
1600	3254	0.99944	0.00193693
1600	3255	0.99944	0.00193693
1600	3256	0.99944	0.00193693
1600	3257	0.99944	0.00193693
1600	3258	0.99944	0.00193693
1600	3259	0.99944	0.00193693
1600	3260	0.99944	0.00193693
1600	3261	0.99944	0.00193693
1600	3262	0.99944	0.00193693
1600	3263	0.99944	0.00193693
1600	3264	0.99944	0.00193693
1600	3265	0.99944	0.00193693
1600	3266	0.99944	0.00193693
1600	3267	0.99944	0.00193693
1600	3268	0.99944	0.00193693
1600	3269	0.99944	0.00193693
1600	3270	0.99944	0.00193693
1600	3271	0.99944	0.00193693
1600	3272	0.99944	0.00193693
1600	3273	0.99944	0.00193693
1600	3274	0.99944	0.00193693
1600	3275	0.99944	0.00193693
1600	3276	0.99944	0.00193693
1600	3277	0.99944	0.00193693
1600	3278	0.99944	0.00193693
1600	3279	0.99944	0.00193693
1600	3280	0.99944	0.00193693
1600	3281	0.99944	0.00193693
1600	3282	0.99944	0.00193693
1600	3283	0.99944	0.00193693
1600	3284	0.99944	0.00193693
1600	3285	0.99944	0.00193693
1600	3286	0.99944	0.00193693
1600	3287	0.99944	0.00193693
1600	3288	0.99944	0.00193693
1600	3289	0.99944	0.00193693
1600	3290	0.99944	0.00193693
1600	3291	0.99944	0.00193693
1600	3292	0.99944	0.00193693
1600	3293	0.99944	0.00193693
1600	3294	0.99944	0.00193693
1600	3295	0.99944	0.00193693
1600	3296	0.99944	0.00193693
1600	3297	0.99944	0.00193693
1600	3298	0.99944	0.00193693
1600	3299	0.99944	0.00193693
1600	3300	0.99944	0.00193693
1600	3301	0.99944	0.00193693
1600	3302	0.99944	0.00193693
1600	3303	0.99944	0.00193693
1600	3304	0.99944	0.00193693
1600	3305	0.99944	0.00193693
1600	3306	0.99944	0.00193693
1600	3307	0.99944	0.00193693
1600	3308	0.99944	0.00193693
1600	3309	0.99944	0.00193693
1600	3310	0.99944	0.00193693
1600	3311	0.99944	0.00193693
1600	3312	0.99944	0.00193693
1600	3313	0.99944	0.00193693
1600	3314	0.99944	0.00193693
1600	3315	0.99944	0.00193693
1600	3316	0.99944	0.00193693
1600	3317	0.99944	0.00193693
1600	3318	0.99944	0.00193693
1600	3319	0.99944	0.00193693
1600	3320	0.99944	0.00193693
1600	3321	0.99944	0.00193693
1600	3322	0.99944	0.00193693
1600	3323	0.99944	0.00193693
1600	3324	0.99944	0.00193693
1600	3325	0.99944	0.00193693
1600	3326	0.99944	0.00193693
1600	3327	0.99944	0.00193693
1600	3328	0.99944	0.00193693
1600	3329	0.99944	0.00193693
1600	3330	0.99944	0.00193693
1600	3331	0.99944	0.00193693
1600	3332	0.99944	0.00193693
1600	3333	0.99944	0.00193693
1600	3334	0.99944	0.00193693
1600	3335	0.99944	0.00193693
1600	3336	0.99944	0.00193693
1600	3337	0.99944	0.00193693
1600	3338	0.99944	0.00193693
1600	3339	0.99944	0.00193693
1600	3340	0.99944	0.00193693
1600	3341	0.99944	0.00193693
1600	3342	0.99944	0.00193693
1600	3343	0.99944	0.00193693
1600	3344	0.99944	0.00193693
1600	3345	0.99944	0.00193693
1600	3346	0.99944	0.00193693
1600	3347	0.99944	0.00193693
1600	3348	0.99944	0.00193693
1600	3349	0.99944	0.00193693
1600	3350	0.99944	0.00193693
1600	3351	0.99944	0.00193693
1600	3352	0.99944	0.00193693
1600	3353	0.99944	0.00193693
1600	3354	0.99944	0.00193693
1600	3355	0.99944	0.00193693
1600	3356	0.99944	0.00193693
1600	3357	0.99944	0.00193693
1600	3358	0.99944	0.00193693
1600	3359	0.99944	0.00193693
1600	3360	0.99944	0.00193693
1600	3361	0.99944	0.00193693
1600	3362	0.99944	0.00193693
1600	3363	0.99944	0.00193693
1600	3364	0.99944	0.00193693
1600	3365	0.99944	0.00193693
1600	3366	0.99944	0.00193693
1600	3367	0.99944	0.00193693
1600	3368	0.99944	0.00193693
1600	3369	0.99944	0.00193693
1600	3370	0.99944	0.00193693
1600	3371	0.99944	0.00193693
1600	3372	0.99944	0.00193693
1600	3373	0.99944	0.00193693
1600	3374	0.99944	0.00193693
1600	3375	0.99944	0.00193693
1600	3376	0.99944	0.00193693
1600	3377	0.99944	0.00193693
1600	3378	0.99944	0.00193693
1600	3379	0.99944	0.00193693
1600	3380	0.99944	0.00193693
1600	3381	0.99944	0.00193693
1600	3382	0.99944	0.00193693
1600	3383	0.99944	0.00193693
1600	3384	0.99944	0.00193693
1600	3385	0.99944	0.00193693
1600	3386	0.99944	0.00193693
1600	3387	0.99944	0.00193693
1600	3388	0.99944	0.00193693
1600	3389	0.99944	0.00193693
1600	3390	0.99944	0.00193693
1600	3391	0.99944	0.00193693
1600	3392	0.99944	0.00193693
1600	3393	0.99944	0.00193693
1600	3394	0.99944	0.00193693
1600	3395	0.99944	0.00193693
1600	3396	0.99944	0.00193693
1600	3397	0.99944	0.00193693
1600	3398	0.99944	0.00193693
1600	3399	0.99944	0.00193693
1600	3400	0.99944	0.00193693
1600	3401	0.99944	0.00193693
1600	3402	0.99944	0.00193693
1600	3403	0.99944	0.00193693
1600	3404	0.99944	0.00193693
1600	3405	0.99944	0.00193693
1600	3406	0.99944	0.00193693
1600	3407	0.99944	0.00193693
1600	3408	0.99944	0.00193693
1600	3409	0.99944	0.00193693
1600	3410	0.99944	0.00193693
1600	3411	0.99944	0.00193693
1600	3412	0.99944	0.00193693
1600	3413	0.99944	0.00193693
1600	3414	0.99944	0.00193693
1600	3415	0.99944	0.00193693
1600	3416	0.99944	0.00193693
1600	3417	0.99944	0.00193693
1600	3418	0.99944	0.00193693
1600	3419	0.99944	0.00193693
1600	3420	0.99944	0.00193693
1600	3421	0.99944	0.00193693
1600	3422	0.99944	0.00193693
1600	3423	0.99944	0.00193693
1600	3424	0.99944	0.00193693
1600	3425	0.99944	0.00193693
1600	3426	0.99944	0.00193693
1600	3427	0.99944	0.00193693
1600	3428	0.99944	0.00193693
1600	3429	0.99944	0.00193693
1600	3430	0.99944	0.00193693
1600	3431	0.99944	0.00193693
1600	3432	0.99944	0.00193693
1600	3433	0.99944	0.00193693
1600	3434	0.99944	0.00193693
1600	3435	0.99944	0.00193693
1600	3436	0.99944	0.00193693
1600	3437	0.99944	0.00193693
1600	3438	0.99944	0.00193693
1600	3439	0.99944	0.00193693
1600	3440	0.99944	0.00193693
1600	3441	0.99944	0.00193693
1600	3442	0.99944	0.00193693
1600	3443	0.99944	0.00193693
1600	3444	0.99944	0.00193693
1600	3445	0.99944	0.00193693
1600	3446	0.99944	0.00193693
1600	3447	0.99944	0.00193693
1600	3448	0.99944	0.00193693
1600	3449	0.99944	0.00193693
1600	3450	0.99944	0.00193693
1600	3451	0.99944	0.00193693
1600	3452	0.99944	0.00193693
1600	3453	0.99944	0.00193693
1600	3454	0.99944	0.00193693
1600	3455	0.99944	0.00193693
1600	3456	0.99944	0.00193693
1600	3457	0.99944	0.00193693
1600	3458	0.99944	0.00193693
1600	3459	0.99944	0.00193693
1600	3460	0.99944	0.00193693
1600	3461	0.99944	0.00193693
1600	3462	0.99944	0.00193693
1600	3463	0.99944	0.00193693
1600	3464	0.99944	0.00193693
1600	3465	0.99944	0.00193693
1600	3466	0.99944	0.00193693
1600	3467	0.99944	0.00193693
1600	3468	0.99944	0.00193693
1600	3469	0.99944	0.00193693
1600	3470	0.99944	0.00193693
1600	3471	0.99944	0.00193693
1600	3472	0.99944	0.00193693
1600	3473	0.99944	0.00193693
1600	3474	0.99944	0.00193693
1600	3475	0.99944	0.00193693
1600	3476	0.99944	0.00193693
1600	3477	0.99944	0.00193693
1600	3478	0.99944	0.00193693
1600	3479	0.99944	0.00193693
1600	3480	0.99944	0.00193693
1600	3481	0.99944	0.00193693
1600	3482	0.99944	0.00193693
1600	3483	0.99944	0.00193693
1600	3484	0.99944	0.00193693
1600	3485	0.99944	0.00193693
1600	3486	0.99944	0.00193693
1600	3487	0.99944	0.00193693
1600	3488	0.99944	0.00193693
1600	3489	0.99944	0.00193693
1600	3490	0.99944	0.00193693
1600	3491	0.99944	0.00193693
1600	3492	0.99944	0.00193693
1600	3493	0.99944	0.00193693
1600	3494	0.99944	0.00193693
1600	3495	0.99944	0.00193693
1600	3496	0.99944	0.00193693
1600	3497	0.99944	0.00193693
1600	3498	0.99944	0.00193693
1600	3499	0.99944	0.00193693
1600	3500	0.99944	0.00193693
1600	3501	0.99944	0.00193693
1600	3502	0.99944	0.00193693
1600	3503	0.99944	0.00193693
1600	3504	0.99944	0.00193693
1600	3505	0.99944	0.00193693
1600	3506	0.99944	0.00193693
1600	3507	0.99944	0.00193693
1600	3508	0.99944	0.00193693
1600	3509	0.99944	0.00193693
1600	3510	0.99944	0.00193693
1600	3511	0.99944	0.00193693
1600	3512	0.99944	0.00193693
1600	3513	0.99944	0.00193693
1600	3514	0.99944	0.00193693
1600	3515	0.99944	0.00193693
1600	3516	0.99944	0.00193693
1600	3517	0.99944	0.00193693
1600	3518	0.99944	0.00193693
1600	3519	0.99944	0.00193693
1600	3520	0.99944	0.00193693
1600	3521	0.99944	0.00193693
1600	3522	0.99944	0.00193693
1600	3523	0.99944	0.00193693
1600	3524	0.99944	0.00193693
1600	3525	0.99944	0.00193693
1600	3526	0.99944	0.00193693
1600	3527	0.99944	0.00193693
1600	3528	0.99944	0.00193693
1600	3529	0.99944	0.00193693
1600	3530	0.99944	0.00193693
1600	3531	0.99944	0.00193693
1600	3532	0.99944	0.00193693
1600	3533	0.99944	0.00193693
1600	3534	0.99944	0.00193693
1600	3535	0.99944	0.00193693
1600	3536	0.99944	0.00193693
1600	3537	0.99944	0.00193693
1600	3538	0.99944	0.00193693
1600	3539	0.99944	0.00193693
1600	3540	0.99944	0.00193693
1600	3541	0.99944	0.00193693
1600	3542	0.99944	0.00193693
1600	3543	0.99944	0.00193693
1600	3544	0.99944	0.00193693
1600	3545	0.99944	0.00193693
1600	3546	0.99944	0.00193693
1600	3547	0.99944	0.00193693
1600	3548	0.99944	0.00193693
1600	3549	0.99944	0.00193693
1600	3550	0.99944	0.00193693
1600	3551	0.99944	0.00193693
1600	3552	0.99944	0.00193693
1600	3553	0.99944	0.00193693
1600	3554	0.99944	0.00193693
1600	3555	0.99944	0.00193693
1600	3556	0.99944	0.00193693
1600	3557	0.99944	0.00193693
1600	3558	0.99944	0.00193693
1600	3559	0.99944	0.00193693
1600	3560	0.99944	0.00193693
1600	3561	0.99944	0.00193693
1600	3562	0.99944	0.00193693
1600	3563	0.99944	0.00193693
1600	3564	0.99944	0.00193693
1600	3565	0.99944	0.00193693
1600	3566	0.99944	0.00193693
1600	3567	0.99944	0.00193693
1600	3568	0.99944	0.00193693
1600	3569	0.99944	0.00193693
1600	3570	0.99944	0.00193693
1600	3571	0.99944	0.00193693
1600	3572	0.99944	0.00193693
1600	3573	0.99944	0.00193693
1600	3574	0.99944	0.00193693
1600	3575	0.99944	0.00193693
1600	3576	0.99944	0.00193693
1600	3577	0.99944	0.00193693
1600	3578	0.99944	0.00193693
1600	3579	0.99944	0.00193693
1600	3580	0.99944	0.00193693
1600	3581	0.99944	0.00193693
1600	3582	0.99944	0.00193693
1600	3583	0.99944	0.00193693
1600	3584	0.99944	0.00193693
1600	3585	0.99944	0.00193693
1600	3586	0.99944	0.00193693
1600	3587	0.99944	0.00193693
1600	3588	0.99944	0.00193693
1600	3589	0.99944	0.00193693
1600	3590	0.99944	0.00193693
1600	3591	0.99944	0.00193693
1600	3592	0.99944	0.00193693
1600	3593	0.99944	0.00193693
1600	3594	0.99944	0.00193693
1600	3595	0.99944	0.00193693
1600	3596	0.99944	0.00193693
1600	3597	0.99944	0.00193693
1600	3598	0.99944	0.00193693
1600	3599	0.99944	0.00193693
1600	3600	0.99944	0.00193693
1600	3601	0.99944	0.00193693
1600	3602	0.99944	0.00193693
1600	3603	0.99944	0.00193693
1600	3604	0.99944	0.00193693
1600	3605	0.99944	0.00193693
1600	3606	0.99944	0.00193693
1600	3607	0.99944	0.00193693
1600	3608	0.99944	0.00193693
1600	3609	0.99944	0.00193693
1600	3610	0.99944	0.00193693
1600	3611	0.99944	0.00193693
1600	3612	0.99944	0.00193693
1600	3613	0.99944	0.00193693
1600	3614	0.99944	0.00193693
1600	3615	0.99944	0.00193693
1600	3616	0.99944	0.00193693
1600	3617	0.99944	0.00193693
1600	3618	0.99944	0.00193693
1600	3619	0.99944	0.00193693
1600	3620	0.99944	0.00193693
1600	3621	0.99944	0.00193693
1600	3622	0.99944	0.00193693
1600	3623	0.99944	0.00193693
1600	3624	0.99944	0.00193693
1600	3625	0.99944	0.00193693
1600	3626	0.99944	0.00193693
1600	3627	0.99944	0.00193693
1600	3628	0.99944	0.00193693
1600	3629	0.99944	0.00193693
1600	3630	0.99944	0.00193693
1600	3631	0.99944	0.00193693
1600	3632	0.99944	0.00193693
1600	3633	0.99944	0.00193693
1600	3634	0.99944	0.00193693
1600	3635	0.99944	0.00193693
1600	3636	0.99944	0.00193693
1600	3637	0.99944	0.00193693
1600	3638	0.99944	0.00193693
1600	3639	0.99944	0.00193693
1600	3640	0.99944	0.00193693
1600	3641	0.99944	0.00193693
1600	3642	0.99944	0.00193693
1600	3643	0.99944	0.00193693
1600	3644	0.99944	0.00193693
1600	3645	0.99944	0.00193693
1600	3646	0.99944	0.00193693
1600	3647	0.99944	0.00193693
1600	3648	0.99944	0.00193693
1600	3649	0.99944	0.00193693
1600	3650	0.99944	0.00193693
