1686	0	1.00534	0.00192136
1686	1	1.00534	0.00192136
1686	2	1.00534	0.00192136
1686	3	1.00534	0.00192136
1686	4	1.00534	0.00192136
1686	5	1.00534	0.00192136
1686	6	1.00534	0.00192136
1686	7	1.00534	0.00192136
1686	8	1.00534	0.00192136
1686	9	1.00534	0.00192136
1686	10	1.00534	0.00192136
1686	11	1.00534	0.00192136
1686	12	1.00534	0.00192136
1686	13	1.00534	0.00192136
1686	14	1.00534	0.00192136
1686	15	1.00534	0.00192136
1686	16	1.00534	0.00192136
1686	17	1.00534	0.00192136
1686	18	1.00534	0.00192136
1686	19	1.00534	0.00192136
1686	20	1.00534	0.00192136
1686	21	1.00534	0.00192136
1686	22	1.00534	0.00192136
1686	23	1.00534	0.00192136
1686	24	1.00534	0.00192136
1686	25	1.00534	0.00192136
1686	26	1.00534	0.00192136
1686	27	1.00534	0.00192136
1686	28	1.00534	0.00192136
1686	29	1.00534	0.00192136
1686	30	1.00534	0.00192136
1686	31	1.00534	0.00192136
1686	32	1.00534	0.00192136
1686	33	1.00534	0.00192136
1686	34	1.00534	0.00192136
1686	35	1.00534	0.00192136
1686	36	1.00534	0.00192136
1686	37	1.00534	0.00192136
1686	38	1.00534	0.00192136
1686	39	1.00534	0.00192136
1686	40	1.00534	0.00192136
1686	41	1.00534	0.00192136
1686	42	1.00534	0.00192136
1686	43	1.00534	0.00192136
1686	44	1.00534	0.00192136
1686	45	1.00534	0.00192136
1686	46	1.00534	0.00192136
1686	47	1.00534	0.00192136
1686	48	1.00534	0.00192136
1686	49	1.00534	0.00192136
1686	50	1.00534	0.00192136
1686	51	1.00534	0.00192136
1686	52	1.00534	0.00192136
1686	53	1.00534	0.00192136
1686	54	1.00534	0.00192136
1686	55	1.00534	0.00192136
1686	56	1.00534	0.00192136
1686	57	1.00534	0.00192136
1686	58	1.00534	0.00192136
1686	59	1.00534	0.00192136
1686	60	1.00534	0.00192136
1686	61	1.00534	0.00192136
1686	62	1.00534	0.00192136
1686	63	1.00534	0.00192136
1686	64	1.00534	0.00192136
1686	65	1.00534	0.00192136
1686	66	1.00534	0.00192136
1686	67	1.00534	0.00192136
1686	68	1.00534	0.00192136
1686	69	1.00534	0.00192136
1686	70	1.00534	0.00192136
1686	71	1.00534	0.00192136
1686	72	1.00534	0.00192136
1686	73	1.00534	0.00192136
1686	74	1.00534	0.00192136
1686	75	1.00534	0.00192136
1686	76	1.00534	0.00192136
1686	77	1.00534	0.00192136
1686	78	1.00534	0.00192136
1686	79	1.00534	0.00192136
1686	80	1.00534	0.00192136
1686	81	1.00534	0.00192136
1686	82	1.00534	0.00192136
1686	83	1.00534	0.00192136
1686	84	1.00534	0.00192136
1686	85	1.00534	0.00192136
1686	86	1.00534	0.00192136
1686	87	1.00534	0.00192136
1686	88	1.00534	0.00192136
1686	89	1.00534	0.00192136
1686	90	1.00534	0.00192136
1686	91	1.00534	0.00192136
1686	92	1.00534	0.00192136
1686	93	1.00534	0.00192136
1686	94	1.00534	0.00192136
1686	95	1.00534	0.00192136
1686	96	1.00534	0.00192136
1686	97	1.00534	0.00192136
1686	98	1.00534	0.00192136
1686	99	1.00534	0.00192136
1686	100	1.00534	0.00192136
1686	101	1.00534	0.00192136
1686	102	1.00534	0.00192136
1686	103	1.00534	0.00192136
1686	104	1.00534	0.00192136
1686	105	1.00534	0.00192136
1686	106	1.00534	0.00192136
1686	107	1.00534	0.00192136
1686	108	1.00534	0.00192136
1686	109	1.00534	0.00192136
1686	110	1.00534	0.00192136
1686	111	1.00534	0.00192136
1686	112	1.00534	0.00192136
1686	113	1.00534	0.00192136
1686	114	1.00534	0.00192136
1686	115	1.00534	0.00192136
1686	116	1.00534	0.00192136
1686	117	1.00534	0.00192136
1686	118	1.00534	0.00192136
1686	119	1.00534	0.00192136
1686	120	1.00534	0.00192136
1686	121	1.00534	0.00192136
1686	122	1.00534	0.00192136
1686	123	1.00534	0.00192136
1686	124	1.00534	0.00192136
1686	125	1.00534	0.00192136
1686	126	1.00534	0.00192136
1686	127	1.00534	0.00192136
1686	128	1.00534	0.00192136
1686	129	1.00534	0.00192136
1686	130	1.00534	0.00192136
1686	131	1.00534	0.00192136
1686	132	1.00534	0.00192136
1686	133	1.00534	0.00192136
1686	134	1.00534	0.00192136
1686	135	1.00534	0.00192136
1686	136	1.00534	0.00192136
1686	137	1.00534	0.00192136
1686	138	1.00534	0.00192136
1686	139	1.00534	0.00192136
1686	140	1.00534	0.00192136
1686	141	1.00534	0.00192136
1686	142	1.00534	0.00192136
1686	143	1.00534	0.00192136
1686	144	1.00534	0.00192136
1686	145	1.00534	0.00192136
1686	146	1.00534	0.00192136
1686	147	1.00534	0.00192136
1686	148	1.00534	0.00192136
1686	149	1.00534	0.00192136
1686	150	1.00534	0.00192136
1686	151	1.00534	0.00192136
1686	152	1.00534	0.00192136
1686	153	1.00534	0.00192136
1686	154	1.00534	0.00192136
1686	155	1.00534	0.00192136
1686	156	1.00534	0.00192136
1686	157	1.00534	0.00192136
1686	158	1.00534	0.00192136
1686	159	1.00534	0.00192136
1686	160	1.00534	0.00192136
1686	161	1.00534	0.00192136
1686	162	1.00534	0.00192136
1686	163	1.00534	0.00192136
1686	164	1.00534	0.00192136
1686	165	1.00534	0.00192136
1686	166	1.00534	0.00192136
1686	167	1.00534	0.00192136
1686	168	1.00534	0.00192136
1686	169	1.00534	0.00192136
1686	170	1.00534	0.00192136
1686	171	1.00534	0.00192136
1686	172	1.00534	0.00192136
1686	173	1.00534	0.00192136
1686	174	1.00534	0.00192136
1686	175	1.00534	0.00192136
1686	176	1.00534	0.00192136
1686	177	1.00534	0.00192136
1686	178	1.00534	0.00192136
1686	179	1.00534	0.00192136
1686	180	1.00534	0.00192136
1686	181	1.00534	0.00192136
1686	182	1.00534	0.00192136
1686	183	1.00534	0.00192136
1686	184	1.00534	0.00192136
1686	185	1.00534	0.00192136
1686	186	1.00534	0.00192136
1686	187	1.00534	0.00192136
1686	188	1.00534	0.00192136
1686	189	1.00534	0.00192136
1686	190	1.00534	0.00192136
1686	191	1.00534	0.00192136
1686	192	1.00534	0.00192136
1686	193	1.00534	0.00192136
1686	194	1.00534	0.00192136
1686	195	1.00534	0.00192136
1686	196	1.00534	0.00192136
1686	197	1.00534	0.00192136
1686	198	1.00534	0.00192136
1686	199	1.00534	0.00192136
1686	200	1.00534	0.00192136
1686	201	1.00534	0.00192136
1686	202	1.00534	0.00192136
1686	203	1.00534	0.00192136
1686	204	1.00534	0.00192136
1686	205	1.00534	0.00192136
1686	206	1.00534	0.00192136
1686	207	1.00534	0.00192136
1686	208	1.00534	0.00192136
1686	209	1.00534	0.00192136
1686	210	1.00534	0.00192136
1686	211	1.00534	0.00192136
1686	212	1.00534	0.00192136
1686	213	1.00534	0.00192136
1686	214	1.00534	0.00192136
1686	215	1.00534	0.00192136
1686	216	1.00534	0.00192136
1686	217	1.00534	0.00192136
1686	218	1.00534	0.00192136
1686	219	1.00534	0.00192136
1686	220	1.00534	0.00192136
1686	221	1.00534	0.00192136
1686	222	1.00534	0.00192136
1686	223	1.00534	0.00192136
1686	224	1.00534	0.00192136
1686	225	1.00534	0.00192136
1686	226	1.00534	0.00192136
1686	227	1.00534	0.00192136
1686	228	1.00534	0.00192136
1686	229	1.00534	0.00192136
1686	230	1.00534	0.00192136
1686	231	1.00534	0.00192136
1686	232	1.00534	0.00192136
1686	233	1.00534	0.00192136
1686	234	1.00534	0.00192136
1686	235	1.00534	0.00192136
1686	236	1.00534	0.00192136
1686	237	1.00534	0.00192136
1686	238	1.00534	0.00192136
1686	239	1.00534	0.00192136
1686	240	1.00534	0.00192136
1686	241	1.00534	0.00192136
1686	242	1.00534	0.00192136
1686	243	1.00534	0.00192136
1686	244	1.00534	0.00192136
1686	245	1.00534	0.00192136
1686	246	1.00534	0.00192136
1686	247	1.00534	0.00192136
1686	248	1.00534	0.00192136
1686	249	1.00534	0.00192136
1686	250	1.00534	0.00192136
1686	251	1.00534	0.00192136
1686	252	1.00534	0.00192136
1686	253	1.00534	0.00192136
1686	254	1.00534	0.00192136
1686	255	1.00534	0.00192136
1686	256	1.00534	0.00192136
1686	257	1.00534	0.00192136
1686	258	1.00534	0.00192136
1686	259	1.00534	0.00192136
1686	260	1.00534	0.00192136
1686	261	1.00534	0.00192136
1686	262	1.00534	0.00192136
1686	263	1.00534	0.00192136
1686	264	1.00534	0.00192136
1686	265	1.00534	0.00192136
1686	266	1.00534	0.00192136
1686	267	1.00534	0.00192136
1686	268	1.00534	0.00192136
1686	269	1.00534	0.00192136
1686	270	1.00534	0.00192136
1686	271	1.00534	0.00192136
1686	272	1.00534	0.00192136
1686	273	1.00534	0.00192136
1686	274	1.00534	0.00192136
1686	275	1.00534	0.00192136
1686	276	1.00534	0.00192136
1686	277	1.00534	0.00192136
1686	278	1.00534	0.00192136
1686	279	1.00534	0.00192136
1686	280	1.00534	0.00192136
1686	281	1.00534	0.00192136
1686	282	1.00534	0.00192136
1686	283	1.00534	0.00192136
1686	284	1.00534	0.00192136
1686	285	1.00534	0.00192136
1686	286	1.00534	0.00192136
1686	287	1.00534	0.00192136
1686	288	1.00534	0.00192136
1686	289	1.00534	0.00192136
1686	290	1.00534	0.00192136
1686	291	1.00534	0.00192136
1686	292	1.00534	0.00192136
1686	293	1.00534	0.00192136
1686	294	1.00534	0.00192136
1686	295	1.00534	0.00192136
1686	296	1.00534	0.00192136
1686	297	1.00534	0.00192136
1686	298	1.00534	0.00192136
1686	299	1.00534	0.00192136
1686	300	1.00534	0.00192136
1686	301	1.00534	0.00192136
1686	302	1.00534	0.00192136
1686	303	1.00534	0.00192136
1686	304	1.00534	0.00192136
1686	305	1.00534	0.00192136
1686	306	1.00534	0.00192136
1686	307	1.00534	0.00192136
1686	308	1.00534	0.00192136
1686	309	1.00534	0.00192136
1686	310	1.00534	0.00192136
1686	311	1.00534	0.00192136
1686	312	1.00534	0.00192136
1686	313	1.00534	0.00192136
1686	314	1.00534	0.00192136
1686	315	1.00534	0.00192136
1686	316	1.00534	0.00192136
1686	317	1.00534	0.00192136
1686	318	1.00534	0.00192136
1686	319	1.00534	0.00192136
1686	320	1.00534	0.00192136
1686	321	1.00534	0.00192136
1686	322	1.00534	0.00192136
1686	323	1.00534	0.00192136
1686	324	1.00534	0.00192136
1686	325	1.00534	0.00192136
1686	326	1.00534	0.00192136
1686	327	1.00534	0.00192136
1686	328	1.00534	0.00192136
1686	329	1.00534	0.00192136
1686	330	1.00534	0.00192136
1686	331	1.00534	0.00192136
1686	332	1.00534	0.00192136
1686	333	1.00534	0.00192136
1686	334	1.00534	0.00192136
1686	335	1.00534	0.00192136
1686	336	1.00534	0.00192136
1686	337	1.00534	0.00192136
1686	338	1.00534	0.00192136
1686	339	1.00534	0.00192136
1686	340	1.00534	0.00192136
1686	341	1.00534	0.00192136
1686	342	1.00534	0.00192136
1686	343	1.00534	0.00192136
1686	344	1.00534	0.00192136
1686	345	1.00534	0.00192136
1686	346	1.00534	0.00192136
1686	347	1.00534	0.00192136
1686	348	1.00534	0.00192136
1686	349	1.00534	0.00192136
1686	350	1.00534	0.00192136
1686	351	1.00534	0.00192136
1686	352	1.00534	0.00192136
1686	353	1.00534	0.00192136
1686	354	1.00534	0.00192136
1686	355	1.00534	0.00192136
1686	356	1.00534	0.00192136
1686	357	1.00534	0.00192136
1686	358	1.00534	0.00192136
1686	359	1.00534	0.00192136
1686	360	1.00534	0.00192136
1686	361	1.00534	0.00192136
1686	362	1.00534	0.00192136
1686	363	1.00534	0.00192136
1686	364	1.00534	0.00192136
1686	365	1.00534	0.00192136
1686	366	1.00534	0.00192136
1686	367	1.00534	0.00192136
1686	368	1.00534	0.00192136
1686	369	1.00534	0.00192136
1686	370	1.00534	0.00192136
1686	371	1.00534	0.00192136
1686	372	1.00534	0.00192136
1686	373	1.00534	0.00192136
1686	374	1.00534	0.00192136
1686	375	1.00534	0.00192136
1686	376	1.00534	0.00192136
1686	377	1.00534	0.00192136
1686	378	1.00534	0.00192136
1686	379	1.00534	0.00192136
1686	380	1.00534	0.00192136
1686	381	1.00534	0.00192136
1686	382	1.00534	0.00192136
1686	383	1.00534	0.00192136
1686	384	1.00534	0.00192136
1686	385	1.00534	0.00192136
1686	386	1.00534	0.00192136
1686	387	1.00534	0.00192136
1686	388	1.00534	0.00192136
1686	389	1.00534	0.00192136
1686	390	1.00534	0.00192136
1686	391	1.00534	0.00192136
1686	392	1.00534	0.00192136
1686	393	1.00534	0.00192136
1686	394	1.00534	0.00192136
1686	395	1.00534	0.00192136
1686	396	1.00534	0.00192136
1686	397	1.00534	0.00192136
1686	398	1.00534	0.00192136
1686	399	1.00534	0.00192136
1686	400	1.00534	0.00192136
1686	401	1.00534	0.00192136
1686	402	1.00534	0.00192136
1686	403	1.00534	0.00192136
1686	404	1.00534	0.00192136
1686	405	1.00534	0.00192136
1686	406	1.00534	0.00192136
1686	407	1.00534	0.00192136
1686	408	1.00534	0.00192136
1686	409	1.00534	0.00192136
1686	410	1.00534	0.00192136
1686	411	1.00534	0.00192136
1686	412	1.00534	0.00192136
1686	413	1.00534	0.00192136
1686	414	1.00534	0.00192136
1686	415	1.00534	0.00192136
1686	416	1.00534	0.00192136
1686	417	1.00534	0.00192136
1686	418	1.00534	0.00192136
1686	419	1.00534	0.00192136
1686	420	1.00534	0.00192136
1686	421	1.00534	0.00192136
1686	422	1.00534	0.00192136
1686	423	1.00534	0.00192136
1686	424	1.00534	0.00192136
1686	425	1.00534	0.00192136
1686	426	1.00534	0.00192136
1686	427	1.00534	0.00192136
1686	428	1.00534	0.00192136
1686	429	1.00534	0.00192136
1686	430	1.00534	0.00192136
1686	431	1.00534	0.00192136
1686	432	1.00534	0.00192136
1686	433	1.00534	0.00192136
1686	434	1.00534	0.00192136
1686	435	1.00534	0.00192136
1686	436	1.00534	0.00192136
1686	437	1.00534	0.00192136
1686	438	1.00534	0.00192136
1686	439	1.00534	0.00192136
1686	440	1.00534	0.00192136
1686	441	1.00534	0.00192136
1686	442	1.00534	0.00192136
1686	443	1.00534	0.00192136
1686	444	1.00534	0.00192136
1686	445	1.00534	0.00192136
1686	446	1.00534	0.00192136
1686	447	1.00534	0.00192136
1686	448	1.00534	0.00192136
1686	449	1.00534	0.00192136
1686	450	1.00534	0.00192136
1686	451	1.00534	0.00192136
1686	452	1.00534	0.00192136
1686	453	1.00534	0.00192136
1686	454	1.00534	0.00192136
1686	455	1.00534	0.00192136
1686	456	1.00534	0.00192136
1686	457	1.00534	0.00192136
1686	458	1.00534	0.00192136
1686	459	1.00534	0.00192136
1686	460	1.00534	0.00192136
1686	461	1.00534	0.00192136
1686	462	1.00534	0.00192136
1686	463	1.00534	0.00192136
1686	464	1.00534	0.00192136
1686	465	1.00534	0.00192136
1686	466	1.00534	0.00192136
1686	467	1.00534	0.00192136
1686	468	1.00534	0.00192136
1686	469	1.00534	0.00192136
1686	470	1.00534	0.00192136
1686	471	1.00534	0.00192136
1686	472	1.00534	0.00192136
1686	473	1.00534	0.00192136
1686	474	1.00534	0.00192136
1686	475	1.00534	0.00192136
1686	476	1.00534	0.00192136
1686	477	1.00534	0.00192136
1686	478	1.00534	0.00192136
1686	479	1.00534	0.00192136
1686	480	1.00534	0.00192136
1686	481	1.00534	0.00192136
1686	482	1.00534	0.00192136
1686	483	1.00534	0.00192136
1686	484	1.00534	0.00192136
1686	485	1.00534	0.00192136
1686	486	1.00534	0.00192136
1686	487	1.00534	0.00192136
1686	488	1.00534	0.00192136
1686	489	1.00534	0.00192136
1686	490	1.00534	0.00192136
1686	491	1.00534	0.00192136
1686	492	1.00534	0.00192136
1686	493	1.00534	0.00192136
1686	494	1.00534	0.00192136
1686	495	1.00534	0.00192136
1686	496	1.00534	0.00192136
1686	497	1.00534	0.00192136
1686	498	1.00534	0.00192136
1686	499	1.00534	0.00192136
1686	500	1.00534	0.00192136
1686	501	1.00534	0.00192136
1686	502	1.00534	0.00192136
1686	503	1.00534	0.00192136
1686	504	1.00534	0.00192136
1686	505	1.00534	0.00192136
1686	506	1.00534	0.00192136
1686	507	1.00534	0.00192136
1686	508	1.00534	0.00192136
1686	509	1.00534	0.00192136
1686	510	1.00534	0.00192136
1686	511	1.00534	0.00192136
1686	512	1.00534	0.00192136
1686	513	1.00534	0.00192136
1686	514	1.00534	0.00192136
1686	515	1.00534	0.00192136
1686	516	1.00534	0.00192136
1686	517	1.00534	0.00192136
1686	518	1.00534	0.00192136
1686	519	1.00534	0.00192136
1686	520	1.00534	0.00192136
1686	521	1.00534	0.00192136
1686	522	1.00534	0.00192136
1686	523	1.00534	0.00192136
1686	524	1.00534	0.00192136
1686	525	1.00534	0.00192136
1686	526	1.00534	0.00192136
1686	527	1.00534	0.00192136
1686	528	1.00534	0.00192136
1686	529	1.00534	0.00192136
1686	530	1.00534	0.00192136
1686	531	1.00534	0.00192136
1686	532	1.00534	0.00192136
1686	533	1.00534	0.00192136
1686	534	1.00534	0.00192136
1686	535	1.00534	0.00192136
1686	536	1.00534	0.00192136
1686	537	1.00534	0.00192136
1686	538	1.00534	0.00192136
1686	539	1.00534	0.00192136
1686	540	1.00534	0.00192136
1686	541	1.00534	0.00192136
1686	542	1.00534	0.00192136
1686	543	1.00534	0.00192136
1686	544	1.00534	0.00192136
1686	545	1.00534	0.00192136
1686	546	1.00534	0.00192136
1686	547	1.00534	0.00192136
1686	548	1.00534	0.00192136
1686	549	1.00534	0.00192136
1686	550	1.00534	0.00192136
1686	551	1.00534	0.00192136
1686	552	1.00534	0.00192136
1686	553	1.00534	0.00192136
1686	554	1.00534	0.00192136
1686	555	1.00534	0.00192136
1686	556	1.00534	0.00192136
1686	557	1.00534	0.00192136
1686	558	1.00534	0.00192136
1686	559	1.00534	0.00192136
1686	560	1.00534	0.00192136
1686	561	1.00534	0.00192136
1686	562	1.00534	0.00192136
1686	563	1.00534	0.00192136
1686	564	1.00534	0.00192136
1686	565	1.00534	0.00192136
1686	566	1.00534	0.00192136
1686	567	1.00534	0.00192136
1686	568	1.00534	0.00192136
1686	569	1.00534	0.00192136
1686	570	1.00534	0.00192136
1686	571	1.00534	0.00192136
1686	572	1.00534	0.00192136
1686	573	1.00534	0.00192136
1686	574	1.00534	0.00192136
1686	575	1.00534	0.00192136
1686	576	1.00534	0.00192136
1686	577	1.00534	0.00192136
1686	578	1.00534	0.00192136
1686	579	1.00534	0.00192136
1686	580	1.00534	0.00192136
1686	581	1.00534	0.00192136
1686	582	1.00534	0.00192136
1686	583	1.00534	0.00192136
1686	584	1.00534	0.00192136
1686	585	1.00534	0.00192136
1686	586	1.00534	0.00192136
1686	587	1.00534	0.00192136
1686	588	1.00534	0.00192136
1686	589	1.00534	0.00192136
1686	590	1.00534	0.00192136
1686	591	1.00534	0.00192136
1686	592	1.00534	0.00192136
1686	593	1.00534	0.00192136
1686	594	1.00534	0.00192136
1686	595	1.00534	0.00192136
1686	596	1.00534	0.00192136
1686	597	1.00534	0.00192136
1686	598	1.00534	0.00192136
1686	599	1.00534	0.00192136
1686	600	1.00534	0.00192136
1686	601	1.00534	0.00192136
1686	602	1.00534	0.00192136
1686	603	1.00534	0.00192136
1686	604	1.00534	0.00192136
1686	605	1.00534	0.00192136
1686	606	1.00534	0.00192136
1686	607	1.00534	0.00192136
1686	608	1.00534	0.00192136
1686	609	1.00534	0.00192136
1686	610	1.00534	0.00192136
1686	611	1.00534	0.00192136
1686	612	1.00534	0.00192136
1686	613	1.00534	0.00192136
1686	614	1.00534	0.00192136
1686	615	1.00534	0.00192136
1686	616	1.00534	0.00192136
1686	617	1.00534	0.00192136
1686	618	1.00534	0.00192136
1686	619	1.00534	0.00192136
1686	620	1.00534	0.00192136
1686	621	1.00534	0.00192136
1686	622	1.00534	0.00192136
1686	623	1.00534	0.00192136
1686	624	1.00534	0.00192136
1686	625	1.00534	0.00192136
1686	626	1.00534	0.00192136
1686	627	1.00534	0.00192136
1686	628	1.00534	0.00192136
1686	629	1.00534	0.00192136
1686	630	1.00534	0.00192136
1686	631	1.00534	0.00192136
1686	632	1.00534	0.00192136
1686	633	1.00534	0.00192136
1686	634	1.00534	0.00192136
1686	635	1.00534	0.00192136
1686	636	1.00534	0.00192136
1686	637	1.00534	0.00192136
1686	638	1.00534	0.00192136
1686	639	1.00534	0.00192136
1686	640	1.00534	0.00192136
1686	641	1.00534	0.00192136
1686	642	1.00534	0.00192136
1686	643	1.00534	0.00192136
1686	644	1.00534	0.00192136
1686	645	1.00534	0.00192136
1686	646	1.00534	0.00192136
1686	647	1.00534	0.00192136
1686	648	1.00534	0.00192136
1686	649	1.00534	0.00192136
1686	650	1.00534	0.00192136
1686	651	1.00534	0.00192136
1686	652	1.00534	0.00192136
1686	653	1.00534	0.00192136
1686	654	1.00534	0.00192136
1686	655	1.00534	0.00192136
1686	656	1.00534	0.00192136
1686	657	1.00534	0.00192136
1686	658	1.00534	0.00192136
1686	659	1.00534	0.00192136
1686	660	1.00534	0.00192136
1686	661	1.00534	0.00192136
1686	662	1.00534	0.00192136
1686	663	1.00534	0.00192136
1686	664	1.00534	0.00192136
1686	665	1.00534	0.00192136
1686	666	1.00534	0.00192136
1686	667	1.00534	0.00192136
1686	668	1.00534	0.00192136
1686	669	1.00534	0.00192136
1686	670	1.00534	0.00192136
1686	671	1.00534	0.00192136
1686	672	1.00534	0.00192136
1686	673	1.00534	0.00192136
1686	674	1.00534	0.00192136
1686	675	1.00534	0.00192136
1686	676	1.00534	0.00192136
1686	677	1.00534	0.00192136
1686	678	1.00534	0.00192136
1686	679	1.00534	0.00192136
1686	680	1.00534	0.00192136
1686	681	1.00534	0.00192136
1686	682	1.00534	0.00192136
1686	683	1.00534	0.00192136
1686	684	1.00534	0.00192136
1686	685	1.00534	0.00192136
1686	686	1.00534	0.00192136
1686	687	1.00534	0.00192136
1686	688	1.00534	0.00192136
1686	689	1.00534	0.00192136
1686	690	1.00534	0.00192136
1686	691	1.00534	0.00192136
1686	692	1.00534	0.00192136
1686	693	1.00534	0.00192136
1686	694	1.00534	0.00192136
1686	695	1.00534	0.00192136
1686	696	1.00534	0.00192136
1686	697	1.00534	0.00192136
1686	698	1.00534	0.00192136
1686	699	1.00534	0.00192136
1686	700	1.00534	0.00192136
1686	701	1.00534	0.00192136
1686	702	1.00534	0.00192136
1686	703	1.00534	0.00192136
1686	704	1.00534	0.00192136
1686	705	1.00534	0.00192136
1686	706	1.00534	0.00192136
1686	707	1.00534	0.00192136
1686	708	1.00534	0.00192136
1686	709	1.00534	0.00192136
1686	710	1.00534	0.00192136
1686	711	1.00534	0.00192136
1686	712	1.00534	0.00192136
1686	713	1.00534	0.00192136
1686	714	1.00534	0.00192136
1686	715	1.00534	0.00192136
1686	716	1.00534	0.00192136
1686	717	1.00534	0.00192136
1686	718	1.00534	0.00192136
1686	719	1.00534	0.00192136
1686	720	1.00534	0.00192136
1686	721	1.00534	0.00192136
1686	722	1.00534	0.00192136
1686	723	1.00534	0.00192136
1686	724	1.00534	0.00192136
1686	725	1.00534	0.00192136
1686	726	1.00534	0.00192136
1686	727	1.00534	0.00192136
1686	728	1.00534	0.00192136
1686	729	1.00534	0.00192136
1686	730	1.00534	0.00192136
1686	731	1.00534	0.00192136
1686	732	1.00534	0.00192136
1686	733	1.00534	0.00192136
1686	734	1.00534	0.00192136
1686	735	1.00534	0.00192136
1686	736	1.00534	0.00192136
1686	737	1.00534	0.00192136
1686	738	1.00534	0.00192136
1686	739	1.00534	0.00192136
1686	740	1.00534	0.00192136
1686	741	1.00534	0.00192136
1686	742	1.00534	0.00192136
1686	743	1.00534	0.00192136
1686	744	1.00534	0.00192136
1686	745	1.00534	0.00192136
1686	746	1.00534	0.00192136
1686	747	1.00534	0.00192136
1686	748	1.00534	0.00192136
1686	749	1.00534	0.00192136
1686	750	1.00534	0.00192136
1686	751	1.00534	0.00192136
1686	752	1.00534	0.00192136
1686	753	1.00534	0.00192136
1686	754	1.00534	0.00192136
1686	755	1.00534	0.00192136
1686	756	1.00534	0.00192136
1686	757	1.00534	0.00192136
1686	758	1.00534	0.00192136
1686	759	1.00534	0.00192136
1686	760	1.00534	0.00192136
1686	761	1.00534	0.00192136
1686	762	1.00534	0.00192136
1686	763	1.00534	0.00192136
1686	764	1.00534	0.00192136
1686	765	1.00534	0.00192136
1686	766	1.00534	0.00192136
1686	767	1.00534	0.00192136
1686	768	1.00534	0.00192136
1686	769	1.00534	0.00192136
1686	770	1.00534	0.00192136
1686	771	1.00534	0.00192136
1686	772	1.00534	0.00192136
1686	773	1.00534	0.00192136
1686	774	1.00534	0.00192136
1686	775	1.00534	0.00192136
1686	776	1.00534	0.00192136
1686	777	1.00534	0.00192136
1686	778	1.00534	0.00192136
1686	779	1.00534	0.00192136
1686	780	1.00534	0.00192136
1686	781	1.00534	0.00192136
1686	782	1.00534	0.00192136
1686	783	1.00534	0.00192136
1686	784	1.00534	0.00192136
1686	785	1.00534	0.00192136
1686	786	1.00534	0.00192136
1686	787	1.00534	0.00192136
1686	788	1.00534	0.00192136
1686	789	1.00534	0.00192136
1686	790	1.00534	0.00192136
1686	791	1.00534	0.00192136
1686	792	1.00534	0.00192136
1686	793	1.00534	0.00192136
1686	794	1.00534	0.00192136
1686	795	1.00534	0.00192136
1686	796	1.00534	0.00192136
1686	797	1.00534	0.00192136
1686	798	1.00534	0.00192136
1686	799	1.00534	0.00192136
1686	800	1.00534	0.00192136
1686	801	1.00534	0.00192136
1686	802	1.00534	0.00192136
1686	803	1.00534	0.00192136
1686	804	1.00534	0.00192136
1686	805	1.00534	0.00192136
1686	806	1.00534	0.00192136
1686	807	1.00534	0.00192136
1686	808	1.00534	0.00192136
1686	809	1.00534	0.00192136
1686	810	1.00534	0.00192136
1686	811	1.00534	0.00192136
1686	812	1.00534	0.00192136
1686	813	1.00534	0.00192136
1686	814	1.00534	0.00192136
1686	815	1.00534	0.00192136
1686	816	1.00534	0.00192136
1686	817	1.00534	0.00192136
1686	818	1.00534	0.00192136
1686	819	1.00534	0.00192136
1686	820	1.00534	0.00192136
1686	821	1.00534	0.00192136
1686	822	1.00534	0.00192136
1686	823	1.00534	0.00192136
1686	824	1.00534	0.00192136
1686	825	1.00534	0.00192136
1686	826	1.00534	0.00192136
1686	827	1.00534	0.00192136
1686	828	1.00534	0.00192136
1686	829	1.00534	0.00192136
1686	830	1.00534	0.00192136
1686	831	1.00534	0.00192136
1686	832	1.00534	0.00192136
1686	833	1.00534	0.00192136
1686	834	1.00534	0.00192136
1686	835	1.00534	0.00192136
1686	836	1.00534	0.00192136
1686	837	1.00534	0.00192136
1686	838	1.00534	0.00192136
1686	839	1.00534	0.00192136
1686	840	1.00534	0.00192136
1686	841	1.00534	0.00192136
1686	842	1.00534	0.00192136
1686	843	1.00534	0.00192136
1686	844	1.00534	0.00192136
1686	845	1.00534	0.00192136
1686	846	1.00534	0.00192136
1686	847	1.00534	0.00192136
1686	848	1.00534	0.00192136
1686	849	1.00534	0.00192136
1686	850	1.00534	0.00192136
1686	851	1.00534	0.00192136
1686	852	1.00534	0.00192136
1686	853	1.00534	0.00192136
1686	854	1.00534	0.00192136
1686	855	1.00534	0.00192136
1686	856	1.00534	0.00192136
1686	857	1.00534	0.00192136
1686	858	1.00534	0.00192136
1686	859	1.00534	0.00192136
1686	860	1.00534	0.00192136
1686	861	1.00534	0.00192136
1686	862	1.00534	0.00192136
1686	863	1.00534	0.00192136
1686	864	1.00534	0.00192136
1686	865	1.00534	0.00192136
1686	866	1.00534	0.00192136
1686	867	1.00534	0.00192136
1686	868	1.00534	0.00192136
1686	869	1.00534	0.00192136
1686	870	1.00534	0.00192136
1686	871	1.00534	0.00192136
1686	872	1.00534	0.00192136
1686	873	1.00534	0.00192136
1686	874	1.00534	0.00192136
1686	875	1.00534	0.00192136
1686	876	1.00534	0.00192136
1686	877	1.00534	0.00192136
1686	878	1.00534	0.00192136
1686	879	1.00534	0.00192136
1686	880	1.00534	0.00192136
1686	881	1.00534	0.00192136
1686	882	1.00534	0.00192136
1686	883	1.00534	0.00192136
1686	884	1.00534	0.00192136
1686	885	1.00534	0.00192136
1686	886	1.00534	0.00192136
1686	887	1.00534	0.00192136
1686	888	1.00534	0.00192136
1686	889	1.00534	0.00192136
1686	890	1.00534	0.00192136
1686	891	1.00534	0.00192136
1686	892	1.00534	0.00192136
1686	893	1.00534	0.00192136
1686	894	1.00534	0.00192136
1686	895	1.00534	0.00192136
1686	896	1.00534	0.00192136
1686	897	1.00534	0.00192136
1686	898	1.00534	0.00192136
1686	899	1.00534	0.00192136
1686	900	1.00534	0.00192136
1686	901	1.00534	0.00192136
1686	902	1.00534	0.00192136
1686	903	1.00534	0.00192136
1686	904	1.00534	0.00192136
1686	905	1.00534	0.00192136
1686	906	1.00534	0.00192136
1686	907	1.00534	0.00192136
1686	908	1.00534	0.00192136
1686	909	1.00534	0.00192136
1686	910	1.00534	0.00192136
1686	911	1.00534	0.00192136
1686	912	1.00534	0.00192136
1686	913	1.00534	0.00192136
1686	914	1.00534	0.00192136
1686	915	1.00534	0.00192136
1686	916	1.00534	0.00192136
1686	917	1.00534	0.00192136
1686	918	1.00534	0.00192136
1686	919	1.00534	0.00192136
1686	920	1.00534	0.00192136
1686	921	1.00534	0.00192136
1686	922	1.00534	0.00192136
1686	923	1.00534	0.00192136
1686	924	1.00534	0.00192136
1686	925	1.00534	0.00192136
1686	926	1.00534	0.00192136
1686	927	1.00534	0.00192136
1686	928	1.00534	0.00192136
1686	929	1.00534	0.00192136
1686	930	1.00534	0.00192136
1686	931	1.00534	0.00192136
1686	932	1.00534	0.00192136
1686	933	1.00534	0.00192136
1686	934	1.00534	0.00192136
1686	935	1.00534	0.00192136
1686	936	1.00534	0.00192136
1686	937	1.00534	0.00192136
1686	938	1.00534	0.00192136
1686	939	1.00534	0.00192136
1686	940	1.00534	0.00192136
1686	941	1.00534	0.00192136
1686	942	1.00534	0.00192136
1686	943	1.00534	0.00192136
1686	944	1.00534	0.00192136
1686	945	1.00534	0.00192136
1686	946	1.00534	0.00192136
1686	947	1.00534	0.00192136
1686	948	1.00534	0.00192136
1686	949	1.00534	0.00192136
1686	950	1.00534	0.00192136
1686	951	1.00534	0.00192136
1686	952	1.00534	0.00192136
1686	953	1.00534	0.00192136
1686	954	1.00534	0.00192136
1686	955	1.00534	0.00192136
1686	956	1.00534	0.00192136
1686	957	1.00534	0.00192136
1686	958	1.00534	0.00192136
1686	959	1.00534	0.00192136
1686	960	1.00534	0.00192136
1686	961	1.00534	0.00192136
1686	962	1.00534	0.00192136
1686	963	1.00534	0.00192136
1686	964	1.00534	0.00192136
1686	965	1.00534	0.00192136
1686	966	1.00534	0.00192136
1686	967	1.00534	0.00192136
1686	968	1.00534	0.00192136
1686	969	1.00534	0.00192136
1686	970	1.00534	0.00192136
1686	971	1.00534	0.00192136
1686	972	1.00534	0.00192136
1686	973	1.00534	0.00192136
1686	974	1.00534	0.00192136
1686	975	1.00534	0.00192136
1686	976	1.00534	0.00192136
1686	977	1.00534	0.00192136
1686	978	1.00534	0.00192136
1686	979	1.00534	0.00192136
1686	980	1.00534	0.00192136
1686	981	1.00534	0.00192136
1686	982	1.00534	0.00192136
1686	983	1.00534	0.00192136
1686	984	1.00534	0.00192136
1686	985	1.00534	0.00192136
1686	986	1.00534	0.00192136
1686	987	1.00534	0.00192136
1686	988	1.00534	0.00192136
1686	989	1.00534	0.00192136
1686	990	1.00534	0.00192136
1686	991	1.00534	0.00192136
1686	992	1.00534	0.00192136
1686	993	1.00534	0.00192136
1686	994	1.00534	0.00192136
1686	995	1.00534	0.00192136
1686	996	1.00534	0.00192136
1686	997	1.00534	0.00192136
1686	998	1.00534	0.00192136
1686	999	1.00534	0.00192136
1686	1000	1.00534	0.00192136
1686	1001	1.00534	0.00192136
1686	1002	1.00534	0.00192136
1686	1003	1.00534	0.00192136
1686	1004	1.00534	0.00192136
1686	1005	1.00534	0.00192136
1686	1006	1.00534	0.00192136
1686	1007	1.00534	0.00192136
1686	1008	1.00534	0.00192136
1686	1009	1.00534	0.00192136
1686	1010	1.00534	0.00192136
1686	1011	1.00534	0.00192136
1686	1012	1.00534	0.00192136
1686	1013	1.00534	0.00192136
1686	1014	1.00534	0.00192136
1686	1015	1.00534	0.00192136
1686	1016	1.00534	0.00192136
1686	1017	1.00534	0.00192136
1686	1018	1.00534	0.00192136
1686	1019	1.00534	0.00192136
1686	1020	1.00534	0.00192136
1686	1021	1.00534	0.00192136
1686	1022	1.00534	0.00192136
1686	1023	1.00534	0.00192136
1686	1024	1.00534	0.00192136
1686	1025	1.00534	0.00192136
1686	1026	1.00534	0.00192136
1686	1027	1.00534	0.00192136
1686	1028	1.00534	0.00192136
1686	1029	1.00534	0.00192136
1686	1030	1.00534	0.00192136
1686	1031	1.00534	0.00192136
1686	1032	1.00534	0.00192136
1686	1033	1.00534	0.00192136
1686	1034	1.00534	0.00192136
1686	1035	1.00534	0.00192136
1686	1036	1.00534	0.00192136
1686	1037	1.00534	0.00192136
1686	1038	1.00534	0.00192136
1686	1039	1.00534	0.00192136
1686	1040	1.00534	0.00192136
1686	1041	1.00534	0.00192136
1686	1042	1.00534	0.00192136
1686	1043	1.00534	0.00192136
1686	1044	1.00534	0.00192136
1686	1045	1.00534	0.00192136
1686	1046	1.00534	0.00192136
1686	1047	1.00534	0.00192136
1686	1048	1.00534	0.00192136
1686	1049	1.00534	0.00192136
1686	1050	1.00534	0.00192136
1686	1051	1.00534	0.00192136
1686	1052	1.00534	0.00192136
1686	1053	1.00534	0.00192136
1686	1054	1.00534	0.00192136
1686	1055	1.00534	0.00192136
1686	1056	1.00534	0.00192136
1686	1057	1.00534	0.00192136
1686	1058	1.00534	0.00192136
1686	1059	1.00534	0.00192136
1686	1060	1.00534	0.00192136
1686	1061	1.00534	0.00192136
1686	1062	1.00534	0.00192136
1686	1063	1.00534	0.00192136
1686	1064	1.00534	0.00192136
1686	1065	1.00534	0.00192136
1686	1066	1.00534	0.00192136
1686	1067	1.00534	0.00192136
1686	1068	1.00534	0.00192136
1686	1069	1.00534	0.00192136
1686	1070	1.00534	0.00192136
1686	1071	1.00534	0.00192136
1686	1072	1.00534	0.00192136
1686	1073	1.00534	0.00192136
1686	1074	1.00534	0.00192136
1686	1075	1.00534	0.00192136
1686	1076	1.00534	0.00192136
1686	1077	1.00534	0.00192136
1686	1078	1.00534	0.00192136
1686	1079	1.00534	0.00192136
1686	1080	1.00534	0.00192136
1686	1081	1.00534	0.00192136
1686	1082	1.00534	0.00192136
1686	1083	1.00534	0.00192136
1686	1084	1.00534	0.00192136
1686	1085	1.00534	0.00192136
1686	1086	1.00534	0.00192136
1686	1087	1.00534	0.00192136
1686	1088	1.00534	0.00192136
1686	1089	1.00534	0.00192136
1686	1090	1.00534	0.00192136
1686	1091	1.00534	0.00192136
1686	1092	1.00534	0.00192136
1686	1093	1.00534	0.00192136
1686	1094	1.00534	0.00192136
1686	1095	1.00534	0.00192136
1686	1096	1.00534	0.00192136
1686	1097	1.00534	0.00192136
1686	1098	1.00534	0.00192136
1686	1099	1.00534	0.00192136
1686	1100	1.00534	0.00192136
1686	1101	1.00534	0.00192136
1686	1102	1.00534	0.00192136
1686	1103	1.00534	0.00192136
1686	1104	1.00534	0.00192136
1686	1105	1.00534	0.00192136
1686	1106	1.00534	0.00192136
1686	1107	1.00534	0.00192136
1686	1108	1.00534	0.00192136
1686	1109	1.00534	0.00192136
1686	1110	1.00534	0.00192136
1686	1111	1.00534	0.00192136
1686	1112	1.00534	0.00192136
1686	1113	1.00534	0.00192136
1686	1114	1.00534	0.00192136
1686	1115	1.00534	0.00192136
1686	1116	1.00534	0.00192136
1686	1117	1.00534	0.00192136
1686	1118	1.00534	0.00192136
1686	1119	1.00534	0.00192136
1686	1120	1.00534	0.00192136
1686	1121	1.00534	0.00192136
1686	1122	1.00534	0.00192136
1686	1123	1.00534	0.00192136
1686	1124	1.00534	0.00192136
1686	1125	1.00534	0.00192136
1686	1126	1.00534	0.00192136
1686	1127	1.00534	0.00192136
1686	1128	1.00534	0.00192136
1686	1129	1.00534	0.00192136
1686	1130	1.00534	0.00192136
1686	1131	1.00534	0.00192136
1686	1132	1.00534	0.00192136
1686	1133	1.00534	0.00192136
1686	1134	1.00534	0.00192136
1686	1135	1.00534	0.00192136
1686	1136	1.00534	0.00192136
1686	1137	1.00534	0.00192136
1686	1138	1.00534	0.00192136
1686	1139	1.00534	0.00192136
1686	1140	1.00534	0.00192136
1686	1141	1.00534	0.00192136
1686	1142	1.00534	0.00192136
1686	1143	1.00534	0.00192136
1686	1144	1.00534	0.00192136
1686	1145	1.00534	0.00192136
1686	1146	1.00534	0.00192136
1686	1147	1.00534	0.00192136
1686	1148	1.00534	0.00192136
1686	1149	1.00534	0.00192136
1686	1150	1.00534	0.00192136
1686	1151	1.00534	0.00192136
1686	1152	1.00534	0.00192136
1686	1153	1.00534	0.00192136
1686	1154	1.00534	0.00192136
1686	1155	1.00534	0.00192136
1686	1156	1.00534	0.00192136
1686	1157	1.00534	0.00192136
1686	1158	1.00534	0.00192136
1686	1159	1.00534	0.00192136
1686	1160	1.00534	0.00192136
1686	1161	1.00534	0.00192136
1686	1162	1.00534	0.00192136
1686	1163	1.00534	0.00192136
1686	1164	1.00534	0.00192136
1686	1165	1.00534	0.00192136
1686	1166	1.00534	0.00192136
1686	1167	1.00534	0.00192136
1686	1168	1.00534	0.00192136
1686	1169	1.00534	0.00192136
1686	1170	1.00534	0.00192136
1686	1171	1.00534	0.00192136
1686	1172	1.00534	0.00192136
1686	1173	1.00534	0.00192136
1686	1174	1.00534	0.00192136
1686	1175	1.00534	0.00192136
1686	1176	1.00534	0.00192136
1686	1177	1.00534	0.00192136
1686	1178	1.00534	0.00192136
1686	1179	1.00534	0.00192136
1686	1180	1.00534	0.00192136
1686	1181	1.00534	0.00192136
1686	1182	1.00534	0.00192136
1686	1183	1.00534	0.00192136
1686	1184	1.00534	0.00192136
1686	1185	1.00534	0.00192136
1686	1186	1.00534	0.00192136
1686	1187	1.00534	0.00192136
1686	1188	1.00534	0.00192136
1686	1189	1.00534	0.00192136
1686	1190	1.00534	0.00192136
1686	1191	1.00534	0.00192136
1686	1192	1.00534	0.00192136
1686	1193	1.00534	0.00192136
1686	1194	1.00534	0.00192136
1686	1195	1.00534	0.00192136
1686	1196	1.00534	0.00192136
1686	1197	1.00534	0.00192136
1686	1198	1.00534	0.00192136
1686	1199	1.00534	0.00192136
1686	1200	1.00534	0.00192136
1686	1201	1.00534	0.00192136
1686	1202	1.00534	0.00192136
1686	1203	1.00534	0.00192136
1686	1204	1.00534	0.00192136
1686	1205	1.00534	0.00192136
1686	1206	1.00534	0.00192136
1686	1207	1.00534	0.00192136
1686	1208	1.00534	0.00192136
1686	1209	1.00534	0.00192136
1686	1210	1.00534	0.00192136
1686	1211	1.00534	0.00192136
1686	1212	1.00534	0.00192136
1686	1213	1.00534	0.00192136
1686	1214	1.00534	0.00192136
1686	1215	1.00534	0.00192136
1686	1216	1.00534	0.00192136
1686	1217	1.00534	0.00192136
1686	1218	1.00534	0.00192136
1686	1219	1.00534	0.00192136
1686	1220	1.00534	0.00192136
1686	1221	1.00534	0.00192136
1686	1222	1.00534	0.00192136
1686	1223	1.00725	0.00195869
1686	1224	1.00725	0.00195869
1686	1225	1.00725	0.00195869
1686	1226	1.00725	0.00195869
1686	1227	1.00725	0.00195869
1686	1228	1.00725	0.00195869
1686	1229	1.00725	0.00195869
1686	1230	1.00725	0.00195869
1686	1231	1.00725	0.00195869
1686	1232	1.00725	0.00195869
1686	1233	1.00725	0.00195869
1686	1234	1.00725	0.00195869
1686	1235	1.00725	0.00195869
1686	1236	1.00725	0.00195869
1686	1237	1.00725	0.00195869
1686	1238	1.00725	0.00195869
1686	1239	1.00725	0.00195869
1686	1240	1.00725	0.00195869
1686	1241	1.00725	0.00195869
1686	1242	1.00725	0.00195869
1686	1243	1.00725	0.00195869
1686	1244	1.00725	0.00195869
1686	1245	1.00725	0.00195869
1686	1246	1.00725	0.00195869
1686	1247	1.00725	0.00195869
1686	1248	1.00725	0.00195869
1686	1249	1.00725	0.00195869
1686	1250	1.00725	0.00195869
1686	1251	1.00725	0.00195869
1686	1252	1.00725	0.00195869
1686	1253	1.00725	0.00195869
1686	1254	1.00725	0.00195869
1686	1255	1.00725	0.00195869
1686	1256	1.00725	0.00195869
1686	1257	1.00725	0.00195869
1686	1258	1.00725	0.00195869
1686	1259	1.00725	0.00195869
1686	1260	1.00725	0.00195869
1686	1261	1.00725	0.00195869
1686	1262	1.00725	0.00195869
1686	1263	1.00725	0.00195869
1686	1264	1.00725	0.00195869
1686	1265	1.00725	0.00195869
1686	1266	1.00725	0.00195869
1686	1267	1.00725	0.00195869
1686	1268	1.00725	0.00195869
1686	1269	1.00725	0.00195869
1686	1270	1.00725	0.00195869
1686	1271	1.00725	0.00195869
1686	1272	1.00725	0.00195869
1686	1273	1.00725	0.00195869
1686	1274	1.00725	0.00195869
1686	1275	1.00725	0.00195869
1686	1276	1.00725	0.00195869
1686	1277	1.00725	0.00195869
1686	1278	1.00725	0.00195869
1686	1279	1.00725	0.00195869
1686	1280	1.00725	0.00195869
1686	1281	1.00725	0.00195869
1686	1282	1.00725	0.00195869
1686	1283	1.00725	0.00195869
1686	1284	1.00725	0.00195869
1686	1285	1.00725	0.00195869
1686	1286	1.00725	0.00195869
1686	1287	1.00725	0.00195869
1686	1288	1.00725	0.00195869
1686	1289	1.00725	0.00195869
1686	1290	1.00725	0.00195869
1686	1291	1.00725	0.00195869
1686	1292	1.00725	0.00195869
1686	1293	1.00725	0.00195869
1686	1294	1.00725	0.00195869
1686	1295	1.00725	0.00195869
1686	1296	1.00725	0.00195869
1686	1297	1.00725	0.00195869
1686	1298	1.00725	0.00195869
1686	1299	1.00725	0.00195869
1686	1300	1.00725	0.00195869
1686	1301	1.00725	0.00195869
1686	1302	1.00725	0.00195869
1686	1303	1.00725	0.00195869
1686	1304	1.00725	0.00195869
1686	1305	1.00725	0.00195869
1686	1306	1.00725	0.00195869
1686	1307	1.00725	0.00195869
1686	1308	1.00725	0.00195869
1686	1309	1.00725	0.00195869
1686	1310	1.00725	0.00195869
1686	1311	1.00725	0.00195869
1686	1312	1.00725	0.00195869
1686	1313	1.00725	0.00195869
1686	1314	1.00725	0.00195869
1686	1315	1.00725	0.00195869
1686	1316	1.00725	0.00195869
1686	1317	1.00725	0.00195869
1686	1318	1.00725	0.00195869
1686	1319	1.00725	0.00195869
1686	1320	1.00725	0.00195869
1686	1321	1.00725	0.00195869
1686	1322	1.00725	0.00195869
1686	1323	1.00725	0.00195869
1686	1324	1.00725	0.00195869
1686	1325	1.00725	0.00195869
1686	1326	1.00725	0.00195869
1686	1327	1.00725	0.00195869
1686	1328	1.00725	0.00195869
1686	1329	1.00725	0.00195869
1686	1330	1.00725	0.00195869
1686	1331	1.00725	0.00195869
1686	1332	1.00725	0.00195869
1686	1333	1.00725	0.00195869
1686	1334	1.00725	0.00195869
1686	1335	1.00725	0.00195869
1686	1336	1.00725	0.00195869
1686	1337	1.00725	0.00195869
1686	1338	1.00725	0.00195869
1686	1339	1.00725	0.00195869
1686	1340	1.00725	0.00195869
1686	1341	1.00725	0.00195869
1686	1342	1.00725	0.00195869
1686	1343	1.00725	0.00195869
1686	1344	1.00725	0.00195869
1686	1345	1.00725	0.00195869
1686	1346	1.00725	0.00195869
1686	1347	1.00725	0.00195869
1686	1348	1.00725	0.00195869
1686	1349	1.00725	0.00195869
1686	1350	1.00725	0.00195869
1686	1351	1.00725	0.00195869
1686	1352	1.00725	0.00195869
1686	1353	1.00725	0.00195869
1686	1354	1.00725	0.00195869
1686	1355	1.00725	0.00195869
1686	1356	1.00725	0.00195869
1686	1357	1.00725	0.00195869
1686	1358	1.00725	0.00195869
1686	1359	1.00725	0.00195869
1686	1360	1.00725	0.00195869
1686	1361	1.00725	0.00195869
1686	1362	1.00725	0.00195869
1686	1363	1.00725	0.00195869
1686	1364	1.00725	0.00195869
1686	1365	1.00725	0.00195869
1686	1366	1.00725	0.00195869
1686	1367	1.00725	0.00195869
1686	1368	1.00725	0.00195869
1686	1369	1.00725	0.00195869
1686	1370	1.00725	0.00195869
1686	1371	1.00725	0.00195869
1686	1372	1.00725	0.00195869
1686	1373	1.00725	0.00195869
1686	1374	1.00725	0.00195869
1686	1375	1.00725	0.00195869
1686	1376	1.00725	0.00195869
1686	1377	1.00725	0.00195869
1686	1378	1.00725	0.00195869
1686	1379	1.00725	0.00195869
1686	1380	1.00725	0.00195869
1686	1381	1.00725	0.00195869
1686	1382	1.00725	0.00195869
1686	1383	1.00725	0.00195869
1686	1384	1.00725	0.00195869
1686	1385	1.00725	0.00195869
1686	1386	1.00725	0.00195869
1686	1387	1.00725	0.00195869
1686	1388	1.00725	0.00195869
1686	1389	1.00725	0.00195869
1686	1390	1.00725	0.00195869
1686	1391	1.00725	0.00195869
1686	1392	1.00725	0.00195869
1686	1393	1.00725	0.00195869
1686	1394	1.00725	0.00195869
1686	1395	1.00725	0.00195869
1686	1396	1.00725	0.00195869
1686	1397	1.00725	0.00195869
1686	1398	1.00725	0.00195869
1686	1399	1.00725	0.00195869
1686	1400	1.00725	0.00195869
1686	1401	1.00725	0.00195869
1686	1402	1.00725	0.00195869
1686	1403	1.00725	0.00195869
1686	1404	1.00725	0.00195869
1686	1405	1.00725	0.00195869
1686	1406	1.00725	0.00195869
1686	1407	1.00725	0.00195869
1686	1408	1.00725	0.00195869
1686	1409	1.00725	0.00195869
1686	1410	1.00725	0.00195869
1686	1411	1.00725	0.00195869
1686	1412	1.00725	0.00195869
1686	1413	1.00725	0.00195869
1686	1414	1.00725	0.00195869
1686	1415	1.00725	0.00195869
1686	1416	1.00725	0.00195869
1686	1417	1.00725	0.00195869
1686	1418	1.00725	0.00195869
1686	1419	1.00725	0.00195869
1686	1420	1.00725	0.00195869
1686	1421	1.00725	0.00195869
1686	1422	1.00725	0.00195869
1686	1423	1.00725	0.00195869
1686	1424	1.00725	0.00195869
1686	1425	1.00725	0.00195869
1686	1426	1.00725	0.00195869
1686	1427	1.00725	0.00195869
1686	1428	1.00725	0.00195869
1686	1429	1.00725	0.00195869
1686	1430	1.00725	0.00195869
1686	1431	1.00725	0.00195869
1686	1432	1.00725	0.00195869
1686	1433	1.00725	0.00195869
1686	1434	1.00725	0.00195869
1686	1435	1.00725	0.00195869
1686	1436	1.00725	0.00195869
1686	1437	1.00725	0.00195869
1686	1438	1.00725	0.00195869
1686	1439	1.00725	0.00195869
1686	1440	1.00725	0.00195869
1686	1441	1.00725	0.00195869
1686	1442	1.00725	0.00195869
1686	1443	1.00725	0.00195869
1686	1444	1.00725	0.00195869
1686	1445	1.00725	0.00195869
1686	1446	1.00725	0.00195869
1686	1447	1.00725	0.00195869
1686	1448	1.00725	0.00195869
1686	1449	1.00725	0.00195869
1686	1450	1.00725	0.00195869
1686	1451	1.00725	0.00195869
1686	1452	1.00725	0.00195869
1686	1453	1.00725	0.00195869
1686	1454	1.00725	0.00195869
1686	1455	1.00725	0.00195869
1686	1456	1.00725	0.00195869
1686	1457	1.00725	0.00195869
1686	1458	1.00725	0.00195869
1686	1459	1.00725	0.00195869
1686	1460	1.00725	0.00195869
1686	1461	1.00725	0.00195869
1686	1462	1.00725	0.00195869
1686	1463	1.00725	0.00195869
1686	1464	1.00725	0.00195869
1686	1465	1.00725	0.00195869
1686	1466	1.00725	0.00195869
1686	1467	1.00725	0.00195869
1686	1468	1.00725	0.00195869
1686	1469	1.00725	0.00195869
1686	1470	1.00725	0.00195869
1686	1471	1.00725	0.00195869
1686	1472	1.00725	0.00195869
1686	1473	1.00725	0.00195869
1686	1474	1.00725	0.00195869
1686	1475	1.00725	0.00195869
1686	1476	1.00725	0.00195869
1686	1477	1.00725	0.00195869
1686	1478	1.00725	0.00195869
1686	1479	1.00725	0.00195869
1686	1480	1.00725	0.00195869
1686	1481	1.00725	0.00195869
1686	1482	1.00725	0.00195869
1686	1483	1.00725	0.00195869
1686	1484	1.00725	0.00195869
1686	1485	1.00725	0.00195869
1686	1486	1.00725	0.00195869
1686	1487	1.00725	0.00195869
1686	1488	1.00725	0.00195869
1686	1489	1.00725	0.00195869
1686	1490	1.00725	0.00195869
1686	1491	1.00725	0.00195869
1686	1492	1.00725	0.00195869
1686	1493	1.00725	0.00195869
1686	1494	1.00725	0.00195869
1686	1495	1.00725	0.00195869
1686	1496	1.00725	0.00195869
1686	1497	1.00725	0.00195869
1686	1498	1.00725	0.00195869
1686	1499	1.00725	0.00195869
1686	1500	1.00725	0.00195869
1686	1501	1.00725	0.00195869
1686	1502	1.00725	0.00195869
1686	1503	1.00725	0.00195869
1686	1504	1.00725	0.00195869
1686	1505	1.00725	0.00195869
1686	1506	1.00725	0.00195869
1686	1507	1.00725	0.00195869
1686	1508	1.00725	0.00195869
1686	1509	1.00725	0.00195869
1686	1510	1.00725	0.00195869
1686	1511	1.00725	0.00195869
1686	1512	1.00725	0.00195869
1686	1513	1.00725	0.00195869
1686	1514	1.00725	0.00195869
1686	1515	1.00725	0.00195869
1686	1516	1.00725	0.00195869
1686	1517	1.00725	0.00195869
1686	1518	1.00725	0.00195869
1686	1519	1.00725	0.00195869
1686	1520	1.00725	0.00195869
1686	1521	1.00725	0.00195869
1686	1522	1.00725	0.00195869
1686	1523	1.00725	0.00195869
1686	1524	1.00725	0.00195869
1686	1525	1.00725	0.00195869
1686	1526	1.00725	0.00195869
1686	1527	1.00725	0.00195869
1686	1528	1.00725	0.00195869
1686	1529	1.00725	0.00195869
1686	1530	1.00725	0.00195869
1686	1531	1.00725	0.00195869
1686	1532	1.00725	0.00195869
1686	1533	1.00725	0.00195869
1686	1534	1.00725	0.00195869
1686	1535	1.00725	0.00195869
1686	1536	1.00725	0.00195869
1686	1537	1.00725	0.00195869
1686	1538	1.00725	0.00195869
1686	1539	1.00725	0.00195869
1686	1540	1.00725	0.00195869
1686	1541	1.00725	0.00195869
1686	1542	1.00725	0.00195869
1686	1543	1.00725	0.00195869
1686	1544	1.00725	0.00195869
1686	1545	1.00725	0.00195869
1686	1546	1.00725	0.00195869
1686	1547	1.00725	0.00195869
1686	1548	1.00725	0.00195869
1686	1549	1.00725	0.00195869
1686	1550	1.00725	0.00195869
1686	1551	1.00725	0.00195869
1686	1552	1.00725	0.00195869
1686	1553	1.00725	0.00195869
1686	1554	1.00725	0.00195869
1686	1555	1.00725	0.00195869
1686	1556	1.00725	0.00195869
1686	1557	1.00725	0.00195869
1686	1558	1.00725	0.00195869
1686	1559	1.00725	0.00195869
1686	1560	1.00725	0.00195869
1686	1561	1.00725	0.00195869
1686	1562	1.00725	0.00195869
1686	1563	1.00725	0.00195869
1686	1564	1.00725	0.00195869
1686	1565	1.00725	0.00195869
1686	1566	1.00725	0.00195869
1686	1567	1.00725	0.00195869
1686	1568	1.00725	0.00195869
1686	1569	1.00725	0.00195869
1686	1570	1.00725	0.00195869
1686	1571	1.00725	0.00195869
1686	1572	1.00725	0.00195869
1686	1573	1.00725	0.00195869
1686	1574	1.00725	0.00195869
1686	1575	1.00725	0.00195869
1686	1576	1.00725	0.00195869
1686	1577	1.00725	0.00195869
1686	1578	1.00725	0.00195869
1686	1579	1.00725	0.00195869
1686	1580	1.00725	0.00195869
1686	1581	1.00725	0.00195869
1686	1582	1.00725	0.00195869
1686	1583	1.00725	0.00195869
1686	1584	1.00725	0.00195869
1686	1585	1.00725	0.00195869
1686	1586	1.00725	0.00195869
1686	1587	1.00725	0.00195869
1686	1588	1.00725	0.00195869
1686	1589	1.00725	0.00195869
1686	1590	1.00725	0.00195869
1686	1591	1.00725	0.00195869
1686	1592	1.00725	0.00195869
1686	1593	1.00725	0.00195869
1686	1594	1.00725	0.00195869
1686	1595	1.00725	0.00195869
1686	1596	1.00725	0.00195869
1686	1597	1.00725	0.00195869
1686	1598	1.00725	0.00195869
1686	1599	1.00725	0.00195869
1686	1600	1.00725	0.00195869
1686	1601	1.00725	0.00195869
1686	1602	1.00725	0.00195869
1686	1603	1.00725	0.00195869
1686	1604	1.00725	0.00195869
1686	1605	1.00725	0.00195869
1686	1606	1.00725	0.00195869
1686	1607	1.00725	0.00195869
1686	1608	1.00725	0.00195869
1686	1609	1.00725	0.00195869
1686	1610	1.00725	0.00195869
1686	1611	1.00725	0.00195869
1686	1612	1.00725	0.00195869
1686	1613	1.00725	0.00195869
1686	1614	1.00725	0.00195869
1686	1615	1.00725	0.00195869
1686	1616	1.00725	0.00195869
1686	1617	1.00725	0.00195869
1686	1618	1.00725	0.00195869
1686	1619	1.00725	0.00195869
1686	1620	1.00725	0.00195869
1686	1621	1.00725	0.00195869
1686	1622	1.00725	0.00195869
1686	1623	1.00725	0.00195869
1686	1624	1.00725	0.00195869
1686	1625	1.00725	0.00195869
1686	1626	1.00725	0.00195869
1686	1627	1.00725	0.00195869
1686	1628	1.00725	0.00195869
1686	1629	1.00725	0.00195869
1686	1630	1.00725	0.00195869
1686	1631	1.00725	0.00195869
1686	1632	1.00725	0.00195869
1686	1633	1.00725	0.00195869
1686	1634	1.00725	0.00195869
1686	1635	1.00725	0.00195869
1686	1636	1.00725	0.00195869
1686	1637	1.00725	0.00195869
1686	1638	1.00725	0.00195869
1686	1639	1.00725	0.00195869
1686	1640	1.00725	0.00195869
1686	1641	1.00725	0.00195869
1686	1642	1.00725	0.00195869
1686	1643	1.00725	0.00195869
1686	1644	1.00725	0.00195869
1686	1645	1.00725	0.00195869
1686	1646	1.00725	0.00195869
1686	1647	1.00725	0.00195869
1686	1648	1.00725	0.00195869
1686	1649	1.00725	0.00195869
1686	1650	1.00725	0.00195869
1686	1651	1.00725	0.00195869
1686	1652	1.00725	0.00195869
1686	1653	1.00725	0.00195869
1686	1654	1.00725	0.00195869
1686	1655	1.00725	0.00195869
1686	1656	1.00725	0.00195869
1686	1657	1.00725	0.00195869
1686	1658	1.00725	0.00195869
1686	1659	1.00725	0.00195869
1686	1660	1.00725	0.00195869
1686	1661	1.00725	0.00195869
1686	1662	1.00725	0.00195869
1686	1663	1.00725	0.00195869
1686	1664	1.00725	0.00195869
1686	1665	1.00725	0.00195869
1686	1666	1.00725	0.00195869
1686	1667	1.00725	0.00195869
1686	1668	1.00725	0.00195869
1686	1669	1.00725	0.00195869
1686	1670	1.00725	0.00195869
1686	1671	1.00725	0.00195869
1686	1672	1.00725	0.00195869
1686	1673	1.00725	0.00195869
1686	1674	1.00725	0.00195869
1686	1675	1.00725	0.00195869
1686	1676	1.00725	0.00195869
1686	1677	1.00725	0.00195869
1686	1678	1.00725	0.00195869
1686	1679	1.00725	0.00195869
1686	1680	1.00725	0.00195869
1686	1681	1.00725	0.00195869
1686	1682	1.00725	0.00195869
1686	1683	1.00725	0.00195869
1686	1684	1.00725	0.00195869
1686	1685	1.00725	0.00195869
1686	1686	1.00725	0.00195869
1686	1687	1.00725	0.00195869
1686	1688	1.00725	0.00195869
1686	1689	1.00725	0.00195869
1686	1690	1.00725	0.00195869
1686	1691	1.00725	0.00195869
1686	1692	1.00725	0.00195869
1686	1693	1.00725	0.00195869
1686	1694	1.00725	0.00195869
1686	1695	1.00725	0.00195869
1686	1696	1.00725	0.00195869
1686	1697	1.00725	0.00195869
1686	1698	1.00725	0.00195869
1686	1699	1.00725	0.00195869
1686	1700	1.00725	0.00195869
1686	1701	1.00725	0.00195869
1686	1702	1.00725	0.00195869
1686	1703	1.00725	0.00195869
1686	1704	1.00725	0.00195869
1686	1705	1.00725	0.00195869
1686	1706	1.00725	0.00195869
1686	1707	1.00725	0.00195869
1686	1708	1.00725	0.00195869
1686	1709	1.00725	0.00195869
1686	1710	1.00725	0.00195869
1686	1711	1.00725	0.00195869
1686	1712	1.00725	0.00195869
1686	1713	1.00725	0.00195869
1686	1714	1.00725	0.00195869
1686	1715	1.00725	0.00195869
1686	1716	1.00725	0.00195869
1686	1717	1.00725	0.00195869
1686	1718	1.00725	0.00195869
1686	1719	1.00725	0.00195869
1686	1720	1.00725	0.00195869
1686	1721	1.00725	0.00195869
1686	1722	1.00725	0.00195869
1686	1723	1.00725	0.00195869
1686	1724	1.00725	0.00195869
1686	1725	1.00725	0.00195869
1686	1726	1.00725	0.00195869
1686	1727	1.00725	0.00195869
1686	1728	1.00725	0.00195869
1686	1729	1.00725	0.00195869
1686	1730	1.00725	0.00195869
1686	1731	1.00725	0.00195869
1686	1732	1.00725	0.00195869
1686	1733	1.00725	0.00195869
1686	1734	1.00725	0.00195869
1686	1735	1.00725	0.00195869
1686	1736	1.00725	0.00195869
1686	1737	1.00725	0.00195869
1686	1738	1.00725	0.00195869
1686	1739	1.00725	0.00195869
1686	1740	1.00725	0.00195869
1686	1741	1.00725	0.00195869
1686	1742	1.00725	0.00195869
1686	1743	1.00725	0.00195869
1686	1744	1.00725	0.00195869
1686	1745	1.00725	0.00195869
1686	1746	1.00725	0.00195869
1686	1747	1.00725	0.00195869
1686	1748	1.00725	0.00195869
1686	1749	1.00725	0.00195869
1686	1750	1.00725	0.00195869
1686	1751	1.00725	0.00195869
1686	1752	1.00725	0.00195869
1686	1753	1.00725	0.00195869
1686	1754	1.00725	0.00195869
1686	1755	1.00725	0.00195869
1686	1756	1.00725	0.00195869
1686	1757	1.00725	0.00195869
1686	1758	1.00725	0.00195869
1686	1759	1.00725	0.00195869
1686	1760	1.00725	0.00195869
1686	1761	1.00725	0.00195869
1686	1762	1.00725	0.00195869
1686	1763	1.00725	0.00195869
1686	1764	1.00725	0.00195869
1686	1765	1.00725	0.00195869
1686	1766	1.00725	0.00195869
1686	1767	1.00725	0.00195869
1686	1768	1.00725	0.00195869
1686	1769	1.00725	0.00195869
1686	1770	1.00725	0.00195869
1686	1771	1.00725	0.00195869
1686	1772	1.00725	0.00195869
1686	1773	1.00725	0.00195869
1686	1774	1.00725	0.00195869
1686	1775	1.00725	0.00195869
1686	1776	1.00725	0.00195869
1686	1777	1.00725	0.00195869
1686	1778	1.00725	0.00195869
1686	1779	1.00725	0.00195869
1686	1780	1.00725	0.00195869
1686	1781	1.00725	0.00195869
1686	1782	1.00725	0.00195869
1686	1783	1.00725	0.00195869
1686	1784	1.00725	0.00195869
1686	1785	1.00725	0.00195869
1686	1786	1.00725	0.00195869
1686	1787	1.00725	0.00195869
1686	1788	1.00725	0.00195869
1686	1789	1.00725	0.00195869
1686	1790	1.00725	0.00195869
1686	1791	1.00725	0.00195869
1686	1792	1.00725	0.00195869
1686	1793	1.00725	0.00195869
1686	1794	1.00725	0.00195869
1686	1795	1.00725	0.00195869
1686	1796	1.00725	0.00195869
1686	1797	1.00725	0.00195869
1686	1798	1.00725	0.00195869
1686	1799	1.00725	0.00195869
1686	1800	1.00725	0.00195869
1686	1801	1.00725	0.00195869
1686	1802	1.00725	0.00195869
1686	1803	1.00725	0.00195869
1686	1804	1.00725	0.00195869
1686	1805	1.00725	0.00195869
1686	1806	1.00725	0.00195869
1686	1807	1.00725	0.00195869
1686	1808	1.00725	0.00195869
1686	1809	1.00725	0.00195869
1686	1810	1.00725	0.00195869
1686	1811	1.00725	0.00195869
1686	1812	1.00725	0.00195869
1686	1813	1.00725	0.00195869
1686	1814	1.00725	0.00195869
1686	1815	1.00725	0.00195869
1686	1816	1.00725	0.00195869
1686	1817	1.00725	0.00195869
1686	1818	1.00725	0.00195869
1686	1819	1.00725	0.00195869
1686	1820	1.00725	0.00195869
1686	1821	1.00725	0.00195869
1686	1822	1.00725	0.00195869
1686	1823	1.00725	0.00195869
1686	1824	1.00725	0.00195869
1686	1825	1.00725	0.00195869
1686	1826	1.00725	0.00195869
1686	1827	1.00725	0.00195869
1686	1828	1.00725	0.00195869
1686	1829	1.00725	0.00195869
1686	1830	1.00725	0.00195869
1686	1831	1.00725	0.00195869
1686	1832	1.00725	0.00195869
1686	1833	1.00725	0.00195869
1686	1834	1.00725	0.00195869
1686	1835	1.00725	0.00195869
1686	1836	1.00725	0.00195869
1686	1837	1.00725	0.00195869
1686	1838	1.00725	0.00195869
1686	1839	1.00725	0.00195869
1686	1840	1.00725	0.00195869
1686	1841	1.00725	0.00195869
1686	1842	1.00725	0.00195869
1686	1843	1.00725	0.00195869
1686	1844	1.00725	0.00195869
1686	1845	1.00725	0.00195869
1686	1846	1.00725	0.00195869
1686	1847	1.00725	0.00195869
1686	1848	1.00725	0.00195869
1686	1849	1.00725	0.00195869
1686	1850	1.00725	0.00195869
1686	1851	1.00725	0.00195869
1686	1852	1.00725	0.00195869
1686	1853	1.00725	0.00195869
1686	1854	1.00725	0.00195869
1686	1855	1.00725	0.00195869
1686	1856	1.00725	0.00195869
1686	1857	1.00725	0.00195869
1686	1858	1.00725	0.00195869
1686	1859	1.00725	0.00195869
1686	1860	1.00725	0.00195869
1686	1861	1.00725	0.00195869
1686	1862	1.00725	0.00195869
1686	1863	1.00725	0.00195869
1686	1864	1.00725	0.00195869
1686	1865	1.00725	0.00195869
1686	1866	1.00725	0.00195869
1686	1867	1.00725	0.00195869
1686	1868	1.00725	0.00195869
1686	1869	1.00725	0.00195869
1686	1870	1.00725	0.00195869
1686	1871	1.00725	0.00195869
1686	1872	1.00725	0.00195869
1686	1873	1.00725	0.00195869
1686	1874	1.00725	0.00195869
1686	1875	1.00725	0.00195869
1686	1876	1.00725	0.00195869
1686	1877	1.00725	0.00195869
1686	1878	1.00725	0.00195869
1686	1879	1.00725	0.00195869
1686	1880	1.00725	0.00195869
1686	1881	1.00725	0.00195869
1686	1882	1.00725	0.00195869
1686	1883	1.00725	0.00195869
1686	1884	1.00725	0.00195869
1686	1885	1.00725	0.00195869
1686	1886	1.00725	0.00195869
1686	1887	1.00725	0.00195869
1686	1888	1.00725	0.00195869
1686	1889	1.00725	0.00195869
1686	1890	1.00725	0.00195869
1686	1891	1.00725	0.00195869
1686	1892	1.00725	0.00195869
1686	1893	1.00725	0.00195869
1686	1894	1.00725	0.00195869
1686	1895	1.00725	0.00195869
1686	1896	1.00725	0.00195869
1686	1897	1.00725	0.00195869
1686	1898	1.00725	0.00195869
1686	1899	1.00725	0.00195869
1686	1900	1.00725	0.00195869
1686	1901	1.00725	0.00195869
1686	1902	1.00725	0.00195869
1686	1903	1.00725	0.00195869
1686	1904	1.00725	0.00195869
1686	1905	1.00725	0.00195869
1686	1906	1.00725	0.00195869
1686	1907	1.00725	0.00195869
1686	1908	1.00725	0.00195869
1686	1909	1.00725	0.00195869
1686	1910	1.00725	0.00195869
1686	1911	1.00725	0.00195869
1686	1912	1.00725	0.00195869
1686	1913	1.00725	0.00195869
1686	1914	1.00725	0.00195869
1686	1915	1.00725	0.00195869
1686	1916	1.00725	0.00195869
1686	1917	1.00725	0.00195869
1686	1918	1.00725	0.00195869
1686	1919	1.00725	0.00195869
1686	1920	1.00725	0.00195869
1686	1921	1.00725	0.00195869
1686	1922	1.00725	0.00195869
1686	1923	1.00725	0.00195869
1686	1924	1.00725	0.00195869
1686	1925	1.00725	0.00195869
1686	1926	1.00725	0.00195869
1686	1927	1.00725	0.00195869
1686	1928	1.00725	0.00195869
1686	1929	1.00725	0.00195869
1686	1930	1.00725	0.00195869
1686	1931	1.00725	0.00195869
1686	1932	1.00725	0.00195869
1686	1933	1.00725	0.00195869
1686	1934	1.00725	0.00195869
1686	1935	1.00725	0.00195869
1686	1936	1.00725	0.00195869
1686	1937	1.00725	0.00195869
1686	1938	1.00725	0.00195869
1686	1939	1.00725	0.00195869
1686	1940	1.00725	0.00195869
1686	1941	1.00725	0.00195869
1686	1942	1.00725	0.00195869
1686	1943	1.00725	0.00195869
1686	1944	1.00725	0.00195869
1686	1945	1.00725	0.00195869
1686	1946	1.00725	0.00195869
1686	1947	1.00725	0.00195869
1686	1948	1.00725	0.00195869
1686	1949	1.00725	0.00195869
1686	1950	1.00725	0.00195869
1686	1951	1.00725	0.00195869
1686	1952	1.00725	0.00195869
1686	1953	1.00725	0.00195869
1686	1954	1.00725	0.00195869
1686	1955	1.00725	0.00195869
1686	1956	1.00725	0.00195869
1686	1957	1.00725	0.00195869
1686	1958	1.00725	0.00195869
1686	1959	1.00725	0.00195869
1686	1960	1.00725	0.00195869
1686	1961	1.00725	0.00195869
1686	1962	1.00725	0.00195869
1686	1963	1.00725	0.00195869
1686	1964	1.00725	0.00195869
1686	1965	1.00725	0.00195869
1686	1966	1.00725	0.00195869
1686	1967	1.00725	0.00195869
1686	1968	1.00725	0.00195869
1686	1969	1.00725	0.00195869
1686	1970	1.00725	0.00195869
1686	1971	1.00725	0.00195869
1686	1972	1.00725	0.00195869
1686	1973	1.00725	0.00195869
1686	1974	1.00725	0.00195869
1686	1975	1.00725	0.00195869
1686	1976	1.00725	0.00195869
1686	1977	1.00725	0.00195869
1686	1978	1.00725	0.00195869
1686	1979	1.00725	0.00195869
1686	1980	1.00725	0.00195869
1686	1981	1.00725	0.00195869
1686	1982	1.00725	0.00195869
1686	1983	1.00725	0.00195869
1686	1984	1.00725	0.00195869
1686	1985	1.00725	0.00195869
1686	1986	1.00725	0.00195869
1686	1987	1.00725	0.00195869
1686	1988	1.00725	0.00195869
1686	1989	1.00725	0.00195869
1686	1990	1.00725	0.00195869
1686	1991	1.00725	0.00195869
1686	1992	1.00725	0.00195869
1686	1993	1.00725	0.00195869
1686	1994	1.00725	0.00195869
1686	1995	1.00725	0.00195869
1686	1996	1.00725	0.00195869
1686	1997	1.00725	0.00195869
1686	1998	1.00725	0.00195869
1686	1999	1.00725	0.00195869
1686	2000	1.00725	0.00195869
1686	2001	1.00725	0.00195869
1686	2002	1.00725	0.00195869
1686	2003	1.00725	0.00195869
1686	2004	1.00725	0.00195869
1686	2005	1.00725	0.00195869
1686	2006	1.00725	0.00195869
1686	2007	1.00725	0.00195869
1686	2008	1.00725	0.00195869
1686	2009	1.00725	0.00195869
1686	2010	1.00725	0.00195869
1686	2011	1.00725	0.00195869
1686	2012	1.00725	0.00195869
1686	2013	1.00725	0.00195869
1686	2014	1.00725	0.00195869
1686	2015	1.00725	0.00195869
1686	2016	1.00725	0.00195869
1686	2017	1.00725	0.00195869
1686	2018	1.00725	0.00195869
1686	2019	1.00725	0.00195869
1686	2020	1.00725	0.00195869
1686	2021	1.00725	0.00195869
1686	2022	1.00725	0.00195869
1686	2023	1.00725	0.00195869
1686	2024	1.00725	0.00195869
1686	2025	1.00725	0.00195869
1686	2026	1.00725	0.00195869
1686	2027	1.00725	0.00195869
1686	2028	1.00725	0.00195869
1686	2029	1.00725	0.00195869
1686	2030	1.00725	0.00195869
1686	2031	1.00725	0.00195869
1686	2032	1.00725	0.00195869
1686	2033	1.00725	0.00195869
1686	2034	1.00725	0.00195869
1686	2035	1.00725	0.00195869
1686	2036	1.00725	0.00195869
1686	2037	1.00725	0.00195869
1686	2038	1.00725	0.00195869
1686	2039	1.00725	0.00195869
1686	2040	1.00725	0.00195869
1686	2041	1.00725	0.00195869
1686	2042	1.00725	0.00195869
1686	2043	1.00725	0.00195869
1686	2044	1.00725	0.00195869
1686	2045	1.00725	0.00195869
1686	2046	1.00725	0.00195869
1686	2047	1.00725	0.00195869
1686	2048	1.00725	0.00195869
1686	2049	1.00725	0.00195869
1686	2050	1.00725	0.00195869
1686	2051	1.00725	0.00195869
1686	2052	1.00725	0.00195869
1686	2053	1.00725	0.00195869
1686	2054	1.00725	0.00195869
1686	2055	1.00725	0.00195869
1686	2056	1.00725	0.00195869
1686	2057	1.00725	0.00195869
1686	2058	1.00725	0.00195869
1686	2059	1.00725	0.00195869
1686	2060	1.00725	0.00195869
1686	2061	1.00725	0.00195869
1686	2062	1.00725	0.00195869
1686	2063	1.00725	0.00195869
1686	2064	1.00725	0.00195869
1686	2065	1.00725	0.00195869
1686	2066	1.00725	0.00195869
1686	2067	1.00725	0.00195869
1686	2068	1.00725	0.00195869
1686	2069	1.00725	0.00195869
1686	2070	1.00725	0.00195869
1686	2071	1.00725	0.00195869
1686	2072	1.00725	0.00195869
1686	2073	1.00725	0.00195869
1686	2074	1.00725	0.00195869
1686	2075	1.00725	0.00195869
1686	2076	1.00725	0.00195869
1686	2077	1.00725	0.00195869
1686	2078	1.00725	0.00195869
1686	2079	1.00725	0.00195869
1686	2080	1.00725	0.00195869
1686	2081	1.00725	0.00195869
1686	2082	1.00725	0.00195869
1686	2083	1.00725	0.00195869
1686	2084	1.00725	0.00195869
1686	2085	1.00725	0.00195869
1686	2086	1.00725	0.00195869
1686	2087	1.00725	0.00195869
