1623	0	1.00325	0.00191229
1623	1	1.00325	0.00191229
1623	2	1.00325	0.00191229
1623	3	1.00325	0.00191229
1623	4	1.00325	0.00191229
1623	5	1.00325	0.00191229
1623	6	1.00325	0.00191229
1623	7	1.00325	0.00191229
1623	8	1.00325	0.00191229
1623	9	1.00325	0.00191229
1623	10	1.00325	0.00191229
1623	11	1.00325	0.00191229
1623	12	1.00325	0.00191229
1623	13	1.00325	0.00191229
1623	14	1.00325	0.00191229
1623	15	1.00325	0.00191229
1623	16	1.00325	0.00191229
1623	17	1.00325	0.00191229
1623	18	1.00325	0.00191229
1623	19	1.00325	0.00191229
1623	20	1.00325	0.00191229
1623	21	1.00325	0.00191229
1623	22	1.00325	0.00191229
1623	23	1.00325	0.00191229
1623	24	1.00325	0.00191229
1623	25	1.00325	0.00191229
1623	26	1.00325	0.00191229
1623	27	1.00325	0.00191229
1623	28	1.00325	0.00191229
1623	29	1.00325	0.00191229
1623	30	1.00325	0.00191229
1623	31	1.00325	0.00191229
1623	32	1.00325	0.00191229
1623	33	1.00325	0.00191229
1623	34	1.00325	0.00191229
1623	35	1.00325	0.00191229
1623	36	1.00325	0.00191229
1623	37	1.00325	0.00191229
1623	38	1.00325	0.00191229
1623	39	1.00325	0.00191229
1623	40	1.00325	0.00191229
1623	41	1.00325	0.00191229
1623	42	1.00325	0.00191229
1623	43	1.00325	0.00191229
1623	44	1.00325	0.00191229
1623	45	1.00325	0.00191229
1623	46	1.00325	0.00191229
1623	47	1.00325	0.00191229
1623	48	1.00325	0.00191229
1623	49	1.00325	0.00191229
1623	50	1.00325	0.00191229
1623	51	1.00325	0.00191229
1623	52	1.00325	0.00191229
1623	53	1.00325	0.00191229
1623	54	1.00325	0.00191229
1623	55	1.00325	0.00191229
1623	56	1.00325	0.00191229
1623	57	1.00325	0.00191229
1623	58	1.00325	0.00191229
1623	59	1.00325	0.00191229
1623	60	1.00325	0.00191229
1623	61	1.00325	0.00191229
1623	62	1.00325	0.00191229
1623	63	1.00325	0.00191229
1623	64	1.00325	0.00191229
1623	65	1.00325	0.00191229
1623	66	1.00325	0.00191229
1623	67	1.00325	0.00191229
1623	68	1.00325	0.00191229
1623	69	1.00325	0.00191229
1623	70	1.00325	0.00191229
1623	71	1.00325	0.00191229
1623	72	1.00325	0.00191229
1623	73	1.00325	0.00191229
1623	74	1.00325	0.00191229
1623	75	1.00325	0.00191229
1623	76	1.00325	0.00191229
1623	77	1.00325	0.00191229
1623	78	1.00325	0.00191229
1623	79	1.00325	0.00191229
1623	80	1.00325	0.00191229
1623	81	1.00325	0.00191229
1623	82	1.00325	0.00191229
1623	83	1.00325	0.00191229
1623	84	1.00325	0.00191229
1623	85	1.00325	0.00191229
1623	86	1.00325	0.00191229
1623	87	1.00325	0.00191229
1623	88	1.00325	0.00191229
1623	89	1.00325	0.00191229
1623	90	1.00325	0.00191229
1623	91	1.00325	0.00191229
1623	92	1.00325	0.00191229
1623	93	1.00325	0.00191229
1623	94	1.00325	0.00191229
1623	95	1.00325	0.00191229
1623	96	1.00325	0.00191229
1623	97	1.00325	0.00191229
1623	98	1.00325	0.00191229
1623	99	1.00325	0.00191229
1623	100	1.00325	0.00191229
1623	101	1.00325	0.00191229
1623	102	1.00325	0.00191229
1623	103	1.00325	0.00191229
1623	104	1.00325	0.00191229
1623	105	1.00325	0.00191229
1623	106	1.00325	0.00191229
1623	107	1.00325	0.00191229
1623	108	1.00325	0.00191229
1623	109	1.00325	0.00191229
1623	110	1.00325	0.00191229
1623	111	1.00325	0.00191229
1623	112	1.00325	0.00191229
1623	113	1.00325	0.00191229
1623	114	1.00325	0.00191229
1623	115	1.00325	0.00191229
1623	116	1.00325	0.00191229
1623	117	1.00325	0.00191229
1623	118	1.00325	0.00191229
1623	119	1.00325	0.00191229
1623	120	1.00325	0.00191229
1623	121	1.00325	0.00191229
1623	122	1.00325	0.00191229
1623	123	1.00325	0.00191229
1623	124	1.00325	0.00191229
1623	125	1.00325	0.00191229
1623	126	1.00325	0.00191229
1623	127	1.00325	0.00191229
1623	128	1.00325	0.00191229
1623	129	1.00325	0.00191229
1623	130	1.00325	0.00191229
1623	131	1.00325	0.00191229
1623	132	1.00325	0.00191229
1623	133	1.00325	0.00191229
1623	134	1.00325	0.00191229
1623	135	1.00325	0.00191229
1623	136	1.00325	0.00191229
1623	137	1.00325	0.00191229
1623	138	1.00325	0.00191229
1623	139	1.00325	0.00191229
1623	140	1.00325	0.00191229
1623	141	1.00325	0.00191229
1623	142	1.00325	0.00191229
1623	143	1.00325	0.00191229
1623	144	1.00325	0.00191229
1623	145	1.00325	0.00191229
1623	146	1.00325	0.00191229
1623	147	1.00325	0.00191229
1623	148	1.00325	0.00191229
1623	149	1.00325	0.00191229
1623	150	1.00325	0.00191229
1623	151	1.00325	0.00191229
1623	152	1.00325	0.00191229
1623	153	1.00325	0.00191229
1623	154	1.00325	0.00191229
1623	155	1.00325	0.00191229
1623	156	1.00325	0.00191229
1623	157	1.00325	0.00191229
1623	158	1.00325	0.00191229
1623	159	1.00325	0.00191229
1623	160	1.00325	0.00191229
1623	161	1.00325	0.00191229
1623	162	1.00325	0.00191229
1623	163	1.00325	0.00191229
1623	164	1.00325	0.00191229
1623	165	1.00325	0.00191229
1623	166	1.00325	0.00191229
1623	167	1.00325	0.00191229
1623	168	1.00325	0.00191229
1623	169	1.00325	0.00191229
1623	170	1.00325	0.00191229
1623	171	1.00325	0.00191229
1623	172	1.00325	0.00191229
1623	173	1.00325	0.00191229
1623	174	1.00325	0.00191229
1623	175	1.00325	0.00191229
1623	176	1.00325	0.00191229
1623	177	1.00325	0.00191229
1623	178	1.00325	0.00191229
1623	179	1.00325	0.00191229
1623	180	1.00325	0.00191229
1623	181	1.00325	0.00191229
1623	182	1.00325	0.00191229
1623	183	1.00325	0.00191229
1623	184	1.00325	0.00191229
1623	185	1.00325	0.00191229
1623	186	1.00325	0.00191229
1623	187	1.00325	0.00191229
1623	188	1.00325	0.00191229
1623	189	1.00325	0.00191229
1623	190	1.00325	0.00191229
1623	191	1.00325	0.00191229
1623	192	1.00325	0.00191229
1623	193	1.00325	0.00191229
1623	194	1.00325	0.00191229
1623	195	1.00325	0.00191229
1623	196	1.00325	0.00191229
1623	197	1.00325	0.00191229
1623	198	1.00325	0.00191229
1623	199	1.00325	0.00191229
1623	200	1.00325	0.00191229
1623	201	1.00325	0.00191229
1623	202	1.00325	0.00191229
1623	203	1.00325	0.00191229
1623	204	1.00325	0.00191229
1623	205	1.00325	0.00191229
1623	206	1.00325	0.00191229
1623	207	1.00325	0.00191229
1623	208	1.00325	0.00191229
1623	209	1.00325	0.00191229
1623	210	1.00325	0.00191229
1623	211	1.00325	0.00191229
1623	212	1.00325	0.00191229
1623	213	1.00325	0.00191229
1623	214	1.00325	0.00191229
1623	215	1.00325	0.00191229
1623	216	1.00325	0.00191229
1623	217	1.00325	0.00191229
1623	218	1.00325	0.00191229
1623	219	1.00325	0.00191229
1623	220	1.00325	0.00191229
1623	221	1.00325	0.00191229
1623	222	1.00325	0.00191229
1623	223	1.00325	0.00191229
1623	224	1.00325	0.00191229
1623	225	1.00325	0.00191229
1623	226	1.00325	0.00191229
1623	227	1.00325	0.00191229
1623	228	1.00325	0.00191229
1623	229	1.00325	0.00191229
1623	230	1.00325	0.00191229
1623	231	1.00325	0.00191229
1623	232	1.00325	0.00191229
1623	233	1.00325	0.00191229
1623	234	1.00325	0.00191229
1623	235	1.00325	0.00191229
1623	236	1.00325	0.00191229
1623	237	1.00325	0.00191229
1623	238	1.00325	0.00191229
1623	239	1.00325	0.00191229
1623	240	1.00325	0.00191229
1623	241	1.00325	0.00191229
1623	242	1.00325	0.00191229
1623	243	1.00325	0.00191229
1623	244	1.00325	0.00191229
1623	245	1.00325	0.00191229
1623	246	1.00325	0.00191229
1623	247	1.00325	0.00191229
1623	248	1.00325	0.00191229
1623	249	1.00325	0.00191229
1623	250	1.00325	0.00191229
1623	251	1.00325	0.00191229
1623	252	1.00325	0.00191229
1623	253	1.00325	0.00191229
1623	254	1.00325	0.00191229
1623	255	1.00325	0.00191229
1623	256	1.00325	0.00191229
1623	257	1.00325	0.00191229
1623	258	1.00325	0.00191229
1623	259	1.00325	0.00191229
1623	260	1.00325	0.00191229
1623	261	1.00325	0.00191229
1623	262	1.00325	0.00191229
1623	263	1.00325	0.00191229
1623	264	1.00325	0.00191229
1623	265	1.00325	0.00191229
1623	266	1.00325	0.00191229
1623	267	1.00325	0.00191229
1623	268	1.00325	0.00191229
1623	269	1.00325	0.00191229
1623	270	1.00325	0.00191229
1623	271	1.00325	0.00191229
1623	272	1.00325	0.00191229
1623	273	1.00325	0.00191229
1623	274	1.00325	0.00191229
1623	275	1.00325	0.00191229
1623	276	1.00325	0.00191229
1623	277	1.00325	0.00191229
1623	278	1.00325	0.00191229
1623	279	1.00325	0.00191229
1623	280	1.00325	0.00191229
1623	281	1.00325	0.00191229
1623	282	1.00325	0.00191229
1623	283	1.00325	0.00191229
1623	284	1.00325	0.00191229
1623	285	1.00325	0.00191229
1623	286	1.00325	0.00191229
1623	287	1.00325	0.00191229
1623	288	1.00325	0.00191229
1623	289	1.00325	0.00191229
1623	290	1.00325	0.00191229
1623	291	1.00325	0.00191229
1623	292	1.00325	0.00191229
1623	293	1.00325	0.00191229
1623	294	1.00325	0.00191229
1623	295	1.00325	0.00191229
1623	296	1.00325	0.00191229
1623	297	1.00325	0.00191229
1623	298	1.00325	0.00191229
1623	299	1.00325	0.00191229
1623	300	1.00325	0.00191229
1623	301	1.00325	0.00191229
1623	302	1.00325	0.00191229
1623	303	1.00325	0.00191229
1623	304	1.00325	0.00191229
1623	305	1.00325	0.00191229
1623	306	1.00325	0.00191229
1623	307	1.00325	0.00191229
1623	308	1.00325	0.00191229
1623	309	1.00325	0.00191229
1623	310	1.00325	0.00191229
1623	311	1.00325	0.00191229
1623	312	1.00325	0.00191229
1623	313	1.00325	0.00191229
1623	314	1.00325	0.00191229
1623	315	1.00325	0.00191229
1623	316	1.00325	0.00191229
1623	317	1.00325	0.00191229
1623	318	1.00325	0.00191229
1623	319	1.00325	0.00191229
1623	320	1.00325	0.00191229
1623	321	1.00325	0.00191229
1623	322	1.00325	0.00191229
1623	323	1.00325	0.00191229
1623	324	1.00325	0.00191229
1623	325	1.00325	0.00191229
1623	326	1.00325	0.00191229
1623	327	1.00325	0.00191229
1623	328	1.00325	0.00191229
1623	329	1.00325	0.00191229
1623	330	1.00325	0.00191229
1623	331	1.00325	0.00191229
1623	332	1.00325	0.00191229
1623	333	1.00325	0.00191229
1623	334	1.00325	0.00191229
1623	335	1.00325	0.00191229
1623	336	1.00325	0.00191229
1623	337	1.00325	0.00191229
1623	338	1.00325	0.00191229
1623	339	1.00325	0.00191229
1623	340	1.00325	0.00191229
1623	341	1.00325	0.00191229
1623	342	1.00325	0.00191229
1623	343	1.00325	0.00191229
1623	344	1.00325	0.00191229
1623	345	1.00325	0.00191229
1623	346	1.00325	0.00191229
1623	347	1.00325	0.00191229
1623	348	1.00325	0.00191229
1623	349	1.00325	0.00191229
1623	350	1.00325	0.00191229
1623	351	1.00325	0.00191229
1623	352	1.00325	0.00191229
1623	353	1.00325	0.00191229
1623	354	1.00325	0.00191229
1623	355	1.00325	0.00191229
1623	356	1.00325	0.00191229
1623	357	1.00325	0.00191229
1623	358	1.00325	0.00191229
1623	359	1.00325	0.00191229
1623	360	1.00325	0.00191229
1623	361	1.00325	0.00191229
1623	362	1.00325	0.00191229
1623	363	1.00325	0.00191229
1623	364	1.00325	0.00191229
1623	365	1.00325	0.00191229
1623	366	1.00325	0.00191229
1623	367	1.00325	0.00191229
1623	368	1.00325	0.00191229
1623	369	1.00325	0.00191229
1623	370	1.00325	0.00191229
1623	371	1.00325	0.00191229
1623	372	1.00325	0.00191229
1623	373	1.00325	0.00191229
1623	374	1.00325	0.00191229
1623	375	1.00325	0.00191229
1623	376	1.00325	0.00191229
1623	377	1.00325	0.00191229
1623	378	1.00325	0.00191229
1623	379	1.00325	0.00191229
1623	380	1.00325	0.00191229
1623	381	1.00325	0.00191229
1623	382	1.00325	0.00191229
1623	383	1.00325	0.00191229
1623	384	1.00325	0.00191229
1623	385	1.00325	0.00191229
1623	386	1.00325	0.00191229
1623	387	1.00325	0.00191229
1623	388	1.00325	0.00191229
1623	389	1.00325	0.00191229
1623	390	1.00325	0.00191229
1623	391	1.00325	0.00191229
1623	392	1.00325	0.00191229
1623	393	1.00325	0.00191229
1623	394	1.00325	0.00191229
1623	395	1.00325	0.00191229
1623	396	1.00325	0.00191229
1623	397	1.00325	0.00191229
1623	398	1.00325	0.00191229
1623	399	1.00325	0.00191229
1623	400	1.00325	0.00191229
1623	401	1.00325	0.00191229
1623	402	1.00325	0.00191229
1623	403	1.00325	0.00191229
1623	404	1.00325	0.00191229
1623	405	1.00325	0.00191229
1623	406	1.00325	0.00191229
1623	407	1.00325	0.00191229
1623	408	1.00325	0.00191229
1623	409	1.00325	0.00191229
1623	410	1.00325	0.00191229
1623	411	1.00325	0.00191229
1623	412	1.00325	0.00191229
1623	413	1.00325	0.00191229
1623	414	1.00325	0.00191229
1623	415	1.00325	0.00191229
1623	416	1.00325	0.00191229
1623	417	1.00325	0.00191229
1623	418	1.00325	0.00191229
1623	419	1.00325	0.00191229
1623	420	1.00325	0.00191229
1623	421	1.00325	0.00191229
1623	422	1.00325	0.00191229
1623	423	1.00325	0.00191229
1623	424	1.00325	0.00191229
1623	425	1.00325	0.00191229
1623	426	1.00325	0.00191229
1623	427	1.00325	0.00191229
1623	428	1.00325	0.00191229
1623	429	1.00325	0.00191229
1623	430	1.00325	0.00191229
1623	431	1.00325	0.00191229
1623	432	1.00325	0.00191229
1623	433	1.00325	0.00191229
1623	434	1.00325	0.00191229
1623	435	1.00325	0.00191229
1623	436	1.00325	0.00191229
1623	437	1.00325	0.00191229
1623	438	1.00325	0.00191229
1623	439	1.00325	0.00191229
1623	440	1.00325	0.00191229
1623	441	1.00325	0.00191229
1623	442	1.00325	0.00191229
1623	443	1.00325	0.00191229
1623	444	1.00325	0.00191229
1623	445	1.00325	0.00191229
1623	446	1.00325	0.00191229
1623	447	1.00325	0.00191229
1623	448	1.00325	0.00191229
1623	449	1.00325	0.00191229
1623	450	1.00325	0.00191229
1623	451	1.00325	0.00191229
1623	452	1.00325	0.00191229
1623	453	1.00325	0.00191229
1623	454	1.00325	0.00191229
1623	455	1.00325	0.00191229
1623	456	1.00325	0.00191229
1623	457	1.00325	0.00191229
1623	458	1.00325	0.00191229
1623	459	1.00325	0.00191229
1623	460	1.00325	0.00191229
1623	461	1.00325	0.00191229
1623	462	1.00325	0.00191229
1623	463	1.00325	0.00191229
1623	464	1.00325	0.00191229
1623	465	1.00325	0.00191229
1623	466	1.00325	0.00191229
1623	467	1.00325	0.00191229
1623	468	1.00325	0.00191229
1623	469	1.00325	0.00191229
1623	470	1.00325	0.00191229
1623	471	1.00325	0.00191229
1623	472	1.00325	0.00191229
1623	473	1.00325	0.00191229
1623	474	1.00325	0.00191229
1623	475	1.00325	0.00191229
1623	476	1.00325	0.00191229
1623	477	1.00325	0.00191229
1623	478	1.00325	0.00191229
1623	479	1.00325	0.00191229
1623	480	1.00325	0.00191229
1623	481	1.00325	0.00191229
1623	482	1.00325	0.00191229
1623	483	1.00325	0.00191229
1623	484	1.00325	0.00191229
1623	485	1.00325	0.00191229
1623	486	1.00325	0.00191229
1623	487	1.00325	0.00191229
1623	488	1.00325	0.00191229
1623	489	1.00325	0.00191229
1623	490	1.00325	0.00191229
1623	491	1.00325	0.00191229
1623	492	1.00325	0.00191229
1623	493	1.00325	0.00191229
1623	494	1.00325	0.00191229
1623	495	1.00325	0.00191229
1623	496	1.00325	0.00191229
1623	497	1.00325	0.00191229
1623	498	1.00325	0.00191229
1623	499	1.00325	0.00191229
1623	500	1.00325	0.00191229
1623	501	1.00325	0.00191229
1623	502	1.00325	0.00191229
1623	503	1.00325	0.00191229
1623	504	1.00325	0.00191229
1623	505	1.00325	0.00191229
1623	506	1.00325	0.00191229
1623	507	1.00325	0.00191229
1623	508	1.00325	0.00191229
1623	509	1.00325	0.00191229
1623	510	1.00325	0.00191229
1623	511	1.00325	0.00191229
1623	512	1.00325	0.00191229
1623	513	1.00325	0.00191229
1623	514	1.00325	0.00191229
1623	515	1.00325	0.00191229
1623	516	1.00325	0.00191229
1623	517	1.00325	0.00191229
1623	518	1.00325	0.00191229
1623	519	1.00325	0.00191229
1623	520	1.00325	0.00191229
1623	521	1.00325	0.00191229
1623	522	1.00325	0.00191229
1623	523	1.00325	0.00191229
1623	524	1.00325	0.00191229
1623	525	1.00325	0.00191229
1623	526	1.00325	0.00191229
1623	527	1.00325	0.00191229
1623	528	1.00325	0.00191229
1623	529	1.00325	0.00191229
1623	530	1.00325	0.00191229
1623	531	1.00325	0.00191229
1623	532	1.00325	0.00191229
1623	533	1.00325	0.00191229
1623	534	1.00325	0.00191229
1623	535	1.00325	0.00191229
1623	536	1.00325	0.00191229
1623	537	1.00325	0.00191229
1623	538	1.00325	0.00191229
1623	539	1.00325	0.00191229
1623	540	1.00325	0.00191229
1623	541	1.00325	0.00191229
1623	542	1.00325	0.00191229
1623	543	1.00325	0.00191229
1623	544	1.00325	0.00191229
1623	545	1.00325	0.00191229
1623	546	1.00325	0.00191229
1623	547	1.00325	0.00191229
1623	548	1.00325	0.00191229
1623	549	1.00325	0.00191229
1623	550	1.00325	0.00191229
1623	551	1.00325	0.00191229
1623	552	1.00325	0.00191229
1623	553	1.00325	0.00191229
1623	554	1.00325	0.00191229
1623	555	1.00325	0.00191229
1623	556	1.00325	0.00191229
1623	557	1.00325	0.00191229
1623	558	1.00325	0.00191229
1623	559	1.00325	0.00191229
1623	560	1.00325	0.00191229
1623	561	1.00325	0.00191229
1623	562	1.00325	0.00191229
1623	563	1.00325	0.00191229
1623	564	1.00325	0.00191229
1623	565	1.00325	0.00191229
1623	566	1.00325	0.00191229
1623	567	1.00325	0.00191229
1623	568	1.00325	0.00191229
1623	569	1.00325	0.00191229
1623	570	1.00325	0.00191229
1623	571	1.00325	0.00191229
1623	572	1.00325	0.00191229
1623	573	1.00325	0.00191229
1623	574	1.00325	0.00191229
1623	575	1.00325	0.00191229
1623	576	1.00325	0.00191229
1623	577	1.00325	0.00191229
1623	578	1.00325	0.00191229
1623	579	1.00325	0.00191229
1623	580	1.00325	0.00191229
1623	581	1.00325	0.00191229
1623	582	1.00325	0.00191229
1623	583	1.00325	0.00191229
1623	584	1.00325	0.00191229
1623	585	1.00325	0.00191229
1623	586	1.00325	0.00191229
1623	587	1.00325	0.00191229
1623	588	1.00325	0.00191229
1623	589	1.00325	0.00191229
1623	590	1.00325	0.00191229
1623	591	1.00325	0.00191229
1623	592	1.00325	0.00191229
1623	593	1.00325	0.00191229
1623	594	1.00325	0.00191229
1623	595	1.00325	0.00191229
1623	596	1.00325	0.00191229
1623	597	1.00325	0.00191229
1623	598	1.00325	0.00191229
1623	599	1.00325	0.00191229
1623	600	1.00325	0.00191229
1623	601	1.00325	0.00191229
1623	602	1.00325	0.00191229
1623	603	1.00325	0.00191229
1623	604	1.00325	0.00191229
1623	605	1.00325	0.00191229
1623	606	1.00325	0.00191229
1623	607	1.00325	0.00191229
1623	608	1.00325	0.00191229
1623	609	1.00325	0.00191229
1623	610	1.00325	0.00191229
1623	611	1.00325	0.00191229
1623	612	1.00325	0.00191229
1623	613	1.00325	0.00191229
1623	614	1.00325	0.00191229
1623	615	1.00325	0.00191229
1623	616	1.00325	0.00191229
1623	617	1.00325	0.00191229
1623	618	1.00325	0.00191229
1623	619	1.00325	0.00191229
1623	620	1.00325	0.00191229
1623	621	1.00325	0.00191229
1623	622	1.00325	0.00191229
1623	623	1.00325	0.00191229
1623	624	1.00325	0.00191229
1623	625	1.00325	0.00191229
1623	626	1.00325	0.00191229
1623	627	1.00325	0.00191229
1623	628	1.00325	0.00191229
1623	629	1.00325	0.00191229
1623	630	1.00325	0.00191229
1623	631	1.00325	0.00191229
1623	632	1.00325	0.00191229
1623	633	1.00325	0.00191229
1623	634	1.00325	0.00191229
1623	635	1.00325	0.00191229
1623	636	1.00325	0.00191229
1623	637	1.00325	0.00191229
1623	638	1.00325	0.00191229
1623	639	1.00325	0.00191229
1623	640	1.00325	0.00191229
1623	641	1.00325	0.00191229
1623	642	1.00325	0.00191229
1623	643	1.00325	0.00191229
1623	644	1.00325	0.00191229
1623	645	1.00325	0.00191229
1623	646	1.00325	0.00191229
1623	647	1.00325	0.00191229
1623	648	1.00325	0.00191229
1623	649	1.00325	0.00191229
1623	650	1.00325	0.00191229
1623	651	1.00325	0.00191229
1623	652	1.00325	0.00191229
1623	653	1.00325	0.00191229
1623	654	1.00325	0.00191229
1623	655	1.00325	0.00191229
1623	656	1.00325	0.00191229
1623	657	1.00325	0.00191229
1623	658	1.00325	0.00191229
1623	659	1.00325	0.00191229
1623	660	1.00325	0.00191229
1623	661	1.00325	0.00191229
1623	662	1.00325	0.00191229
1623	663	1.00325	0.00191229
1623	664	1.00325	0.00191229
1623	665	1.00325	0.00191229
1623	666	1.00325	0.00191229
1623	667	1.00325	0.00191229
1623	668	1.00325	0.00191229
1623	669	1.00325	0.00191229
1623	670	1.00325	0.00191229
1623	671	1.00325	0.00191229
1623	672	1.00325	0.00191229
1623	673	1.00325	0.00191229
1623	674	1.00325	0.00191229
1623	675	1.00325	0.00191229
1623	676	1.00325	0.00191229
1623	677	1.00325	0.00191229
1623	678	1.00325	0.00191229
1623	679	1.00325	0.00191229
1623	680	1.00325	0.00191229
1623	681	1.00325	0.00191229
1623	682	1.00325	0.00191229
1623	683	1.00325	0.00191229
1623	684	1.00325	0.00191229
1623	685	1.00325	0.00191229
1623	686	1.00325	0.00191229
1623	687	1.00325	0.00191229
1623	688	1.00325	0.00191229
1623	689	1.00325	0.00191229
1623	690	1.00325	0.00191229
1623	691	1.00325	0.00191229
1623	692	1.00325	0.00191229
1623	693	1.00325	0.00191229
1623	694	1.00325	0.00191229
1623	695	1.00325	0.00191229
1623	696	1.00325	0.00191229
1623	697	1.00325	0.00191229
1623	698	1.00325	0.00191229
1623	699	1.00325	0.00191229
1623	700	1.00325	0.00191229
1623	701	1.00325	0.00191229
1623	702	1.00325	0.00191229
1623	703	1.00325	0.00191229
1623	704	1.00325	0.00191229
1623	705	1.00325	0.00191229
1623	706	1.00325	0.00191229
1623	707	1.00325	0.00191229
1623	708	1.00325	0.00191229
1623	709	1.00325	0.00191229
1623	710	1.00325	0.00191229
1623	711	1.00325	0.00191229
1623	712	1.00325	0.00191229
1623	713	1.00325	0.00191229
1623	714	1.00325	0.00191229
1623	715	1.00325	0.00191229
1623	716	1.00325	0.00191229
1623	717	1.00325	0.00191229
1623	718	1.00325	0.00191229
1623	719	1.00325	0.00191229
1623	720	1.00325	0.00191229
1623	721	1.00325	0.00191229
1623	722	1.00325	0.00191229
1623	723	1.00325	0.00191229
1623	724	1.00325	0.00191229
1623	725	1.00325	0.00191229
1623	726	1.00325	0.00191229
1623	727	1.00325	0.00191229
1623	728	1.00325	0.00191229
1623	729	1.00325	0.00191229
1623	730	1.00325	0.00191229
1623	731	1.00325	0.00191229
1623	732	1.00325	0.00191229
1623	733	1.00325	0.00191229
1623	734	1.00325	0.00191229
1623	735	1.00325	0.00191229
1623	736	1.00325	0.00191229
1623	737	1.00325	0.00191229
1623	738	1.00325	0.00191229
1623	739	1.00325	0.00191229
1623	740	1.00325	0.00191229
1623	741	1.00325	0.00191229
1623	742	1.00325	0.00191229
1623	743	1.00325	0.00191229
1623	744	1.00325	0.00191229
1623	745	1.00325	0.00191229
1623	746	1.00325	0.00191229
1623	747	1.00325	0.00191229
1623	748	1.00325	0.00191229
1623	749	1.00325	0.00191229
1623	750	1.00325	0.00191229
1623	751	1.00325	0.00191229
1623	752	1.00325	0.00191229
1623	753	1.00325	0.00191229
1623	754	1.00325	0.00191229
1623	755	1.00325	0.00191229
1623	756	1.00325	0.00191229
1623	757	1.00325	0.00191229
1623	758	1.00325	0.00191229
1623	759	1.00325	0.00191229
1623	760	1.00325	0.00191229
1623	761	1.00325	0.00191229
1623	762	1.00325	0.00191229
1623	763	1.00325	0.00191229
1623	764	1.00325	0.00191229
1623	765	1.00325	0.00191229
1623	766	1.00325	0.00191229
1623	767	1.00325	0.00191229
1623	768	1.00325	0.00191229
1623	769	1.00325	0.00191229
1623	770	1.00325	0.00191229
1623	771	1.00325	0.00191229
1623	772	1.00325	0.00191229
1623	773	1.00325	0.00191229
1623	774	1.00325	0.00191229
1623	775	1.00325	0.00191229
1623	776	1.00325	0.00191229
1623	777	1.00325	0.00191229
1623	778	1.00325	0.00191229
1623	779	1.00325	0.00191229
1623	780	1.00325	0.00191229
1623	781	1.00325	0.00191229
1623	782	1.00325	0.00191229
1623	783	1.00325	0.00191229
1623	784	1.00325	0.00191229
1623	785	1.00325	0.00191229
1623	786	1.00325	0.00191229
1623	787	1.00325	0.00191229
1623	788	1.00325	0.00191229
1623	789	1.00325	0.00191229
1623	790	1.00325	0.00191229
1623	791	1.00325	0.00191229
1623	792	1.00325	0.00191229
1623	793	1.00325	0.00191229
1623	794	1.00325	0.00191229
1623	795	1.00325	0.00191229
1623	796	1.00325	0.00191229
1623	797	1.00325	0.00191229
1623	798	1.00325	0.00191229
1623	799	1.00325	0.00191229
1623	800	1.00325	0.00191229
1623	801	1.00325	0.00191229
1623	802	1.00325	0.00191229
1623	803	1.00325	0.00191229
1623	804	1.00325	0.00191229
1623	805	1.00325	0.00191229
1623	806	1.00325	0.00191229
1623	807	1.00325	0.00191229
1623	808	1.00325	0.00191229
1623	809	1.00325	0.00191229
1623	810	1.00325	0.00191229
1623	811	1.00325	0.00191229
1623	812	1.00325	0.00191229
1623	813	1.00325	0.00191229
1623	814	1.00325	0.00191229
1623	815	1.00325	0.00191229
1623	816	1.00325	0.00191229
1623	817	1.00325	0.00191229
1623	818	1.00325	0.00191229
1623	819	1.00325	0.00191229
1623	820	1.00325	0.00191229
1623	821	1.00325	0.00191229
1623	822	1.00325	0.00191229
1623	823	1.00325	0.00191229
1623	824	1.00325	0.00191229
1623	825	1.00325	0.00191229
1623	826	1.00325	0.00191229
1623	827	1.00325	0.00191229
1623	828	1.00325	0.00191229
1623	829	1.00325	0.00191229
1623	830	1.00325	0.00191229
1623	831	1.00325	0.00191229
1623	832	1.00325	0.00191229
1623	833	1.00325	0.00191229
1623	834	1.00325	0.00191229
1623	835	1.00325	0.00191229
1623	836	1.00325	0.00191229
1623	837	1.00325	0.00191229
1623	838	1.00325	0.00191229
1623	839	1.00325	0.00191229
1623	840	1.00325	0.00191229
1623	841	1.00325	0.00191229
1623	842	1.00325	0.00191229
1623	843	1.00325	0.00191229
1623	844	1.00325	0.00191229
1623	845	1.00325	0.00191229
1623	846	1.00325	0.00191229
1623	847	1.00325	0.00191229
1623	848	1.00325	0.00191229
1623	849	1.00325	0.00191229
1623	850	1.00325	0.00191229
1623	851	1.00325	0.00191229
1623	852	1.00325	0.00191229
1623	853	1.00325	0.00191229
1623	854	1.00325	0.00191229
1623	855	1.00325	0.00191229
1623	856	1.00325	0.00191229
1623	857	1.00325	0.00191229
1623	858	1.00325	0.00191229
1623	859	1.00325	0.00191229
1623	860	1.00325	0.00191229
1623	861	1.00325	0.00191229
1623	862	1.00325	0.00191229
1623	863	1.00325	0.00191229
1623	864	1.00325	0.00191229
1623	865	1.00325	0.00191229
1623	866	1.00325	0.00191229
1623	867	1.00325	0.00191229
1623	868	1.00325	0.00191229
1623	869	1.00325	0.00191229
1623	870	1.00325	0.00191229
1623	871	1.00325	0.00191229
1623	872	1.00325	0.00191229
1623	873	1.00325	0.00191229
1623	874	1.00325	0.00191229
1623	875	1.00325	0.00191229
1623	876	1.00325	0.00191229
1623	877	1.00325	0.00191229
1623	878	1.00325	0.00191229
1623	879	1.00325	0.00191229
1623	880	1.00325	0.00191229
1623	881	1.00325	0.00191229
1623	882	1.00325	0.00191229
1623	883	1.00325	0.00191229
1623	884	1.00325	0.00191229
1623	885	1.00325	0.00191229
1623	886	1.00325	0.00191229
1623	887	1.00325	0.00191229
1623	888	1.00325	0.00191229
1623	889	1.00325	0.00191229
1623	890	1.00325	0.00191229
1623	891	1.00325	0.00191229
1623	892	1.00325	0.00191229
1623	893	1.00325	0.00191229
1623	894	1.00325	0.00191229
1623	895	1.00325	0.00191229
1623	896	1.00325	0.00191229
1623	897	1.00325	0.00191229
1623	898	1.00325	0.00191229
1623	899	1.00325	0.00191229
1623	900	1.00325	0.00191229
1623	901	1.00325	0.00191229
1623	902	1.00325	0.00191229
1623	903	1.00325	0.00191229
1623	904	1.00325	0.00191229
1623	905	1.00325	0.00191229
1623	906	1.00325	0.00191229
1623	907	1.00325	0.00191229
1623	908	1.00325	0.00191229
1623	909	1.00325	0.00191229
1623	910	1.00325	0.00191229
1623	911	1.00325	0.00191229
1623	912	1.00325	0.00191229
1623	913	1.00325	0.00191229
1623	914	1.00325	0.00191229
1623	915	1.00325	0.00191229
1623	916	1.00325	0.00191229
1623	917	1.00325	0.00191229
1623	918	1.00325	0.00191229
1623	919	1.00325	0.00191229
1623	920	1.00325	0.00191229
1623	921	1.00325	0.00191229
1623	922	1.00325	0.00191229
1623	923	1.00325	0.00191229
1623	924	1.00325	0.00191229
1623	925	1.00325	0.00191229
1623	926	1.00325	0.00191229
1623	927	1.00325	0.00191229
1623	928	1.00325	0.00191229
1623	929	1.00325	0.00191229
1623	930	1.00325	0.00191229
1623	931	1.00325	0.00191229
1623	932	1.00325	0.00191229
1623	933	1.00325	0.00191229
1623	934	1.00325	0.00191229
1623	935	1.00325	0.00191229
1623	936	1.00325	0.00191229
1623	937	1.00325	0.00191229
1623	938	1.00325	0.00191229
1623	939	1.00325	0.00191229
1623	940	1.00325	0.00191229
1623	941	1.00325	0.00191229
1623	942	1.00325	0.00191229
1623	943	1.00325	0.00191229
1623	944	1.00325	0.00191229
1623	945	1.00325	0.00191229
1623	946	1.00325	0.00191229
1623	947	1.00325	0.00191229
1623	948	1.00325	0.00191229
1623	949	1.00325	0.00191229
1623	950	1.00325	0.00191229
1623	951	1.00325	0.00191229
1623	952	1.00325	0.00191229
1623	953	1.00325	0.00191229
1623	954	1.00325	0.00191229
1623	955	1.00325	0.00191229
1623	956	1.00325	0.00191229
1623	957	1.00325	0.00191229
1623	958	1.00325	0.00191229
1623	959	1.00325	0.00191229
1623	960	1.00325	0.00191229
1623	961	1.00325	0.00191229
1623	962	1.00325	0.00191229
1623	963	1.00325	0.00191229
1623	964	1.00325	0.00191229
1623	965	1.00325	0.00191229
1623	966	1.00325	0.00191229
1623	967	1.00325	0.00191229
1623	968	1.00325	0.00191229
1623	969	1.00325	0.00191229
1623	970	1.00325	0.00191229
1623	971	1.00325	0.00191229
1623	972	1.00325	0.00191229
1623	973	1.00325	0.00191229
1623	974	1.00325	0.00191229
1623	975	1.00325	0.00191229
1623	976	1.00325	0.00191229
1623	977	1.00325	0.00191229
1623	978	1.00325	0.00191229
1623	979	1.00325	0.00191229
1623	980	1.00325	0.00191229
1623	981	1.00325	0.00191229
1623	982	1.00325	0.00191229
1623	983	1.00325	0.00191229
1623	984	1.00325	0.00191229
1623	985	1.00325	0.00191229
1623	986	1.00325	0.00191229
1623	987	1.00325	0.00191229
1623	988	1.00325	0.00191229
1623	989	1.00325	0.00191229
1623	990	1.00325	0.00191229
1623	991	1.00325	0.00191229
1623	992	1.00325	0.00191229
1623	993	1.00325	0.00191229
1623	994	1.00325	0.00191229
1623	995	1.00325	0.00191229
1623	996	1.00325	0.00191229
1623	997	1.00325	0.00191229
1623	998	1.00325	0.00191229
1623	999	1.00325	0.00191229
1623	1000	1.00325	0.00191229
1623	1001	1.00325	0.00191229
1623	1002	1.00325	0.00191229
1623	1003	1.00325	0.00191229
1623	1004	1.00325	0.00191229
1623	1005	1.00325	0.00191229
1623	1006	1.00325	0.00191229
1623	1007	1.00325	0.00191229
1623	1008	1.00325	0.00191229
1623	1009	1.00325	0.00191229
1623	1010	1.00325	0.00191229
1623	1011	1.00325	0.00191229
1623	1012	1.00325	0.00191229
1623	1013	1.00325	0.00191229
1623	1014	1.00325	0.00191229
1623	1015	1.00325	0.00191229
1623	1016	1.00325	0.00191229
1623	1017	1.00325	0.00191229
1623	1018	1.00325	0.00191229
1623	1019	1.00325	0.00191229
1623	1020	1.00325	0.00191229
1623	1021	1.00325	0.00191229
1623	1022	1.00325	0.00191229
1623	1023	1.00325	0.00191229
1623	1024	1.00325	0.00191229
1623	1025	1.00325	0.00191229
1623	1026	1.00325	0.00191229
1623	1027	1.00325	0.00191229
1623	1028	1.00325	0.00191229
1623	1029	1.00325	0.00191229
1623	1030	1.00325	0.00191229
1623	1031	1.00325	0.00191229
1623	1032	1.00325	0.00191229
1623	1033	1.00325	0.00191229
1623	1034	1.00325	0.00191229
1623	1035	1.00325	0.00191229
1623	1036	1.00325	0.00191229
1623	1037	1.00325	0.00191229
1623	1038	1.00325	0.00191229
1623	1039	1.00325	0.00191229
1623	1040	1.00325	0.00191229
1623	1041	1.00325	0.00191229
1623	1042	1.00325	0.00191229
1623	1043	1.00325	0.00191229
1623	1044	1.00325	0.00191229
1623	1045	1.00325	0.00191229
1623	1046	1.00325	0.00191229
1623	1047	1.00325	0.00191229
1623	1048	1.00325	0.00191229
1623	1049	1.00325	0.00191229
1623	1050	1.00325	0.00191229
1623	1051	1.00325	0.00191229
1623	1052	1.00325	0.00191229
1623	1053	1.00325	0.00191229
1623	1054	1.00325	0.00191229
1623	1055	1.00325	0.00191229
1623	1056	1.00325	0.00191229
1623	1057	1.00325	0.00191229
1623	1058	1.00325	0.00191229
1623	1059	1.00325	0.00191229
1623	1060	1.00325	0.00191229
1623	1061	1.00325	0.00191229
1623	1062	1.00325	0.00191229
1623	1063	1.00325	0.00191229
1623	1064	1.00325	0.00191229
1623	1065	1.00325	0.00191229
1623	1066	1.00325	0.00191229
1623	1067	1.00325	0.00191229
1623	1068	1.00325	0.00191229
1623	1069	1.00325	0.00191229
1623	1070	1.00325	0.00191229
1623	1071	1.00325	0.00191229
1623	1072	1.00325	0.00191229
1623	1073	1.00325	0.00191229
1623	1074	1.00325	0.00191229
1623	1075	1.00325	0.00191229
1623	1076	1.00325	0.00191229
1623	1077	1.00325	0.00191229
1623	1078	1.00325	0.00191229
1623	1079	1.00325	0.00191229
1623	1080	1.00325	0.00191229
1623	1081	1.00325	0.00191229
1623	1082	1.00325	0.00191229
1623	1083	1.00325	0.00191229
1623	1084	1.00325	0.00191229
1623	1085	1.00325	0.00191229
1623	1086	1.00325	0.00191229
1623	1087	1.00325	0.00191229
1623	1088	1.00325	0.00191229
1623	1089	1.00325	0.00191229
1623	1090	1.00325	0.00191229
1623	1091	1.00325	0.00191229
1623	1092	1.00325	0.00191229
1623	1093	1.00325	0.00191229
1623	1094	1.00325	0.00191229
1623	1095	1.00325	0.00191229
1623	1096	1.00325	0.00191229
1623	1097	1.00325	0.00191229
1623	1098	1.00325	0.00191229
1623	1099	1.00325	0.00191229
1623	1100	1.00325	0.00191229
1623	1101	1.00325	0.00191229
1623	1102	1.00325	0.00191229
1623	1103	1.00325	0.00191229
1623	1104	1.00325	0.00191229
1623	1105	1.00325	0.00191229
1623	1106	1.00325	0.00191229
1623	1107	1.00325	0.00191229
1623	1108	1.00325	0.00191229
1623	1109	1.00325	0.00191229
1623	1110	1.00325	0.00191229
1623	1111	1.00325	0.00191229
1623	1112	1.00325	0.00191229
1623	1113	1.00325	0.00191229
1623	1114	1.00325	0.00191229
1623	1115	1.00325	0.00191229
1623	1116	1.00325	0.00191229
1623	1117	1.00325	0.00191229
1623	1118	1.00325	0.00191229
1623	1119	1.00325	0.00191229
1623	1120	1.00325	0.00191229
1623	1121	1.00325	0.00191229
1623	1122	1.00325	0.00191229
1623	1123	1.00325	0.00191229
1623	1124	1.00325	0.00191229
1623	1125	1.00325	0.00191229
1623	1126	1.00325	0.00191229
