1597	0	1	0.0022486
1597	1	1	0.0022486
1597	2	1	0.0022486
1597	3	1	0.0022486
1597	4	1	0.0022486
1597	5	1	0.0022486
1597	6	1	0.0022486
1597	7	1	0.0022486
1597	8	1	0.0022486
1597	9	1	0.0022486
1597	10	1	0.0022486
1597	11	1	0.0022486
1597	12	1	0.0022486
1597	13	1	0.0022486
1597	14	1	0.0022486
1597	15	1	0.0022486
1597	16	1	0.0022486
1597	17	1	0.0022486
1597	18	1	0.0022486
1597	19	1	0.0022486
1597	20	1	0.0022486
1597	21	1	0.0022486
1597	22	1	0.0022486
1597	23	1	0.0022486
1597	24	1	0.0022486
1597	25	1	0.0022486
1597	26	1	0.0022486
1597	27	1	0.0022486
1597	28	1	0.0022486
1597	29	1	0.0022486
1597	30	1	0.0022486
1597	31	1	0.0022486
1597	32	1	0.0022486
1597	33	1	0.0022486
1597	34	1	0.0022486
1597	35	1	0.0022486
1597	36	1	0.0022486
1597	37	1	0.0022486
1597	38	1	0.0022486
1597	39	1	0.0022486
1597	40	1	0.0022486
1597	41	1	0.0022486
1597	42	1	0.0022486
1597	43	1	0.0022486
1597	44	1	0.0022486
1597	45	1	0.0022486
1597	46	1	0.0022486
1597	47	1	0.0022486
1597	48	1	0.0022486
1597	49	1	0.0022486
1597	50	1	0.0022486
1597	51	1	0.0022486
1597	52	1	0.0022486
1597	53	1	0.0022486
1597	54	1	0.0022486
1597	55	1	0.0022486
1597	56	1	0.0022486
1597	57	1	0.0022486
1597	58	1	0.0022486
1597	59	1	0.0022486
1597	60	1	0.0022486
1597	61	1	0.0022486
1597	62	1	0.0022486
1597	63	1	0.0022486
1597	64	1	0.0022486
1597	65	1	0.0022486
1597	66	1	0.0022486
1597	67	1	0.0022486
1597	68	1	0.0022486
1597	69	1	0.0022486
1597	70	1	0.0022486
1597	71	1	0.0022486
1597	72	1	0.0022486
1597	73	1	0.0022486
1597	74	1	0.0022486
1597	75	1	0.0022486
1597	76	1	0.0022486
1597	77	1	0.0022486
1597	78	1	0.0022486
1597	79	1	0.0022486
1597	80	1	0.0022486
1597	81	1	0.0022486
1597	82	1	0.0022486
1597	83	1	0.0022486
1597	84	1	0.0022486
1597	85	1	0.0022486
1597	86	1	0.0022486
1597	87	1	0.0022486
1597	88	1	0.0022486
1597	89	1	0.0022486
1597	90	1	0.0022486
1597	91	1	0.0022486
1597	92	1	0.0022486
1597	93	1	0.0022486
1597	94	1	0.0022486
1597	95	1	0.0022486
1597	96	1	0.0022486
1597	97	1	0.0022486
1597	98	1	0.0022486
1597	99	1	0.0022486
1597	100	1	0.0022486
1597	101	1	0.0022486
1597	102	1	0.0022486
1597	103	1	0.0022486
1597	104	1	0.0022486
1597	105	1	0.0022486
1597	106	1	0.0022486
1597	107	1	0.0022486
1597	108	1	0.0022486
1597	109	1	0.0022486
1597	110	1	0.0022486
1597	111	1	0.0022486
1597	112	1	0.0022486
1597	113	1	0.0022486
1597	114	1	0.0022486
1597	115	1	0.0022486
1597	116	1	0.0022486
1597	117	1	0.0022486
1597	118	1	0.0022486
1597	119	1	0.0022486
1597	120	1	0.0022486
1597	121	1	0.0022486
1597	122	1	0.0022486
1597	123	1	0.0022486
1597	124	1	0.0022486
1597	125	1	0.0022486
1597	126	1	0.0022486
1597	127	1	0.0022486
1597	128	1	0.0022486
1597	129	1	0.0022486
1597	130	1	0.0022486
1597	131	1	0.0022486
1597	132	1	0.0022486
1597	133	1	0.0022486
1597	134	1	0.0022486
1597	135	1	0.0022486
1597	136	1	0.0022486
1597	137	1	0.0022486
1597	138	1	0.0022486
1597	139	1	0.0022486
1597	140	1	0.0022486
1597	141	1	0.0022486
1597	142	1	0.0022486
1597	143	1	0.0022486
1597	144	1	0.0022486
1597	145	1	0.0022486
1597	146	1	0.0022486
1597	147	1	0.0022486
1597	148	1	0.0022486
1597	149	1	0.0022486
1597	150	1	0.0022486
1597	151	1	0.0022486
1597	152	1	0.0022486
1597	153	1	0.0022486
1597	154	1	0.0022486
1597	155	1	0.0022486
1597	156	1	0.0022486
1597	157	1	0.0022486
1597	158	1	0.0022486
1597	159	1	0.0022486
1597	160	1	0.0022486
1597	161	1	0.0022486
1597	162	1	0.0022486
1597	163	1	0.0022486
1597	164	1	0.0022486
1597	165	1	0.0022486
1597	166	1	0.0022486
1597	167	1	0.0022486
1597	168	1	0.0022486
1597	169	1	0.0022486
1597	170	1	0.0022486
1597	171	1	0.0022486
1597	172	1	0.0022486
1597	173	1	0.0022486
1597	174	1	0.0022486
1597	175	1	0.0022486
1597	176	1	0.0022486
1597	177	1	0.0022486
1597	178	1	0.0022486
1597	179	1	0.0022486
1597	180	1	0.0022486
1597	181	1	0.0022486
1597	182	1	0.0022486
1597	183	1	0.0022486
1597	184	1	0.0022486
1597	185	1	0.0022486
1597	186	1	0.0022486
1597	187	1	0.0022486
1597	188	1	0.0022486
1597	189	1	0.0022486
1597	190	1	0.0022486
1597	191	1	0.0022486
1597	192	1	0.0022486
1597	193	1	0.0022486
1597	194	1	0.0022486
1597	195	1	0.0022486
1597	196	1	0.0022486
1597	197	1	0.0022486
1597	198	1	0.0022486
1597	199	1	0.0022486
1597	200	1	0.0022486
1597	201	1	0.0022486
1597	202	1	0.0022486
1597	203	1	0.0022486
1597	204	1	0.0022486
1597	205	1	0.0022486
1597	206	1	0.0022486
1597	207	1	0.0022486
1597	208	1	0.0022486
1597	209	1	0.0022486
1597	210	1	0.0022486
1597	211	1	0.0022486
1597	212	1	0.0022486
1597	213	1	0.0022486
1597	214	1	0.0022486
1597	215	1	0.0022486
1597	216	1	0.0022486
1597	217	1	0.0022486
1597	218	1	0.0022486
1597	219	1	0.0022486
1597	220	1	0.0022486
1597	221	1	0.0022486
1597	222	1	0.0022486
1597	223	1	0.0022486
1597	224	1	0.0022486
1597	225	1	0.0022486
1597	226	1	0.0022486
1597	227	1	0.0022486
1597	228	1	0.0022486
1597	229	1	0.0022486
1597	230	1	0.0022486
1597	231	1	0.0022486
1597	232	1	0.0022486
1597	233	1	0.0022486
1597	234	1	0.0022486
1597	235	1	0.0022486
1597	236	1	0.0022486
1597	237	1	0.0022486
1597	238	1	0.0022486
1597	239	1	0.0022486
1597	240	1	0.0022486
1597	241	1	0.0022486
1597	242	1	0.0022486
1597	243	1	0.0022486
1597	244	1	0.0022486
1597	245	1	0.0022486
1597	246	1	0.0022486
1597	247	1	0.0022486
1597	248	1	0.0022486
1597	249	1	0.0022486
1597	250	1	0.0022486
1597	251	1	0.0022486
1597	252	1	0.0022486
1597	253	1	0.0022486
1597	254	1	0.0022486
1597	255	1	0.0022486
1597	256	1	0.0022486
1597	257	1	0.0022486
1597	258	1	0.0022486
1597	259	1	0.0022486
1597	260	1	0.0022486
1597	261	1	0.0022486
1597	262	1	0.0022486
1597	263	1	0.0022486
1597	264	1	0.0022486
1597	265	1	0.0022486
1597	266	1	0.0022486
1597	267	1	0.0022486
1597	268	1	0.0022486
1597	269	1	0.0022486
1597	270	1	0.0022486
1597	271	1	0.0022486
1597	272	1	0.0022486
1597	273	1	0.0022486
1597	274	1	0.0022486
1597	275	1	0.0022486
1597	276	1	0.0022486
1597	277	1	0.0022486
1597	278	1	0.0022486
1597	279	1	0.0022486
1597	280	1	0.0022486
1597	281	1	0.0022486
1597	282	1	0.0022486
1597	283	1	0.0022486
1597	284	1	0.0022486
1597	285	1	0.0022486
1597	286	1	0.0022486
1597	287	1	0.0022486
1597	288	1	0.0022486
1597	289	1	0.0022486
1597	290	1	0.0022486
1597	291	1	0.0022486
1597	292	1	0.0022486
1597	293	1	0.0022486
1597	294	1	0.0022486
1597	295	1	0.0022486
1597	296	1	0.0022486
1597	297	1	0.0022486
1597	298	1	0.0022486
1597	299	1	0.0022486
1597	300	1	0.0022486
1597	301	1	0.0022486
1597	302	1	0.0022486
1597	303	1	0.0022486
1597	304	1	0.0022486
1597	305	1	0.0022486
1597	306	1	0.0022486
1597	307	1	0.0022486
1597	308	1	0.0022486
1597	309	1	0.0022486
1597	310	1	0.0022486
1597	311	1	0.0022486
1597	312	1	0.0022486
1597	313	1	0.0022486
1597	314	1	0.0022486
1597	315	1	0.0022486
1597	316	1	0.0022486
1597	317	1	0.0022486
1597	318	1	0.0022486
1597	319	1	0.0022486
1597	320	1	0.0022486
1597	321	1	0.0022486
1597	322	1	0.0022486
1597	323	1	0.0022486
1597	324	1	0.0022486
1597	325	1	0.0022486
1597	326	1	0.0022486
1597	327	1	0.0022486
1597	328	1	0.0022486
1597	329	1	0.0022486
1597	330	1	0.0022486
1597	331	1	0.0022486
1597	332	1	0.0022486
1597	333	1	0.0022486
1597	334	1	0.0022486
1597	335	1	0.0022486
1597	336	1	0.0022486
1597	337	1	0.0022486
1597	338	1	0.0022486
1597	339	1	0.0022486
1597	340	1	0.0022486
1597	341	1	0.0022486
1597	342	1	0.0022486
1597	343	1	0.0022486
1597	344	1	0.0022486
1597	345	1	0.0022486
1597	346	1	0.0022486
1597	347	1	0.0022486
1597	348	1	0.0022486
1597	349	1	0.0022486
1597	350	1	0.0022486
1597	351	1	0.0022486
1597	352	1	0.0022486
1597	353	1	0.0022486
1597	354	1	0.0022486
1597	355	1	0.0022486
1597	356	1	0.0022486
1597	357	1	0.0022486
1597	358	1	0.0022486
1597	359	1	0.0022486
1597	360	1	0.0022486
1597	361	1	0.0022486
1597	362	1	0.0022486
1597	363	1	0.0022486
1597	364	1	0.0022486
1597	365	1	0.0022486
1597	366	1	0.0022486
1597	367	1	0.0022486
1597	368	1	0.0022486
1597	369	1	0.0022486
1597	370	1	0.0022486
1597	371	1	0.0022486
1597	372	1	0.0022486
1597	373	1	0.0022486
1597	374	1	0.0022486
1597	375	1	0.0022486
1597	376	1	0.0022486
1597	377	1	0.0022486
1597	378	1	0.0022486
1597	379	1	0.0022486
1597	380	1	0.0022486
1597	381	1	0.0022486
1597	382	1	0.0022486
1597	383	1	0.0022486
1597	384	1	0.0022486
1597	385	1	0.0022486
1597	386	1	0.0022486
1597	387	1	0.0022486
1597	388	1	0.0022486
1597	389	1	0.0022486
1597	390	1	0.0022486
1597	391	1	0.0022486
1597	392	1	0.0022486
1597	393	1	0.0022486
1597	394	1	0.0022486
1597	395	1	0.0022486
1597	396	1	0.0022486
1597	397	1	0.0022486
1597	398	1	0.0022486
1597	399	1	0.0022486
1597	400	1	0.0022486
1597	401	1	0.0022486
1597	402	1	0.0022486
1597	403	1	0.0022486
1597	404	1	0.0022486
1597	405	1	0.0022486
1597	406	1	0.0022486
1597	407	1	0.0022486
1597	408	1	0.0022486
1597	409	1	0.0022486
1597	410	1	0.0022486
1597	411	1	0.0022486
1597	412	1	0.0022486
1597	413	1	0.0022486
1597	414	1	0.0022486
1597	415	1	0.0022486
1597	416	1	0.0022486
1597	417	1	0.0022486
1597	418	1	0.0022486
1597	419	1	0.0022486
1597	420	1	0.0022486
1597	421	1	0.0022486
1597	422	1	0.0022486
1597	423	1	0.0022486
1597	424	1	0.0022486
1597	425	1	0.0022486
1597	426	1	0.0022486
1597	427	1	0.0022486
1597	428	1	0.0022486
1597	429	1	0.0022486
1597	430	1	0.0022486
1597	431	1	0.0022486
1597	432	1	0.0022486
1597	433	1	0.0022486
1597	434	1	0.0022486
1597	435	1	0.0022486
1597	436	1	0.0022486
1597	437	1	0.0022486
1597	438	1	0.0022486
1597	439	1	0.0022486
1597	440	1	0.0022486
1597	441	1	0.0022486
1597	442	1	0.0022486
1597	443	1	0.0022486
1597	444	1	0.0022486
1597	445	1	0.0022486
1597	446	1	0.0022486
1597	447	1	0.0022486
1597	448	1	0.0022486
1597	449	1	0.0022486
1597	450	1	0.0022486
1597	451	1	0.0022486
1597	452	1	0.0022486
1597	453	1	0.0022486
1597	454	1	0.0022486
1597	455	1	0.0022486
1597	456	1	0.0022486
1597	457	1	0.0022486
1597	458	1	0.0022486
1597	459	1	0.0022486
1597	460	1	0.0022486
1597	461	1	0.0022486
1597	462	1	0.0022486
1597	463	1	0.0022486
1597	464	1	0.0022486
1597	465	1	0.0022486
1597	466	1	0.0022486
1597	467	1	0.0022486
1597	468	1	0.0022486
1597	469	1	0.0022486
1597	470	1	0.0022486
1597	471	1	0.0022486
1597	472	1	0.0022486
1597	473	1	0.0022486
1597	474	1	0.0022486
1597	475	1	0.0022486
1597	476	1	0.0022486
1597	477	1	0.0022486
1597	478	1	0.0022486
1597	479	1	0.0022486
1597	480	1	0.0022486
1597	481	1	0.0022486
1597	482	1	0.0022486
1597	483	1	0.0022486
1597	484	1	0.0022486
1597	485	1	0.0022486
1597	486	1	0.0022486
1597	487	1	0.0022486
1597	488	1	0.0022486
1597	489	1	0.0022486
1597	490	1	0.0022486
1597	491	1	0.0022486
1597	492	1	0.0022486
1597	493	1	0.0022486
1597	494	1	0.0022486
1597	495	1	0.0022486
1597	496	1	0.0022486
1597	497	1	0.0022486
1597	498	1	0.0022486
1597	499	1	0.0022486
1597	500	1	0.0022486
1597	501	1	0.0022486
1597	502	1	0.0022486
1597	503	1	0.0022486
1597	504	1	0.0022486
1597	505	1	0.0022486
1597	506	1	0.0022486
1597	507	1	0.0022486
1597	508	1	0.0022486
1597	509	1	0.0022486
1597	510	1	0.0022486
1597	511	1	0.0022486
1597	512	1	0.0022486
1597	513	1	0.0022486
1597	514	1	0.0022486
1597	515	1	0.0022486
1597	516	1	0.0022486
1597	517	1	0.0022486
1597	518	1	0.0022486
1597	519	1	0.0022486
1597	520	1	0.0022486
1597	521	1	0.0022486
1597	522	1	0.0022486
1597	523	1	0.0022486
1597	524	1	0.0022486
1597	525	1	0.0022486
1597	526	1	0.0022486
1597	527	1	0.0022486
1597	528	1	0.0022486
1597	529	1	0.0022486
1597	530	1	0.0022486
1597	531	1	0.0022486
1597	532	1	0.0022486
1597	533	1	0.0022486
1597	534	1	0.0022486
1597	535	1	0.0022486
1597	536	1	0.0022486
1597	537	1	0.0022486
1597	538	1	0.0022486
1597	539	1	0.0022486
1597	540	1	0.0022486
1597	541	1	0.0022486
1597	542	1	0.0022486
1597	543	1	0.0022486
1597	544	1	0.0022486
1597	545	1	0.0022486
1597	546	1	0.0022486
1597	547	1	0.0022486
1597	548	1	0.0022486
1597	549	1	0.0022486
1597	550	1	0.0022486
1597	551	1	0.0022486
1597	552	1	0.0022486
1597	553	1	0.0022486
1597	554	1	0.0022486
1597	555	1	0.0022486
1597	556	1	0.0022486
1597	557	1	0.0022486
1597	558	1	0.0022486
1597	559	1	0.0022486
1597	560	1	0.0022486
1597	561	1	0.0022486
1597	562	1	0.0022486
1597	563	1	0.0022486
1597	564	1	0.0022486
1597	565	1	0.0022486
1597	566	1	0.0022486
1597	567	1	0.0022486
1597	568	1	0.0022486
1597	569	1	0.0022486
1597	570	1	0.0022486
1597	571	1	0.0022486
1597	572	1	0.0022486
1597	573	1	0.0022486
1597	574	1	0.0022486
1597	575	1	0.0022486
1597	576	1	0.0022486
1597	577	1	0.0022486
1597	578	1	0.0022486
1597	579	1	0.0022486
1597	580	1	0.0022486
1597	581	1	0.0022486
1597	582	1	0.0022486
1597	583	1	0.0022486
1597	584	1	0.0022486
1597	585	1	0.0022486
1597	586	1	0.0022486
1597	587	1	0.0022486
1597	588	1	0.0022486
1597	589	1	0.0022486
1597	590	1	0.0022486
1597	591	1	0.0022486
1597	592	1	0.0022486
1597	593	1	0.0022486
1597	594	1	0.0022486
1597	595	1	0.0022486
1597	596	1	0.0022486
1597	597	1	0.0022486
1597	598	1	0.0022486
1597	599	1	0.0022486
1597	600	1	0.0022486
1597	601	1	0.0022486
1597	602	1	0.0022486
1597	603	1	0.0022486
1597	604	1	0.0022486
1597	605	1	0.0022486
1597	606	1	0.0022486
1597	607	1	0.0022486
1597	608	1	0.0022486
1597	609	1	0.0022486
1597	610	1	0.0022486
1597	611	1	0.0022486
1597	612	1	0.0022486
1597	613	1	0.0022486
1597	614	1	0.0022486
1597	615	1	0.0022486
1597	616	1	0.0022486
1597	617	1	0.0022486
1597	618	1	0.0022486
1597	619	1	0.0022486
1597	620	1	0.0022486
1597	621	1	0.0022486
1597	622	1	0.0022486
1597	623	1	0.0022486
1597	624	1	0.0022486
1597	625	1	0.0022486
1597	626	1	0.0022486
1597	627	1	0.0022486
1597	628	1	0.0022486
1597	629	1	0.0022486
1597	630	1	0.0022486
1597	631	1	0.0022486
1597	632	1	0.0022486
1597	633	1	0.0022486
1597	634	1	0.0022486
1597	635	1	0.0022486
1597	636	1	0.0022486
1597	637	1	0.0022486
1597	638	1	0.0022486
1597	639	1	0.0022486
1597	640	1	0.0022486
1597	641	1	0.0022486
1597	642	1	0.0022486
1597	643	1	0.0022486
1597	644	1	0.0022486
1597	645	1	0.0022486
1597	646	1	0.0022486
1597	647	1	0.0022486
1597	648	1	0.0022486
1597	649	1	0.0022486
1597	650	1	0.0022486
1597	651	1	0.0022486
1597	652	1	0.0022486
1597	653	1	0.0022486
1597	654	1	0.0022486
1597	655	1	0.0022486
1597	656	1	0.0022486
1597	657	1	0.0022486
1597	658	1	0.0022486
1597	659	1	0.0022486
1597	660	1	0.0022486
1597	661	1	0.0022486
1597	662	1	0.0022486
1597	663	1	0.0022486
1597	664	1	0.0022486
1597	665	1	0.0022486
1597	666	1	0.0022486
1597	667	1	0.0022486
1597	668	1	0.0022486
1597	669	1	0.0022486
1597	670	1	0.0022486
1597	671	1	0.0022486
1597	672	1	0.0022486
1597	673	1	0.0022486
1597	674	1	0.0022486
1597	675	1	0.0022486
1597	676	1	0.0022486
1597	677	1	0.0022486
1597	678	1	0.0022486
1597	679	1	0.0022486
1597	680	1	0.0022486
1597	681	1	0.0022486
1597	682	1	0.0022486
1597	683	1	0.0022486
1597	684	1	0.0022486
1597	685	1	0.0022486
1597	686	1	0.0022486
1597	687	1	0.0022486
1597	688	1	0.0022486
1597	689	1	0.0022486
1597	690	1	0.0022486
1597	691	1	0.0022486
1597	692	1	0.0022486
1597	693	1	0.0022486
1597	694	1	0.0022486
1597	695	1	0.0022486
1597	696	1	0.0022486
1597	697	1	0.0022486
1597	698	1	0.0022486
1597	699	1	0.0022486
1597	700	1	0.0022486
1597	701	1	0.0022486
1597	702	1	0.0022486
1597	703	1	0.0022486
1597	704	1	0.0022486
1597	705	1	0.0022486
1597	706	1	0.0022486
1597	707	1	0.0022486
1597	708	1	0.0022486
1597	709	1	0.0022486
1597	710	1	0.0022486
1597	711	1	0.0022486
1597	712	1	0.0022486
1597	713	1	0.0022486
1597	714	1	0.0022486
1597	715	1	0.0022486
1597	716	1	0.0022486
1597	717	1	0.0022486
1597	718	1	0.0022486
1597	719	1	0.0022486
1597	720	1	0.0022486
1597	721	1	0.0022486
1597	722	1	0.0022486
1597	723	1	0.0022486
1597	724	1	0.0022486
1597	725	1	0.0022486
1597	726	1	0.0022486
1597	727	1	0.0022486
1597	728	1	0.0022486
1597	729	1	0.0022486
1597	730	1	0.0022486
1597	731	1	0.0022486
1597	732	1	0.0022486
1597	733	1	0.0022486
1597	734	1	0.0022486
1597	735	1	0.0022486
1597	736	1	0.0022486
1597	737	1	0.0022486
1597	738	1	0.0022486
1597	739	1	0.0022486
1597	740	1	0.0022486
1597	741	1	0.0022486
1597	742	1	0.0022486
1597	743	1	0.0022486
1597	744	1	0.0022486
1597	745	1	0.0022486
1597	746	1	0.0022486
1597	747	1	0.0022486
1597	748	1	0.0022486
1597	749	1	0.0022486
1597	750	1	0.0022486
1597	751	1	0.0022486
1597	752	1	0.0022486
1597	753	1	0.0022486
1597	754	1	0.0022486
1597	755	1	0.0022486
1597	756	1	0.0022486
1597	757	1	0.0022486
1597	758	1	0.0022486
1597	759	1	0.0022486
1597	760	1	0.0022486
1597	761	1	0.0022486
1597	762	1	0.0022486
1597	763	1	0.0022486
1597	764	1	0.0022486
1597	765	1	0.0022486
1597	766	1	0.0022486
1597	767	1	0.0022486
1597	768	1	0.0022486
1597	769	1	0.0022486
1597	770	1	0.0022486
1597	771	1	0.0022486
1597	772	1	0.0022486
1597	773	1	0.0022486
1597	774	1	0.0022486
1597	775	1	0.0022486
1597	776	1	0.0022486
1597	777	1	0.0022486
1597	778	1	0.0022486
1597	779	1	0.0022486
1597	780	1	0.0022486
1597	781	1	0.0022486
1597	782	1	0.0022486
1597	783	1	0.0022486
1597	784	1	0.0022486
1597	785	1	0.0022486
1597	786	1	0.0022486
1597	787	1	0.0022486
1597	788	1	0.0022486
1597	789	1	0.0022486
1597	790	1	0.0022486
1597	791	1	0.0022486
1597	792	1	0.0022486
1597	793	1	0.0022486
1597	794	1	0.0022486
1597	795	1	0.0022486
1597	796	1	0.0022486
1597	797	1	0.0022486
1597	798	1	0.0022486
1597	799	1	0.0022486
1597	800	1	0.0022486
1597	801	1	0.0022486
1597	802	1	0.0022486
1597	803	1	0.0022486
1597	804	1	0.0022486
1597	805	1	0.0022486
1597	806	1	0.0022486
1597	807	1	0.0022486
1597	808	1	0.0022486
1597	809	1	0.0022486
1597	810	1	0.0022486
1597	811	1	0.0022486
1597	812	1	0.0022486
1597	813	1	0.0022486
1597	814	1	0.0022486
1597	815	1	0.0022486
1597	816	1	0.0022486
1597	817	1	0.0022486
1597	818	1	0.0022486
1597	819	1	0.0022486
1597	820	1	0.0022486
1597	821	1	0.0022486
1597	822	1	0.0022486
1597	823	1	0.0022486
1597	824	1	0.0022486
1597	825	1	0.0022486
1597	826	1	0.0022486
1597	827	1	0.0022486
1597	828	1	0.0022486
1597	829	1	0.0022486
1597	830	1	0.0022486
1597	831	1	0.0022486
1597	832	1	0.0022486
1597	833	1	0.0022486
1597	834	1	0.0022486
1597	835	1	0.0022486
1597	836	1	0.0022486
1597	837	1	0.0022486
1597	838	1	0.0022486
1597	839	1	0.0022486
1597	840	1	0.0022486
1597	841	1	0.0022486
1597	842	1	0.0022486
1597	843	1	0.0022486
1597	844	1	0.0022486
1597	845	1	0.0022486
1597	846	1	0.0022486
1597	847	1	0.0022486
1597	848	1	0.0022486
1597	849	1	0.0022486
1597	850	1	0.0022486
1597	851	1	0.0022486
1597	852	1	0.0022486
1597	853	1	0.0022486
1597	854	1	0.0022486
1597	855	1	0.0022486
1597	856	1	0.0022486
1597	857	1	0.0022486
1597	858	1	0.0022486
1597	859	1	0.0022486
1597	860	1	0.0022486
1597	861	1	0.0022486
1597	862	1	0.0022486
1597	863	1	0.0022486
1597	864	1	0.0022486
1597	865	1	0.0022486
1597	866	1	0.0022486
1597	867	1	0.0022486
1597	868	1	0.0022486
1597	869	1	0.0022486
1597	870	1	0.0022486
1597	871	1	0.0022486
1597	872	1	0.0022486
1597	873	1	0.0022486
1597	874	1	0.0022486
1597	875	1	0.0022486
1597	876	1	0.0022486
1597	877	1	0.0022486
1597	878	1	0.0022486
1597	879	1	0.0022486
1597	880	1	0.0022486
1597	881	1	0.0022486
1597	882	1	0.0022486
1597	883	1	0.0022486
1597	884	1	0.0022486
1597	885	1	0.0022486
1597	886	1	0.0022486
1597	887	1	0.0022486
1597	888	1	0.0022486
1597	889	1	0.0022486
1597	890	1	0.0022486
1597	891	1	0.0022486
1597	892	1	0.0022486
1597	893	1	0.0022486
1597	894	1	0.0022486
1597	895	1	0.0022486
1597	896	1	0.0022486
1597	897	1	0.0022486
1597	898	1	0.0022486
1597	899	1	0.0022486
1597	900	1	0.0022486
1597	901	1	0.0022486
1597	902	1	0.0022486
1597	903	1	0.0022486
1597	904	1	0.0022486
1597	905	1	0.0022486
1597	906	1	0.0022486
1597	907	1	0.0022486
1597	908	1	0.0022486
1597	909	1	0.0022486
1597	910	1	0.0022486
1597	911	1	0.0022486
1597	912	1	0.0022486
1597	913	1	0.0022486
1597	914	1	0.0022486
1597	915	1	0.0022486
1597	916	1	0.0022486
1597	917	1	0.0022486
1597	918	1	0.0022486
1597	919	1	0.0022486
1597	920	1	0.0022486
1597	921	1	0.0022486
1597	922	1	0.0022486
1597	923	1	0.0022486
1597	924	1	0.0022486
1597	925	1	0.0022486
1597	926	1	0.0022486
1597	927	1	0.0022486
1597	928	1	0.0022486
1597	929	1	0.0022486
1597	930	1	0.0022486
1597	931	1	0.0022486
1597	932	1	0.0022486
1597	933	1	0.0022486
1597	934	1	0.0022486
1597	935	1	0.0022486
1597	936	1	0.0022486
1597	937	1	0.0022486
1597	938	1	0.0022486
1597	939	1	0.0022486
1597	940	1	0.0022486
1597	941	1	0.0022486
1597	942	1	0.0022486
1597	943	1	0.0022486
1597	944	1	0.0022486
1597	945	1	0.0022486
1597	946	1	0.0022486
1597	947	1	0.0022486
1597	948	1	0.0022486
1597	949	1	0.0022486
1597	950	1	0.0022486
1597	951	1	0.0022486
1597	952	1	0.0022486
1597	953	1	0.0022486
1597	954	1	0.0022486
1597	955	1	0.0022486
1597	956	1	0.0022486
1597	957	1	0.0022486
1597	958	1	0.0022486
1597	959	1	0.0022486
1597	960	1	0.0022486
1597	961	1	0.0022486
1597	962	1	0.0022486
1597	963	1	0.0022486
1597	964	1	0.0022486
1597	965	1	0.0022486
1597	966	1	0.0022486
1597	967	1	0.0022486
1597	968	1	0.0022486
1597	969	1	0.0022486
1597	970	1	0.0022486
1597	971	1	0.0022486
1597	972	1	0.0022486
1597	973	1	0.0022486
1597	974	1	0.0022486
1597	975	1	0.0022486
1597	976	1	0.0022486
1597	977	1	0.0022486
1597	978	1	0.0022486
1597	979	1	0.0022486
1597	980	1	0.0022486
1597	981	1	0.0022486
1597	982	1	0.0022486
1597	983	1	0.0022486
1597	984	1	0.0022486
1597	985	1	0.0022486
1597	986	1	0.0022486
1597	987	1	0.0022486
1597	988	1	0.0022486
1597	989	1	0.0022486
1597	990	1	0.0022486
1597	991	1	0.0022486
1597	992	1	0.0022486
1597	993	1	0.0022486
1597	994	1	0.0022486
1597	995	1	0.0022486
1597	996	1	0.0022486
1597	997	1	0.0022486
1597	998	1	0.0022486
1597	999	1	0.0022486
1597	1000	1	0.0022486
1597	1001	1	0.0022486
1597	1002	1	0.0022486
1597	1003	1	0.0022486
1597	1004	1	0.0022486
1597	1005	1	0.0022486
1597	1006	1	0.0022486
1597	1007	1	0.0022486
1597	1008	1	0.0022486
1597	1009	1	0.0022486
1597	1010	1	0.0022486
1597	1011	1	0.0022486
1597	1012	1	0.0022486
1597	1013	1	0.0022486
1597	1014	1	0.0022486
1597	1015	1	0.0022486
1597	1016	1	0.0022486
1597	1017	1	0.0022486
1597	1018	1	0.0022486
1597	1019	1	0.0022486
1597	1020	1	0.0022486
1597	1021	1	0.0022486
1597	1022	1	0.0022486
1597	1023	1	0.0022486
1597	1024	1	0.0022486
1597	1025	1	0.0022486
1597	1026	1	0.0022486
1597	1027	1	0.0022486
1597	1028	1	0.0022486
1597	1029	1	0.0022486
1597	1030	1	0.0022486
1597	1031	1	0.0022486
1597	1032	1	0.0022486
1597	1033	1	0.0022486
1597	1034	1	0.0022486
1597	1035	1	0.0022486
1597	1036	1	0.0022486
1597	1037	1	0.0022486
1597	1038	1	0.0022486
1597	1039	1	0.0022486
1597	1040	1	0.0022486
1597	1041	1	0.0022486
1597	1042	1	0.0022486
1597	1043	1	0.0022486
1597	1044	1	0.0022486
1597	1045	1	0.0022486
1597	1046	1	0.0022486
1597	1047	1	0.0022486
1597	1048	1	0.0022486
1597	1049	1	0.0022486
1597	1050	1	0.0022486
1597	1051	1	0.0022486
1597	1052	1	0.0022486
1597	1053	1	0.0022486
1597	1054	1	0.0022486
1597	1055	1	0.0022486
1597	1056	1	0.0022486
1597	1057	1	0.0022486
1597	1058	1	0.0022486
1597	1059	1	0.0022486
1597	1060	1	0.0022486
1597	1061	1	0.0022486
1597	1062	1	0.0022486
1597	1063	1	0.0022486
1597	1064	1	0.0022486
1597	1065	1	0.0022486
1597	1066	1	0.0022486
1597	1067	1	0.0022486
1597	1068	1	0.0022486
1597	1069	1	0.0022486
1597	1070	1	0.0022486
1597	1071	1	0.0022486
1597	1072	1	0.0022486
1597	1073	1	0.0022486
1597	1074	1	0.0022486
1597	1075	1	0.0022486
1597	1076	1	0.0022486
1597	1077	1	0.0022486
1597	1078	1	0.0022486
1597	1079	1	0.0022486
1597	1080	1	0.0022486
1597	1081	1	0.0022486
1597	1082	1	0.0022486
1597	1083	1	0.0022486
1597	1084	1	0.0022486
1597	1085	1	0.0022486
1597	1086	1	0.0022486
1597	1087	1	0.0022486
1597	1088	1	0.0022486
1597	1089	1	0.0022486
1597	1090	1	0.0022486
1597	1091	1	0.0022486
1597	1092	1	0.0022486
1597	1093	1	0.0022486
1597	1094	1	0.0022486
1597	1095	1	0.0022486
1597	1096	1	0.0022486
1597	1097	1	0.0022486
1597	1098	1	0.0022486
1597	1099	1	0.0022486
1597	1100	1	0.0022486
1597	1101	1	0.0022486
1597	1102	1	0.0022486
1597	1103	1	0.0022486
1597	1104	1	0.0022486
1597	1105	1	0.0022486
1597	1106	1	0.0022486
1597	1107	1	0.0022486
1597	1108	1	0.0022486
1597	1109	1	0.0022486
1597	1110	1	0.0022486
1597	1111	1	0.0022486
1597	1112	1	0.0022486
1597	1113	1	0.0022486
1597	1114	1	0.0022486
1597	1115	1	0.0022486
1597	1116	1	0.0022486
1597	1117	1	0.0022486
1597	1118	1	0.0022486
1597	1119	1	0.0022486
1597	1120	1	0.0022486
1597	1121	1	0.0022486
1597	1122	1	0.0022486
1597	1123	1	0.0022486
1597	1124	1	0.0022486
1597	1125	1	0.0022486
1597	1126	1	0.0022486
1597	1127	1	0.0022486
1597	1128	1	0.0022486
1597	1129	1	0.0022486
1597	1130	1	0.0022486
1597	1131	1	0.0022486
1597	1132	1	0.0022486
1597	1133	1	0.0022486
1597	1134	1	0.0022486
1597	1135	1	0.0022486
1597	1136	1	0.0022486
1597	1137	1	0.0022486
1597	1138	1	0.0022486
1597	1139	1	0.0022486
1597	1140	1	0.0022486
1597	1141	1	0.0022486
1597	1142	1	0.0022486
1597	1143	1	0.0022486
1597	1144	1	0.0022486
1597	1145	1	0.0022486
1597	1146	1	0.0022486
1597	1147	1	0.0022486
1597	1148	1	0.0022486
1597	1149	1	0.0022486
1597	1150	1	0.0022486
1597	1151	1	0.0022486
1597	1152	1	0.0022486
1597	1153	1	0.0022486
1597	1154	1	0.0022486
1597	1155	1	0.0022486
1597	1156	1	0.0022486
1597	1157	1	0.0022486
1597	1158	1	0.0022486
1597	1159	1	0.0022486
1597	1160	1	0.0022486
1597	1161	1	0.0022486
1597	1162	1	0.0022486
1597	1163	1	0.0022486
1597	1164	1	0.0022486
1597	1165	1	0.0022486
1597	1166	1	0.0022486
1597	1167	1	0.0022486
1597	1168	1	0.0022486
1597	1169	1	0.0022486
1597	1170	1	0.0022486
1597	1171	1	0.0022486
1597	1172	1	0.0022486
1597	1173	1	0.0022486
1597	1174	1	0.0022486
1597	1175	1	0.0022486
1597	1176	1	0.0022486
1597	1177	1	0.0022486
1597	1178	1	0.0022486
1597	1179	1	0.0022486
1597	1180	1	0.0022486
1597	1181	1	0.0022486
1597	1182	1	0.0022486
1597	1183	1	0.0022486
1597	1184	1	0.0022486
1597	1185	1	0.0022486
1597	1186	1	0.0022486
1597	1187	1	0.0022486
1597	1188	1	0.0022486
1597	1189	1	0.0022486
1597	1190	1	0.0022486
1597	1191	1	0.0022486
1597	1192	1	0.0022486
1597	1193	1	0.0022486
1597	1194	1	0.0022486
1597	1195	1	0.0022486
1597	1196	1	0.0022486
1597	1197	1	0.0022486
1597	1198	1	0.0022486
1597	1199	1	0.0022486
1597	1200	1	0.0022486
1597	1201	1	0.0022486
1597	1202	1	0.0022486
1597	1203	1	0.0022486
1597	1204	1	0.0022486
1597	1205	1	0.0022486
1597	1206	1	0.0022486
1597	1207	1	0.0022486
1597	1208	1	0.0022486
1597	1209	1	0.0022486
1597	1210	1	0.0022486
1597	1211	1	0.0022486
1597	1212	1	0.0022486
1597	1213	1	0.0022486
1597	1214	1	0.0022486
1597	1215	1	0.0022486
1597	1216	1	0.0022486
1597	1217	1	0.0022486
1597	1218	1	0.0022486
1597	1219	1	0.0022486
1597	1220	1	0.0022486
1597	1221	1	0.0022486
1597	1222	1	0.0022486
1597	1223	1	0.0022486
1597	1224	1	0.0022486
1597	1225	1	0.0022486
1597	1226	1	0.0022486
1597	1227	1	0.0022486
1597	1228	1	0.0022486
1597	1229	1	0.0022486
1597	1230	1	0.0022486
1597	1231	1	0.0022486
1597	1232	1	0.0022486
1597	1233	1	0.0022486
1597	1234	1	0.0022486
1597	1235	1	0.0022486
1597	1236	1	0.0022486
1597	1237	1	0.0022486
1597	1238	1	0.0022486
1597	1239	1	0.0022486
1597	1240	1	0.0022486
1597	1241	1	0.0022486
1597	1242	1	0.0022486
1597	1243	1	0.0022486
1597	1244	1	0.0022486
1597	1245	1	0.0022486
1597	1246	1	0.0022486
1597	1247	1	0.0022486
1597	1248	1	0.0022486
1597	1249	1	0.0022486
1597	1250	1	0.0022486
1597	1251	1	0.0022486
1597	1252	1	0.0022486
1597	1253	1	0.0022486
1597	1254	1	0.0022486
1597	1255	1	0.0022486
1597	1256	1	0.0022486
1597	1257	1	0.0022486
1597	1258	1	0.0022486
1597	1259	1	0.0022486
1597	1260	1	0.0022486
1597	1261	1	0.0022486
1597	1262	1	0.0022486
1597	1263	1	0.0022486
1597	1264	1	0.0022486
1597	1265	1	0.0022486
1597	1266	1	0.0022486
1597	1267	1	0.0022486
1597	1268	1	0.0022486
1597	1269	1	0.0022486
1597	1270	1	0.0022486
1597	1271	1	0.0022486
1597	1272	1	0.0022486
1597	1273	1	0.0022486
1597	1274	1	0.0022486
1597	1275	1	0.0022486
1597	1276	1	0.0022486
1597	1277	1	0.0022486
1597	1278	1	0.0022486
1597	1279	1	0.0022486
1597	1280	1	0.0022486
1597	1281	1	0.0022486
1597	1282	1	0.0022486
1597	1283	1	0.0022486
1597	1284	1	0.0022486
1597	1285	1	0.0022486
1597	1286	1	0.0022486
1597	1287	1	0.0022486
1597	1288	1	0.0022486
1597	1289	1	0.0022486
1597	1290	1	0.0022486
1597	1291	1	0.0022486
1597	1292	1	0.0022486
1597	1293	1	0.0022486
1597	1294	1	0.0022486
1597	1295	1	0.0022486
1597	1296	1	0.0022486
1597	1297	1	0.0022486
1597	1298	1	0.0022486
1597	1299	1	0.0022486
1597	1300	1	0.0022486
1597	1301	1	0.0022486
1597	1302	1	0.0022486
1597	1303	1	0.0022486
1597	1304	1	0.0022486
1597	1305	1	0.0022486
1597	1306	1	0.0022486
1597	1307	1	0.0022486
1597	1308	1	0.0022486
1597	1309	1	0.0022486
1597	1310	1	0.0022486
1597	1311	1	0.0022486
1597	1312	1	0.0022486
1597	1313	1	0.0022486
1597	1314	1	0.0022486
1597	1315	1	0.0022486
1597	1316	1	0.0022486
1597	1317	1	0.0022486
1597	1318	1	0.0022486
1597	1319	1	0.0022486
1597	1320	1	0.0022486
1597	1321	1	0.0022486
1597	1322	1	0.0022486
1597	1323	1	0.0022486
1597	1324	1	0.0022486
1597	1325	1	0.0022486
1597	1326	1	0.0022486
1597	1327	1	0.0022486
1597	1328	1	0.0022486
1597	1329	1	0.0022486
1597	1330	1	0.0022486
1597	1331	1	0.0022486
1597	1332	1	0.0022486
1597	1333	1	0.0022486
1597	1334	1	0.0022486
1597	1335	1	0.0022486
1597	1336	1	0.0022486
1597	1337	1	0.0022486
1597	1338	1	0.0022486
1597	1339	1	0.0022486
1597	1340	1	0.0022486
1597	1341	1	0.0022486
1597	1342	1	0.0022486
1597	1343	1	0.0022486
1597	1344	1	0.0022486
1597	1345	1	0.0022486
1597	1346	1	0.0022486
1597	1347	1	0.0022486
1597	1348	1	0.0022486
1597	1349	1	0.0022486
1597	1350	1	0.0022486
1597	1351	1	0.0022486
1597	1352	1	0.0022486
1597	1353	1	0.0022486
1597	1354	1	0.0022486
1597	1355	1	0.0022486
1597	1356	1	0.0022486
1597	1357	1	0.0022486
1597	1358	1	0.0022486
1597	1359	1	0.0022486
1597	1360	1	0.0022486
1597	1361	1	0.0022486
1597	1362	1	0.0022486
1597	1363	1	0.0022486
1597	1364	1	0.0022486
1597	1365	1	0.0022486
1597	1366	1	0.0022486
1597	1367	1	0.0022486
1597	1368	1	0.0022486
1597	1369	1	0.0022486
1597	1370	1	0.0022486
1597	1371	1	0.0022486
1597	1372	1	0.0022486
1597	1373	1	0.0022486
1597	1374	1	0.0022486
1597	1375	1	0.0022486
1597	1376	1	0.0022486
1597	1377	1	0.0022486
1597	1378	1	0.0022486
1597	1379	1	0.0022486
1597	1380	1	0.0022486
1597	1381	1	0.0022486
1597	1382	1	0.0022486
1597	1383	1	0.0022486
1597	1384	1	0.0022486
1597	1385	1	0.0022486
1597	1386	1	0.0022486
1597	1387	1	0.0022486
1597	1388	1	0.0022486
1597	1389	1	0.0022486
1597	1390	1	0.0022486
1597	1391	1	0.0022486
1597	1392	1	0.0022486
1597	1393	1	0.0022486
1597	1394	1	0.0022486
1597	1395	1	0.0022486
1597	1396	1	0.0022486
1597	1397	1	0.0022486
1597	1398	1	0.0022486
1597	1399	1	0.0022486
1597	1400	1	0.0022486
1597	1401	1	0.0022486
1597	1402	1	0.0022486
1597	1403	1	0.0022486
1597	1404	1	0.0022486
1597	1405	1	0.0022486
1597	1406	1	0.0022486
1597	1407	1	0.0022486
1597	1408	1	0.0022486
1597	1409	1	0.0022486
1597	1410	1	0.0022486
1597	1411	1	0.0022486
1597	1412	1	0.0022486
1597	1413	1	0.0022486
1597	1414	1	0.0022486
1597	1415	1	0.0022486
1597	1416	1	0.0022486
1597	1417	1	0.0022486
1597	1418	1	0.0022486
1597	1419	1	0.0022486
1597	1420	1	0.0022486
1597	1421	1	0.0022486
1597	1422	1	0.0022486
1597	1423	1	0.0022486
1597	1424	1	0.0022486
1597	1425	1	0.0022486
1597	1426	1	0.0022486
1597	1427	1	0.0022486
1597	1428	1	0.0022486
1597	1429	1	0.0022486
1597	1430	1	0.0022486
1597	1431	1	0.0022486
1597	1432	1	0.0022486
1597	1433	1	0.0022486
1597	1434	1	0.0022486
1597	1435	1	0.0022486
1597	1436	1	0.0022486
1597	1437	1	0.0022486
1597	1438	1	0.0022486
1597	1439	1	0.0022486
1597	1440	1	0.0022486
1597	1441	1	0.0022486
1597	1442	1	0.0022486
1597	1443	1	0.0022486
1597	1444	1	0.0022486
1597	1445	1	0.0022486
1597	1446	1	0.0022486
1597	1447	1	0.0022486
1597	1448	1	0.0022486
1597	1449	1	0.0022486
1597	1450	1	0.0022486
1597	1451	1	0.0022486
1597	1452	1	0.0022486
1597	1453	1	0.0022486
1597	1454	1	0.0022486
1597	1455	1	0.0022486
1597	1456	1	0.0022486
1597	1457	1	0.0022486
1597	1458	1	0.0022486
1597	1459	1	0.0022486
1597	1460	1	0.0022486
1597	1461	1	0.0022486
1597	1462	1	0.0022486
1597	1463	1	0.0022486
1597	1464	1	0.0022486
1597	1465	1	0.0022486
1597	1466	1	0.0022486
1597	1467	1	0.0022486
1597	1468	1	0.0022486
1597	1469	1	0.0022486
1597	1470	1	0.0022486
1597	1471	1	0.0022486
1597	1472	1	0.0022486
1597	1473	1	0.0022486
1597	1474	1	0.0022486
1597	1475	1	0.0022486
1597	1476	1	0.0022486
1597	1477	1	0.0022486
1597	1478	1	0.0022486
1597	1479	1	0.0022486
1597	1480	1	0.0022486
1597	1481	1	0.0022486
1597	1482	1	0.0022486
1597	1483	1	0.0022486
1597	1484	1	0.0022486
1597	1485	1	0.0022486
1597	1486	1	0.0022486
1597	1487	1	0.0022486
1597	1488	1	0.0022486
1597	1489	1	0.0022486
1597	1490	1	0.0022486
1597	1491	1	0.0022486
1597	1492	1	0.0022486
1597	1493	1	0.0022486
1597	1494	1	0.0022486
1597	1495	1	0.0022486
1597	1496	1	0.0022486
1597	1497	1	0.0022486
1597	1498	1	0.0022486
1597	1499	1	0.0022486
1597	1500	1	0.0022486
1597	1501	1	0.0022486
1597	1502	1	0.0022486
1597	1503	1	0.0022486
1597	1504	1	0.0022486
1597	1505	1	0.0022486
1597	1506	1	0.0022486
1597	1507	1	0.0022486
1597	1508	1	0.0022486
1597	1509	1	0.0022486
1597	1510	1	0.0022486
1597	1511	1	0.0022486
1597	1512	1	0.0022486
1597	1513	1	0.0022486
1597	1514	1	0.0022486
1597	1515	1	0.0022486
1597	1516	1	0.0022486
1597	1517	1	0.0022486
1597	1518	1	0.0022486
1597	1519	1	0.0022486
1597	1520	1	0.0022486
1597	1521	1	0.0022486
1597	1522	1	0.0022486
1597	1523	1	0.0022486
1597	1524	1	0.0022486
1597	1525	1	0.0022486
1597	1526	1	0.0022486
1597	1527	1	0.0022486
1597	1528	1	0.0022486
1597	1529	1	0.0022486
1597	1530	1	0.0022486
1597	1531	1	0.0022486
1597	1532	1	0.0022486
1597	1533	1	0.0022486
1597	1534	1	0.0022486
1597	1535	1	0.0022486
1597	1536	1	0.0022486
1597	1537	1	0.0022486
1597	1538	1	0.0022486
1597	1539	1	0.0022486
1597	1540	1	0.0022486
1597	1541	1	0.0022486
1597	1542	1	0.0022486
1597	1543	1	0.0022486
1597	1544	1	0.0022486
1597	1545	1	0.0022486
1597	1546	1	0.0022486
1597	1547	1	0.0022486
1597	1548	1	0.0022486
1597	1549	1	0.0022486
1597	1550	1	0.0022486
1597	1551	1	0.0022486
1597	1552	1	0.0022486
1597	1553	1	0.0022486
1597	1554	1	0.0022486
1597	1555	1	0.0022486
1597	1556	1	0.0022486
1597	1557	1	0.0022486
1597	1558	1	0.0022486
1597	1559	1	0.0022486
1597	1560	1	0.0022486
1597	1561	1	0.0022486
1597	1562	1	0.0022486
1597	1563	1	0.0022486
1597	1564	1	0.0022486
1597	1565	1	0.0022486
1597	1566	1	0.0022486
1597	1567	1	0.0022486
1597	1568	1	0.0022486
1597	1569	1	0.0022486
1597	1570	1	0.0022486
1597	1571	1	0.0022486
1597	1572	1	0.0022486
1597	1573	1	0.0022486
1597	1574	1	0.0022486
1597	1575	1	0.0022486
1597	1576	1	0.0022486
1597	1577	1	0.0022486
1597	1578	1	0.0022486
1597	1579	1	0.0022486
1597	1580	1	0.0022486
1597	1581	1	0.0022486
1597	1582	1	0.0022486
1597	1583	1	0.0022486
1597	1584	1	0.0022486
1597	1585	1	0.0022486
1597	1586	1	0.0022486
1597	1587	1	0.0022486
1597	1588	1	0.0022486
1597	1589	1	0.0022486
1597	1590	1	0.0022486
1597	1591	1	0.0022486
1597	1592	1	0.0022486
1597	1593	1	0.0022486
1597	1594	1	0.0022486
1597	1595	1	0.0022486
1597	1596	1	0.0022486
1597	1597	1	0.0022486
1597	1598	1	0.0022486
1597	1599	1	0.0022486
1597	1600	1	0.0022486
1597	1601	1	0.0022486
1597	1602	1	0.0022486
1597	1603	1	0.0022486
1597	1604	1	0.0022486
1597	1605	1	0.0022486
1597	1606	1	0.0022486
1597	1607	1	0.0022486
1597	1608	1	0.0022486
1597	1609	1	0.0022486
1597	1610	1	0.0022486
1597	1611	1	0.0022486
1597	1612	1	0.0022486
1597	1613	1	0.0022486
1597	1614	1	0.0022486
1597	1615	1	0.0022486
1597	1616	1	0.0022486
1597	1617	1	0.0022486
1597	1618	1	0.0022486
1597	1619	1	0.0022486
1597	1620	1	0.0022486
1597	1621	1	0.0022486
1597	1622	1	0.0022486
1597	1623	1	0.0022486
1597	1624	1	0.0022486
1597	1625	1	0.0022486
1597	1626	1	0.0022486
1597	1627	1	0.0022486
1597	1628	1	0.0022486
1597	1629	1	0.0022486
1597	1630	1	0.0022486
1597	1631	1	0.0022486
1597	1632	1	0.0022486
1597	1633	1	0.0022486
1597	1634	1	0.0022486
1597	1635	1	0.0022486
1597	1636	1	0.0022486
1597	1637	1	0.0022486
1597	1638	1	0.0022486
1597	1639	1	0.0022486
1597	1640	1	0.0022486
1597	1641	1	0.0022486
1597	1642	1	0.0022486
1597	1643	1	0.0022486
1597	1644	1	0.0022486
1597	1645	1	0.0022486
1597	1646	1	0.0022486
1597	1647	1	0.0022486
1597	1648	1	0.0022486
1597	1649	1	0.0022486
1597	1650	1	0.0022486
1597	1651	1	0.0022486
1597	1652	1	0.0022486
1597	1653	1	0.0022486
1597	1654	1	0.0022486
1597	1655	1	0.0022486
1597	1656	1	0.0022486
1597	1657	1	0.0022486
1597	1658	1	0.0022486
1597	1659	1	0.0022486
1597	1660	1	0.0022486
1597	1661	1	0.0022486
1597	1662	1	0.0022486
1597	1663	1	0.0022486
1597	1664	1	0.0022486
1597	1665	1	0.0022486
1597	1666	1	0.0022486
1597	1667	1	0.0022486
1597	1668	1	0.0022486
1597	1669	1	0.0022486
1597	1670	1	0.0022486
1597	1671	1	0.0022486
1597	1672	1	0.0022486
1597	1673	1	0.0022486
1597	1674	1	0.0022486
1597	1675	1	0.0022486
1597	1676	1	0.0022486
1597	1677	1	0.0022486
1597	1678	1	0.0022486
1597	1679	1	0.0022486
1597	1680	1	0.0022486
1597	1681	1	0.0022486
1597	1682	1	0.0022486
1597	1683	1	0.0022486
1597	1684	1	0.0022486
1597	1685	1	0.0022486
1597	1686	1	0.0022486
1597	1687	1	0.0022486
1597	1688	1	0.0022486
1597	1689	1	0.0022486
1597	1690	1	0.0022486
1597	1691	1	0.0022486
1597	1692	1	0.0022486
1597	1693	1	0.0022486
1597	1694	1	0.0022486
1597	1695	1	0.0022486
1597	1696	1	0.0022486
1597	1697	1	0.0022486
1597	1698	1	0.0022486
1597	1699	1	0.0022486
1597	1700	1	0.0022486
1597	1701	1	0.0022486
1597	1702	1	0.0022486
1597	1703	1	0.0022486
1597	1704	1	0.0022486
1597	1705	1	0.0022486
1597	1706	1	0.0022486
1597	1707	1	0.0022486
1597	1708	1	0.0022486
1597	1709	1	0.0022486
1597	1710	1	0.0022486
1597	1711	1	0.0022486
1597	1712	1	0.0022486
1597	1713	1	0.0022486
1597	1714	1	0.0022486
1597	1715	1	0.0022486
1597	1716	1	0.0022486
1597	1717	1	0.0022486
1597	1718	1	0.0022486
1597	1719	1	0.0022486
1597	1720	1	0.0022486
1597	1721	1	0.0022486
1597	1722	1	0.0022486
1597	1723	1	0.0022486
1597	1724	1	0.0022486
1597	1725	1	0.0022486
1597	1726	1	0.0022486
1597	1727	1	0.0022486
1597	1728	1	0.0022486
1597	1729	1	0.0022486
1597	1730	1	0.0022486
1597	1731	1	0.0022486
1597	1732	1	0.0022486
1597	1733	1	0.0022486
1597	1734	1	0.0022486
1597	1735	1	0.0022486
1597	1736	1	0.0022486
1597	1737	1	0.0022486
1597	1738	1	0.0022486
1597	1739	1	0.0022486
1597	1740	1	0.0022486
1597	1741	1	0.0022486
1597	1742	1	0.0022486
1597	1743	1	0.0022486
1597	1744	1	0.0022486
1597	1745	1	0.0022486
1597	1746	1	0.0022486
1597	1747	1	0.0022486
1597	1748	1	0.0022486
1597	1749	1	0.0022486
1597	1750	1	0.0022486
1597	1751	1	0.0022486
1597	1752	1	0.0022486
1597	1753	1	0.0022486
1597	1754	1	0.0022486
1597	1755	1	0.0022486
1597	1756	1	0.0022486
1597	1757	1	0.0022486
1597	1758	1	0.0022486
1597	1759	1	0.0022486
1597	1760	1	0.0022486
1597	1761	1	0.0022486
1597	1762	1	0.0022486
1597	1763	1	0.0022486
1597	1764	1	0.0022486
1597	1765	1	0.0022486
1597	1766	1	0.0022486
1597	1767	1	0.0022486
1597	1768	1	0.0022486
1597	1769	1	0.0022486
1597	1770	1	0.0022486
1597	1771	1	0.0022486
1597	1772	1	0.0022486
1597	1773	1	0.0022486
1597	1774	1	0.0022486
1597	1775	1	0.0022486
1597	1776	1	0.0022486
1597	1777	1	0.0022486
1597	1778	1	0.0022486
1597	1779	1	0.0022486
1597	1780	1	0.0022486
1597	1781	1	0.0022486
1597	1782	1	0.0022486
1597	1783	1	0.0022486
1597	1784	1	0.0022486
1597	1785	1	0.0022486
1597	1786	1	0.0022486
1597	1787	1	0.0022486
1597	1788	1	0.0022486
1597	1789	1	0.0022486
1597	1790	1	0.0022486
1597	1791	1	0.0022486
1597	1792	1	0.0022486
1597	1793	1	0.0022486
1597	1794	1	0.0022486
1597	1795	1	0.0022486
1597	1796	1	0.0022486
1597	1797	1	0.0022486
1597	1798	1	0.0022486
1597	1799	1	0.0022486
1597	1800	1	0.0022486
1597	1801	1	0.0022486
1597	1802	1	0.0022486
1597	1803	1	0.0022486
1597	1804	1	0.0022486
1597	1805	1	0.0022486
1597	1806	1	0.0022486
1597	1807	1	0.0022486
1597	1808	1	0.0022486
1597	1809	1	0.0022486
1597	1810	1	0.0022486
1597	1811	1	0.0022486
1597	1812	1	0.0022486
1597	1813	1	0.0022486
1597	1814	1	0.0022486
1597	1815	1	0.0022486
1597	1816	1	0.0022486
1597	1817	1	0.0022486
1597	1818	1	0.0022486
1597	1819	1	0.0022486
1597	1820	1	0.0022486
1597	1821	1	0.0022486
1597	1822	1	0.0022486
1597	1823	1	0.0022486
1597	1824	1	0.0022486
1597	1825	1	0.0022486
1597	1826	1	0.0022486
1597	1827	1	0.0022486
1597	1828	1	0.0022486
1597	1829	1	0.0022486
1597	1830	1	0.0022486
1597	1831	1	0.0022486
1597	1832	1	0.0022486
1597	1833	1	0.0022486
1597	1834	1	0.0022486
1597	1835	1	0.0022486
1597	1836	1	0.0022486
1597	1837	1	0.0022486
1597	1838	1	0.0022486
1597	1839	1	0.0022486
1597	1840	1	0.0022486
1597	1841	1	0.0022486
1597	1842	1	0.0022486
1597	1843	1	0.0022486
1597	1844	1	0.0022486
1597	1845	1	0.0022486
1597	1846	1	0.0022486
1597	1847	1	0.0022486
1597	1848	1	0.0022486
1597	1849	1	0.0022486
1597	1850	1	0.0022486
1597	1851	1	0.0022486
1597	1852	1	0.0022486
1597	1853	1	0.0022486
1597	1854	1	0.0022486
1597	1855	1	0.0022486
1597	1856	1	0.0022486
1597	1857	1	0.0022486
1597	1858	1	0.0022486
1597	1859	1	0.0022486
1597	1860	1	0.0022486
1597	1861	1	0.0022486
1597	1862	1	0.0022486
1597	1863	1	0.0022486
1597	1864	1	0.0022486
1597	1865	1	0.0022486
1597	1866	1	0.0022486
1597	1867	1	0.0022486
1597	1868	1	0.0022486
1597	1869	1	0.0022486
1597	1870	1	0.0022486
1597	1871	1	0.0022486
1597	1872	1	0.0022486
1597	1873	1	0.0022486
1597	1874	1	0.0022486
1597	1875	1	0.0022486
1597	1876	1	0.0022486
1597	1877	1	0.0022486
1597	1878	1	0.0022486
1597	1879	1	0.0022486
1597	1880	1	0.0022486
1597	1881	1	0.0022486
1597	1882	1	0.0022486
1597	1883	1	0.0022486
1597	1884	1	0.0022486
1597	1885	1	0.0022486
1597	1886	1	0.0022486
1597	1887	1	0.0022486
1597	1888	1	0.0022486
1597	1889	1	0.0022486
1597	1890	1	0.0022486
1597	1891	1	0.0022486
1597	1892	1	0.0022486
1597	1893	1	0.0022486
1597	1894	1	0.0022486
1597	1895	1	0.0022486
1597	1896	1	0.0022486
1597	1897	1	0.0022486
1597	1898	1	0.0022486
1597	1899	1	0.0022486
1597	1900	1	0.0022486
1597	1901	1	0.0022486
1597	1902	1	0.0022486
1597	1903	1	0.0022486
1597	1904	1	0.0022486
1597	1905	1	0.0022486
1597	1906	1	0.0022486
1597	1907	1	0.0022486
1597	1908	1	0.0022486
1597	1909	1	0.0022486
1597	1910	1	0.0022486
1597	1911	1	0.0022486
1597	1912	1	0.0022486
1597	1913	1	0.0022486
1597	1914	1	0.0022486
1597	1915	1	0.0022486
1597	1916	1	0.0022486
1597	1917	1	0.0022486
1597	1918	1	0.0022486
1597	1919	1	0.0022486
1597	1920	1	0.0022486
1597	1921	1	0.0022486
1597	1922	1	0.0022486
1597	1923	1	0.0022486
1597	1924	1	0.0022486
1597	1925	1	0.0022486
1597	1926	1	0.0022486
1597	1927	1	0.0022486
1597	1928	1	0.0022486
1597	1929	1	0.0022486
1597	1930	1	0.0022486
1597	1931	1	0.0022486
1597	1932	1	0.0022486
1597	1933	1	0.0022486
1597	1934	1	0.0022486
1597	1935	1	0.0022486
1597	1936	1	0.0022486
1597	1937	1	0.0022486
1597	1938	1	0.0022486
1597	1939	1	0.0022486
1597	1940	1	0.0022486
1597	1941	1	0.0022486
1597	1942	1	0.0022486
1597	1943	1	0.0022486
1597	1944	1	0.0022486
1597	1945	1	0.0022486
1597	1946	1	0.0022486
1597	1947	1	0.0022486
1597	1948	1	0.0022486
1597	1949	1	0.0022486
1597	1950	1	0.0022486
1597	1951	1	0.0022486
1597	1952	1	0.0022486
1597	1953	1	0.0022486
1597	1954	1	0.0022486
1597	1955	1	0.0022486
1597	1956	1	0.0022486
1597	1957	1	0.0022486
1597	1958	1	0.0022486
1597	1959	1	0.0022486
1597	1960	1	0.0022486
1597	1961	1	0.0022486
1597	1962	1	0.0022486
1597	1963	1	0.0022486
1597	1964	1	0.0022486
1597	1965	1	0.0022486
1597	1966	1	0.0022486
1597	1967	1	0.0022486
1597	1968	1	0.0022486
1597	1969	1	0.0022486
1597	1970	1	0.0022486
1597	1971	1	0.0022486
1597	1972	1	0.0022486
1597	1973	1	0.0022486
1597	1974	1	0.0022486
1597	1975	1	0.0022486
1597	1976	1	0.0022486
1597	1977	1	0.0022486
1597	1978	1	0.0022486
1597	1979	1	0.0022486
1597	1980	1	0.0022486
1597	1981	1	0.0022486
1597	1982	1	0.0022486
1597	1983	1	0.0022486
1597	1984	1	0.0022486
1597	1985	1	0.0022486
1597	1986	1	0.0022486
1597	1987	1	0.0022486
1597	1988	1	0.0022486
1597	1989	1	0.0022486
1597	1990	1	0.0022486
1597	1991	1	0.0022486
1597	1992	1	0.0022486
1597	1993	1	0.0022486
1597	1994	1	0.0022486
1597	1995	1	0.0022486
1597	1996	1	0.0022486
1597	1997	1	0.0022486
1597	1998	1	0.0022486
1597	1999	1	0.0022486
1597	2000	1	0.0022486
1597	2001	1	0.0022486
1597	2002	1	0.0022486
1597	2003	1	0.0022486
1597	2004	1	0.0022486
1597	2005	1	0.0022486
1597	2006	1	0.0022486
1597	2007	1	0.0022486
1597	2008	1	0.0022486
1597	2009	1	0.0022486
1597	2010	1	0.0022486
1597	2011	1	0.0022486
1597	2012	1	0.0022486
1597	2013	1	0.0022486
1597	2014	1	0.0022486
1597	2015	1	0.0022486
1597	2016	1	0.0022486
1597	2017	1	0.0022486
1597	2018	1	0.0022486
1597	2019	1	0.0022486
1597	2020	1	0.0022486
1597	2021	1	0.0022486
1597	2022	1	0.0022486
1597	2023	1	0.0022486
1597	2024	1	0.0022486
1597	2025	1	0.0022486
1597	2026	1	0.0022486
1597	2027	1	0.0022486
1597	2028	1	0.0022486
1597	2029	1	0.0022486
1597	2030	1	0.0022486
1597	2031	1	0.0022486
1597	2032	1	0.0022486
1597	2033	1	0.0022486
1597	2034	1	0.0022486
1597	2035	1	0.0022486
1597	2036	1	0.0022486
1597	2037	1	0.0022486
1597	2038	1	0.0022486
1597	2039	1	0.0022486
1597	2040	1	0.0022486
1597	2041	1	0.0022486
1597	2042	1	0.0022486
1597	2043	1	0.0022486
1597	2044	1	0.0022486
1597	2045	1	0.0022486
1597	2046	1	0.0022486
1597	2047	1	0.0022486
1597	2048	1	0.0022486
1597	2049	1	0.0022486
1597	2050	1	0.0022486
1597	2051	1	0.0022486
1597	2052	1	0.0022486
1597	2053	1	0.0022486
1597	2054	1	0.0022486
1597	2055	1	0.0022486
1597	2056	1	0.0022486
1597	2057	1	0.0022486
1597	2058	1	0.0022486
1597	2059	1	0.0022486
1597	2060	1	0.0022486
1597	2061	1	0.0022486
1597	2062	1	0.0022486
1597	2063	1	0.0022486
1597	2064	1	0.0022486
1597	2065	1	0.0022486
1597	2066	1	0.0022486
1597	2067	1	0.0022486
1597	2068	1	0.0022486
1597	2069	1	0.0022486
1597	2070	1	0.0022486
1597	2071	1	0.0022486
1597	2072	1	0.0022486
1597	2073	1	0.0022486
1597	2074	1	0.0022486
1597	2075	1	0.0022486
1597	2076	1	0.0022486
1597	2077	1	0.0022486
1597	2078	1	0.0022486
1597	2079	1	0.0022486
1597	2080	1	0.0022486
1597	2081	1	0.0022486
1597	2082	1	0.0022486
1597	2083	1	0.0022486
1597	2084	1	0.0022486
1597	2085	1	0.0022486
1597	2086	1	0.0022486
1597	2087	1	0.0022486
1597	2088	1	0.0022486
1597	2089	1	0.0022486
1597	2090	1	0.0022486
1597	2091	1	0.0022486
1597	2092	1	0.0022486
1597	2093	1	0.0022486
1597	2094	1	0.0022486
1597	2095	1	0.0022486
1597	2096	1	0.0022486
1597	2097	1	0.0022486
1597	2098	1	0.0022486
1597	2099	1	0.0022486
1597	2100	1	0.0022486
1597	2101	1	0.0022486
1597	2102	1	0.0022486
1597	2103	1	0.0022486
1597	2104	1	0.0022486
1597	2105	1	0.0022486
1597	2106	1	0.0022486
1597	2107	1	0.0022486
1597	2108	1	0.0022486
1597	2109	1	0.0022486
1597	2110	1	0.0022486
1597	2111	1	0.0022486
1597	2112	1	0.0022486
1597	2113	1	0.0022486
1597	2114	1	0.0022486
1597	2115	1	0.0022486
1597	2116	1	0.0022486
1597	2117	1	0.0022486
1597	2118	1	0.0022486
1597	2119	1	0.0022486
1597	2120	1	0.0022486
1597	2121	1	0.0022486
1597	2122	1	0.0022486
1597	2123	1	0.0022486
1597	2124	1	0.0022486
1597	2125	1	0.0022486
1597	2126	1	0.0022486
1597	2127	1	0.0022486
1597	2128	1	0.0022486
1597	2129	1	0.0022486
1597	2130	1	0.0022486
1597	2131	1	0.0022486
1597	2132	1	0.0022486
1597	2133	1	0.0022486
1597	2134	1	0.0022486
1597	2135	1	0.0022486
1597	2136	1	0.0022486
1597	2137	1	0.0022486
1597	2138	1	0.0022486
1597	2139	1	0.0022486
1597	2140	1	0.0022486
1597	2141	1	0.0022486
1597	2142	1	0.0022486
1597	2143	1	0.0022486
1597	2144	1	0.0022486
1597	2145	1	0.0022486
1597	2146	1	0.0022486
1597	2147	1	0.0022486
1597	2148	1	0.0022486
1597	2149	1	0.0022486
1597	2150	1	0.0022486
1597	2151	1	0.0022486
1597	2152	1	0.0022486
1597	2153	1	0.0022486
1597	2154	1	0.0022486
1597	2155	1	0.0022486
1597	2156	1	0.0022486
1597	2157	1	0.0022486
1597	2158	1	0.0022486
1597	2159	1	0.0022486
1597	2160	1	0.0022486
1597	2161	1	0.0022486
1597	2162	1	0.0022486
1597	2163	1	0.0022486
1597	2164	1	0.0022486
1597	2165	1	0.0022486
1597	2166	1	0.0022486
1597	2167	1	0.0022486
1597	2168	1	0.0022486
1597	2169	1	0.0022486
1597	2170	1	0.0022486
1597	2171	1	0.0022486
1597	2172	1	0.0022486
1597	2173	1	0.0022486
1597	2174	1	0.0022486
1597	2175	1	0.0022486
1597	2176	1	0.0022486
1597	2177	1	0.0022486
1597	2178	1	0.0022486
1597	2179	1	0.0022486
1597	2180	1	0.0022486
1597	2181	1	0.0022486
1597	2182	1	0.0022486
1597	2183	1	0.0022486
1597	2184	1	0.0022486
1597	2185	1	0.0022486
1597	2186	1	0.0022486
1597	2187	1	0.0022486
1597	2188	1	0.0022486
1597	2189	1	0.0022486
1597	2190	1	0.0022486
1597	2191	1	0.0022486
1597	2192	1	0.0022486
1597	2193	1	0.0022486
1597	2194	1	0.0022486
1597	2195	1	0.0022486
1597	2196	1	0.0022486
1597	2197	1	0.0022486
1597	2198	1	0.0022486
1597	2199	1	0.0022486
1597	2200	1	0.0022486
1597	2201	1	0.0022486
1597	2202	1	0.0022486
1597	2203	1	0.0022486
1597	2204	1	0.0022486
1597	2205	1	0.0022486
1597	2206	1	0.0022486
1597	2207	1	0.0022486
1597	2208	1	0.0022486
1597	2209	1	0.0022486
1597	2210	1	0.0022486
1597	2211	1	0.0022486
1597	2212	1	0.0022486
1597	2213	1	0.0022486
1597	2214	1	0.0022486
1597	2215	1	0.0022486
1597	2216	1	0.0022486
1597	2217	1	0.0022486
1597	2218	1	0.0022486
1597	2219	1	0.0022486
1597	2220	1	0.0022486
1597	2221	1	0.0022486
1597	2222	1	0.0022486
1597	2223	1	0.0022486
1597	2224	1	0.0022486
1597	2225	1	0.0022486
1597	2226	1	0.0022486
1597	2227	1	0.0022486
1597	2228	1	0.0022486
1597	2229	1	0.0022486
1597	2230	1	0.0022486
1597	2231	1	0.0022486
1597	2232	1	0.0022486
1597	2233	1	0.0022486
1597	2234	1	0.0022486
1597	2235	1	0.0022486
1597	2236	1	0.0022486
1597	2237	1	0.0022486
1597	2238	1	0.0022486
1597	2239	1	0.0022486
1597	2240	1	0.0022486
1597	2241	1	0.0022486
1597	2242	1	0.0022486
1597	2243	1	0.0022486
1597	2244	1	0.0022486
1597	2245	1	0.0022486
1597	2246	1	0.0022486
1597	2247	1	0.0022486
1597	2248	1	0.0022486
1597	2249	1	0.0022486
1597	2250	1	0.0022486
1597	2251	1	0.0022486
1597	2252	1	0.0022486
1597	2253	1	0.0022486
1597	2254	1	0.0022486
1597	2255	1	0.0022486
1597	2256	1	0.0022486
1597	2257	1	0.0022486
1597	2258	1	0.0022486
1597	2259	1	0.0022486
1597	2260	1	0.0022486
1597	2261	1	0.0022486
1597	2262	1	0.0022486
1597	2263	1	0.0022486
1597	2264	1	0.0022486
1597	2265	1	0.0022486
1597	2266	1	0.0022486
1597	2267	1	0.0022486
1597	2268	1	0.0022486
1597	2269	1	0.0022486
1597	2270	1	0.0022486
1597	2271	1	0.0022486
1597	2272	1	0.0022486
1597	2273	1	0.0022486
1597	2274	1	0.0022486
1597	2275	1	0.0022486
1597	2276	1	0.0022486
1597	2277	1	0.0022486
1597	2278	1	0.0022486
1597	2279	1	0.0022486
1597	2280	1	0.0022486
1597	2281	1	0.0022486
1597	2282	1	0.0022486
1597	2283	1	0.0022486
1597	2284	1	0.0022486
1597	2285	1	0.0022486
1597	2286	1	0.0022486
1597	2287	1	0.0022486
1597	2288	1	0.0022486
1597	2289	1	0.0022486
1597	2290	1	0.0022486
1597	2291	1	0.0022486
1597	2292	1	0.0022486
1597	2293	1	0.0022486
1597	2294	1	0.0022486
1597	2295	1	0.0022486
1597	2296	1	0.0022486
1597	2297	1	0.0022486
1597	2298	1	0.0022486
1597	2299	1	0.0022486
1597	2300	1	0.0022486
1597	2301	1	0.0022486
1597	2302	1	0.0022486
1597	2303	1	0.0022486
1597	2304	1	0.0022486
1597	2305	1	0.0022486
1597	2306	1	0.0022486
1597	2307	1	0.0022486
1597	2308	1	0.0022486
1597	2309	1	0.0022486
1597	2310	1	0.0022486
1597	2311	1	0.0022486
1597	2312	1	0.0022486
1597	2313	1	0.0022486
1597	2314	1	0.0022486
1597	2315	1	0.0022486
1597	2316	1	0.0022486
1597	2317	1	0.0022486
1597	2318	1	0.0022486
1597	2319	1	0.0022486
1597	2320	1	0.0022486
1597	2321	1	0.0022486
1597	2322	1	0.0022486
1597	2323	1	0.0022486
1597	2324	1	0.0022486
1597	2325	1	0.0022486
1597	2326	1	0.0022486
1597	2327	1	0.0022486
1597	2328	1	0.0022486
1597	2329	1	0.0022486
1597	2330	1	0.0022486
1597	2331	1	0.0022486
1597	2332	1	0.0022486
1597	2333	1	0.0022486
1597	2334	1	0.0022486
1597	2335	1	0.0022486
1597	2336	1	0.0022486
1597	2337	1	0.0022486
1597	2338	1	0.0022486
1597	2339	1	0.0022486
1597	2340	1	0.0022486
1597	2341	1	0.0022486
1597	2342	1	0.0022486
1597	2343	1	0.0022486
1597	2344	1	0.0022486
1597	2345	1	0.0022486
1597	2346	1	0.0022486
1597	2347	1	0.0022486
1597	2348	1	0.0022486
1597	2349	1	0.0022486
1597	2350	1	0.0022486
1597	2351	1	0.0022486
1597	2352	1	0.0022486
1597	2353	1	0.0022486
1597	2354	1	0.0022486
1597	2355	1	0.0022486
1597	2356	1	0.0022486
