1867	0	1.02537	0.00196879
1867	1	1.02537	0.00196879
1867	2	1.02537	0.00196879
1867	3	1.02537	0.00196879
1867	4	1.02537	0.00196879
1867	5	1.02537	0.00196879
1867	6	1.02537	0.00196879
1867	7	1.02537	0.00196879
1867	8	1.02537	0.00196879
1867	9	1.02537	0.00196879
1867	10	1.02537	0.00196879
1867	11	1.02537	0.00196879
1867	12	1.02537	0.00196879
1867	13	1.02537	0.00196879
1867	14	1.02537	0.00196879
1867	15	1.02537	0.00196879
1867	16	1.02537	0.00196879
1867	17	1.02537	0.00196879
1867	18	1.02537	0.00196879
1867	19	1.02537	0.00196879
1867	20	1.02537	0.00196879
1867	21	1.02537	0.00196879
1867	22	1.02537	0.00196879
1867	23	1.02537	0.00196879
1867	24	1.02537	0.00196879
1867	25	1.02537	0.00196879
1867	26	1.02537	0.00196879
1867	27	1.02537	0.00196879
1867	28	1.02537	0.00196879
1867	29	1.02537	0.00196879
1867	30	1.02537	0.00196879
1867	31	1.02537	0.00196879
1867	32	1.02537	0.00196879
1867	33	1.02537	0.00196879
1867	34	1.02537	0.00196879
1867	35	1.02537	0.00196879
1867	36	1.02537	0.00196879
1867	37	1.02537	0.00196879
1867	38	1.02537	0.00196879
1867	39	1.02537	0.00196879
1867	40	1.02537	0.00196879
1867	41	1.02537	0.00196879
1867	42	1.02537	0.00196879
1867	43	1.02537	0.00196879
1867	44	1.02537	0.00196879
1867	45	1.02537	0.00196879
1867	46	1.02537	0.00196879
1867	47	1.02537	0.00196879
1867	48	1.02537	0.00196879
1867	49	1.02537	0.00196879
1867	50	1.02537	0.00196879
1867	51	1.02537	0.00196879
1867	52	1.02537	0.00196879
1867	53	1.02537	0.00196879
1867	54	1.02537	0.00196879
1867	55	1.02537	0.00196879
1867	56	1.02537	0.00196879
1867	57	1.02537	0.00196879
1867	58	1.02537	0.00196879
1867	59	1.02537	0.00196879
1867	60	1.02537	0.00196879
1867	61	1.02537	0.00196879
1867	62	1.02537	0.00196879
1867	63	1.02537	0.00196879
1867	64	1.02537	0.00196879
1867	65	1.02537	0.00196879
1867	66	1.02537	0.00196879
1867	67	1.02537	0.00196879
1867	68	1.02537	0.00196879
1867	69	1.02537	0.00196879
1867	70	1.02537	0.00196879
1867	71	1.02537	0.00196879
1867	72	1.02537	0.00196879
1867	73	1.02537	0.00196879
1867	74	1.02537	0.00196879
1867	75	1.02537	0.00196879
1867	76	1.02537	0.00196879
1867	77	1.02537	0.00196879
1867	78	1.02537	0.00196879
1867	79	1.02537	0.00196879
1867	80	1.02537	0.00196879
1867	81	1.02537	0.00196879
1867	82	1.02537	0.00196879
1867	83	1.02537	0.00196879
1867	84	1.02537	0.00196879
1867	85	1.02537	0.00196879
1867	86	1.02537	0.00196879
1867	87	1.02537	0.00196879
1867	88	1.02537	0.00196879
1867	89	1.02537	0.00196879
1867	90	1.02537	0.00196879
1867	91	1.02537	0.00196879
1867	92	1.02537	0.00196879
1867	93	1.02537	0.00196879
1867	94	1.02537	0.00196879
1867	95	1.02537	0.00196879
1867	96	1.02537	0.00196879
1867	97	1.02537	0.00196879
1867	98	1.02537	0.00196879
1867	99	1.02537	0.00196879
1867	100	1.02537	0.00196879
1867	101	1.02537	0.00196879
1867	102	1.02537	0.00196879
1867	103	1.02537	0.00196879
1867	104	1.02537	0.00196879
1867	105	1.02537	0.00196879
1867	106	1.02537	0.00196879
1867	107	1.02537	0.00196879
1867	108	1.02537	0.00196879
1867	109	1.02537	0.00196879
1867	110	1.02537	0.00196879
1867	111	1.02537	0.00196879
1867	112	1.02537	0.00196879
1867	113	1.02537	0.00196879
1867	114	1.02537	0.00196879
1867	115	1.02537	0.00196879
1867	116	1.02537	0.00196879
1867	117	1.02537	0.00196879
1867	118	1.02537	0.00196879
1867	119	1.02537	0.00196879
1867	120	1.02537	0.00196879
1867	121	1.02537	0.00196879
1867	122	1.02537	0.00196879
1867	123	1.02537	0.00196879
1867	124	1.02537	0.00196879
1867	125	1.02537	0.00196879
1867	126	1.02537	0.00196879
1867	127	1.02537	0.00196879
1867	128	1.02537	0.00196879
1867	129	1.02537	0.00196879
1867	130	1.02537	0.00196879
1867	131	1.02537	0.00196879
1867	132	1.02537	0.00196879
1867	133	1.02537	0.00196879
1867	134	1.02537	0.00196879
1867	135	1.02537	0.00196879
1867	136	1.02537	0.00196879
1867	137	1.02537	0.00196879
1867	138	1.02537	0.00196879
1867	139	1.02537	0.00196879
1867	140	1.02537	0.00196879
1867	141	1.02537	0.00196879
1867	142	1.02537	0.00196879
1867	143	1.02537	0.00196879
1867	144	1.02537	0.00196879
1867	145	1.02537	0.00196879
1867	146	1.02537	0.00196879
1867	147	1.02537	0.00196879
1867	148	1.02537	0.00196879
1867	149	1.02537	0.00196879
1867	150	1.02537	0.00196879
1867	151	1.02537	0.00196879
1867	152	1.02537	0.00196879
1867	153	1.02537	0.00196879
1867	154	1.02537	0.00196879
1867	155	1.02537	0.00196879
1867	156	1.02537	0.00196879
1867	157	1.02537	0.00196879
1867	158	1.02537	0.00196879
1867	159	1.02537	0.00196879
1867	160	1.02537	0.00196879
1867	161	1.02537	0.00196879
1867	162	1.02537	0.00196879
1867	163	1.02537	0.00196879
1867	164	1.02537	0.00196879
1867	165	1.02537	0.00196879
1867	166	1.02537	0.00196879
1867	167	1.02537	0.00196879
1867	168	1.02537	0.00196879
1867	169	1.02537	0.00196879
1867	170	1.02537	0.00196879
1867	171	1.02537	0.00196879
1867	172	1.02537	0.00196879
1867	173	1.02537	0.00196879
1867	174	1.02537	0.00196879
1867	175	1.02537	0.00196879
1867	176	1.02537	0.00196879
1867	177	1.02537	0.00196879
1867	178	1.02537	0.00196879
1867	179	1.02537	0.00196879
1867	180	1.02537	0.00196879
1867	181	1.02537	0.00196879
1867	182	1.02537	0.00196879
1867	183	1.02537	0.00196879
1867	184	1.02537	0.00196879
1867	185	1.02537	0.00196879
1867	186	1.02537	0.00196879
1867	187	1.02537	0.00196879
1867	188	1.02537	0.00196879
1867	189	1.02537	0.00196879
1867	190	1.02537	0.00196879
1867	191	1.02537	0.00196879
1867	192	1.02537	0.00196879
1867	193	1.02537	0.00196879
1867	194	1.02537	0.00196879
1867	195	1.02537	0.00196879
1867	196	1.02537	0.00196879
1867	197	1.02537	0.00196879
1867	198	1.02537	0.00196879
1867	199	1.02537	0.00196879
1867	200	1.02537	0.00196879
1867	201	1.02537	0.00196879
1867	202	1.02537	0.00196879
1867	203	1.02537	0.00196879
1867	204	1.02537	0.00196879
1867	205	1.02537	0.00196879
1867	206	1.02537	0.00196879
1867	207	1.02537	0.00196879
1867	208	1.02537	0.00196879
1867	209	1.02537	0.00196879
1867	210	1.02537	0.00196879
1867	211	1.02537	0.00196879
1867	212	1.02537	0.00196879
1867	213	1.02537	0.00196879
1867	214	1.02537	0.00196879
1867	215	1.02537	0.00196879
1867	216	1.02537	0.00196879
1867	217	1.02537	0.00196879
1867	218	1.02537	0.00196879
1867	219	1.02537	0.00196879
1867	220	1.02537	0.00196879
1867	221	1.02537	0.00196879
1867	222	1.02537	0.00196879
1867	223	1.02537	0.00196879
1867	224	1.02537	0.00196879
1867	225	1.02537	0.00196879
1867	226	1.02537	0.00196879
1867	227	1.02537	0.00196879
1867	228	1.02537	0.00196879
1867	229	1.02537	0.00196879
1867	230	1.02537	0.00196879
1867	231	1.02537	0.00196879
1867	232	1.02537	0.00196879
1867	233	1.02537	0.00196879
1867	234	1.02537	0.00196879
1867	235	1.02537	0.00196879
1867	236	1.02537	0.00196879
1867	237	1.02537	0.00196879
1867	238	1.02537	0.00196879
1867	239	1.02537	0.00196879
1867	240	1.02537	0.00196879
1867	241	1.02537	0.00196879
1867	242	1.02537	0.00196879
1867	243	1.02537	0.00196879
1867	244	1.02537	0.00196879
1867	245	1.02537	0.00196879
1867	246	1.02537	0.00196879
1867	247	1.02537	0.00196879
1867	248	1.02537	0.00196879
1867	249	1.02537	0.00196879
1867	250	1.02537	0.00196879
1867	251	1.02537	0.00196879
1867	252	1.02537	0.00196879
1867	253	1.02537	0.00196879
1867	254	1.02537	0.00196879
1867	255	1.02537	0.00196879
1867	256	1.02537	0.00196879
1867	257	1.02537	0.00196879
1867	258	1.02537	0.00196879
1867	259	1.02537	0.00196879
1867	260	1.02537	0.00196879
1867	261	1.02537	0.00196879
1867	262	1.02537	0.00196879
1867	263	1.02537	0.00196879
1867	264	1.02537	0.00196879
1867	265	1.02537	0.00196879
1867	266	1.02537	0.00196879
1867	267	1.02537	0.00196879
1867	268	1.02537	0.00196879
1867	269	1.02537	0.00196879
1867	270	1.02537	0.00196879
1867	271	1.02537	0.00196879
1867	272	1.02537	0.00196879
1867	273	1.02537	0.00196879
1867	274	1.02537	0.00196879
1867	275	1.02537	0.00196879
1867	276	1.02537	0.00196879
1867	277	1.02537	0.00196879
1867	278	1.02537	0.00196879
1867	279	1.02537	0.00196879
1867	280	1.02537	0.00196879
1867	281	1.02537	0.00196879
1867	282	1.02537	0.00196879
1867	283	1.02537	0.00196879
1867	284	1.02537	0.00196879
1867	285	1.02537	0.00196879
1867	286	1.02537	0.00196879
1867	287	1.02537	0.00196879
1867	288	1.02537	0.00196879
1867	289	1.02537	0.00196879
1867	290	1.02537	0.00196879
1867	291	1.02537	0.00196879
1867	292	1.02537	0.00196879
1867	293	1.02537	0.00196879
1867	294	1.02537	0.00196879
1867	295	1.02537	0.00196879
1867	296	1.02537	0.00196879
1867	297	1.02537	0.00196879
1867	298	1.02537	0.00196879
1867	299	1.02537	0.00196879
1867	300	1.02537	0.00196879
1867	301	1.02537	0.00196879
1867	302	1.02537	0.00196879
1867	303	1.02537	0.00196879
1867	304	1.02537	0.00196879
1867	305	1.02537	0.00196879
1867	306	1.02537	0.00196879
1867	307	1.02537	0.00196879
1867	308	1.02537	0.00196879
1867	309	1.02537	0.00196879
1867	310	1.02537	0.00196879
1867	311	1.02537	0.00196879
1867	312	1.02537	0.00196879
1867	313	1.02537	0.00196879
1867	314	1.02537	0.00196879
1867	315	1.02537	0.00196879
1867	316	1.02537	0.00196879
1867	317	1.02537	0.00196879
1867	318	1.02537	0.00196879
1867	319	1.02537	0.00196879
1867	320	1.02537	0.00196879
1867	321	1.02537	0.00196879
1867	322	1.02537	0.00196879
1867	323	1.02537	0.00196879
1867	324	1.02537	0.00196879
1867	325	1.02537	0.00196879
1867	326	1.02537	0.00196879
1867	327	1.02537	0.00196879
1867	328	1.02537	0.00196879
1867	329	1.02537	0.00196879
1867	330	1.02537	0.00196879
1867	331	1.02537	0.00196879
1867	332	1.02537	0.00196879
1867	333	1.02537	0.00196879
1867	334	1.02537	0.00196879
1867	335	1.02537	0.00196879
1867	336	1.02537	0.00196879
1867	337	1.02537	0.00196879
1867	338	1.02537	0.00196879
1867	339	1.02537	0.00196879
1867	340	1.02537	0.00196879
1867	341	1.02537	0.00196879
1867	342	1.02537	0.00196879
1867	343	1.02537	0.00196879
1867	344	1.02537	0.00196879
1867	345	1.02537	0.00196879
1867	346	1.02537	0.00196879
1867	347	1.02537	0.00196879
1867	348	1.02537	0.00196879
1867	349	1.02537	0.00196879
1867	350	1.02537	0.00196879
1867	351	1.02537	0.00196879
1867	352	1.02537	0.00196879
1867	353	1.02537	0.00196879
1867	354	1.02537	0.00196879
1867	355	1.02537	0.00196879
1867	356	1.02537	0.00196879
1867	357	1.02537	0.00196879
1867	358	1.02537	0.00196879
1867	359	1.02537	0.00196879
1867	360	1.02537	0.00196879
1867	361	1.02537	0.00196879
1867	362	1.02537	0.00196879
1867	363	1.02537	0.00196879
1867	364	1.02537	0.00196879
1867	365	1.02537	0.00196879
1867	366	1.02537	0.00196879
1867	367	1.02537	0.00196879
1867	368	1.02537	0.00196879
1867	369	1.02537	0.00196879
1867	370	1.02537	0.00196879
1867	371	1.02537	0.00196879
1867	372	1.02537	0.00196879
1867	373	1.02537	0.00196879
1867	374	1.02537	0.00196879
1867	375	1.02537	0.00196879
1867	376	1.02537	0.00196879
1867	377	1.02537	0.00196879
1867	378	1.02537	0.00196879
1867	379	1.02537	0.00196879
1867	380	1.02537	0.00196879
1867	381	1.02537	0.00196879
1867	382	1.02537	0.00196879
1867	383	1.02537	0.00196879
1867	384	1.02537	0.00196879
1867	385	1.02537	0.00196879
1867	386	1.02537	0.00196879
1867	387	1.02537	0.00196879
1867	388	1.02537	0.00196879
1867	389	1.02537	0.00196879
1867	390	1.02537	0.00196879
1867	391	1.02537	0.00196879
1867	392	1.02537	0.00196879
1867	393	1.02537	0.00196879
1867	394	1.02537	0.00196879
1867	395	1.02537	0.00196879
1867	396	1.02537	0.00196879
1867	397	1.02537	0.00196879
1867	398	1.02537	0.00196879
1867	399	1.02537	0.00196879
1867	400	1.02537	0.00196879
1867	401	1.02537	0.00196879
1867	402	1.02537	0.00196879
1867	403	1.02537	0.00196879
1867	404	1.02537	0.00196879
1867	405	1.02537	0.00196879
1867	406	1.02537	0.00196879
1867	407	1.02537	0.00196879
1867	408	1.02537	0.00196879
1867	409	1.02537	0.00196879
1867	410	1.02537	0.00196879
1867	411	1.02537	0.00196879
1867	412	1.02537	0.00196879
1867	413	1.02537	0.00196879
1867	414	1.02537	0.00196879
1867	415	1.02537	0.00196879
1867	416	1.02537	0.00196879
1867	417	1.02537	0.00196879
1867	418	1.02537	0.00196879
1867	419	1.02537	0.00196879
1867	420	1.02537	0.00196879
1867	421	1.02537	0.00196879
1867	422	1.02537	0.00196879
1867	423	1.02537	0.00196879
1867	424	1.02537	0.00196879
1867	425	1.02537	0.00196879
1867	426	1.02537	0.00196879
1867	427	1.02537	0.00196879
1867	428	1.02537	0.00196879
1867	429	1.02537	0.00196879
1867	430	1.02537	0.00196879
1867	431	1.02537	0.00196879
1867	432	1.02537	0.00196879
1867	433	1.02537	0.00196879
1867	434	1.02537	0.00196879
1867	435	1.02537	0.00196879
1867	436	1.02537	0.00196879
1867	437	1.02537	0.00196879
1867	438	1.02537	0.00196879
1867	439	1.02537	0.00196879
1867	440	1.02537	0.00196879
1867	441	1.02537	0.00196879
1867	442	1.02537	0.00196879
1867	443	1.02537	0.00196879
1867	444	1.02537	0.00196879
1867	445	1.02537	0.00196879
1867	446	1.02537	0.00196879
1867	447	1.02537	0.00196879
1867	448	1.02537	0.00196879
1867	449	1.02537	0.00196879
1867	450	1.02537	0.00196879
1867	451	1.02537	0.00196879
1867	452	1.02537	0.00196879
1867	453	1.02537	0.00196879
1867	454	1.02537	0.00196879
1867	455	1.02537	0.00196879
1867	456	1.02537	0.00196879
1867	457	1.02537	0.00196879
1867	458	1.02537	0.00196879
1867	459	1.02537	0.00196879
1867	460	1.02537	0.00196879
1867	461	1.02537	0.00196879
1867	462	1.02537	0.00196879
1867	463	1.02537	0.00196879
1867	464	1.02537	0.00196879
1867	465	1.02537	0.00196879
1867	466	1.02537	0.00196879
1867	467	1.02537	0.00196879
1867	468	1.02537	0.00196879
1867	469	1.02537	0.00196879
1867	470	1.02537	0.00196879
1867	471	1.02537	0.00196879
1867	472	1.02537	0.00196879
1867	473	1.02537	0.00196879
1867	474	1.02537	0.00196879
1867	475	1.02537	0.00196879
1867	476	1.02537	0.00196879
1867	477	1.02537	0.00196879
1867	478	1.02537	0.00196879
1867	479	1.02537	0.00196879
1867	480	1.02537	0.00196879
1867	481	1.02537	0.00196879
1867	482	1.02537	0.00196879
1867	483	1.02537	0.00196879
1867	484	1.02537	0.00196879
1867	485	1.02537	0.00196879
1867	486	1.02537	0.00196879
1867	487	1.02537	0.00196879
1867	488	1.02537	0.00196879
1867	489	1.02537	0.00196879
1867	490	1.02537	0.00196879
1867	491	1.02537	0.00196879
1867	492	1.02537	0.00196879
1867	493	1.02537	0.00196879
1867	494	1.02537	0.00196879
1867	495	1.02537	0.00196879
1867	496	1.02537	0.00196879
1867	497	1.02537	0.00196879
1867	498	1.02537	0.00196879
1867	499	1.02537	0.00196879
1867	500	1.02537	0.00196879
1867	501	1.02537	0.00196879
1867	502	1.02537	0.00196879
1867	503	1.02537	0.00196879
1867	504	1.02537	0.00196879
1867	505	1.02537	0.00196879
1867	506	1.02537	0.00196879
1867	507	1.02537	0.00196879
1867	508	1.02537	0.00196879
1867	509	1.02537	0.00196879
1867	510	1.02537	0.00196879
1867	511	1.02537	0.00196879
1867	512	1.02537	0.00196879
1867	513	1.02537	0.00196879
1867	514	1.02537	0.00196879
1867	515	1.02537	0.00196879
1867	516	1.02537	0.00196879
1867	517	1.02537	0.00196879
1867	518	1.02537	0.00196879
1867	519	1.02537	0.00196879
1867	520	1.02537	0.00196879
1867	521	1.02537	0.00196879
1867	522	1.02537	0.00196879
1867	523	1.02537	0.00196879
1867	524	1.02537	0.00196879
1867	525	1.02537	0.00196879
1867	526	1.02537	0.00196879
1867	527	1.02537	0.00196879
1867	528	1.02537	0.00196879
1867	529	1.02537	0.00196879
1867	530	1.02537	0.00196879
1867	531	1.02537	0.00196879
1867	532	1.02537	0.00196879
1867	533	1.02537	0.00196879
1867	534	1.02537	0.00196879
1867	535	1.02537	0.00196879
1867	536	1.02537	0.00196879
1867	537	1.02537	0.00196879
1867	538	1.02537	0.00196879
1867	539	1.02537	0.00196879
1867	540	1.02537	0.00196879
1867	541	1.02537	0.00196879
1867	542	1.02537	0.00196879
1867	543	1.02537	0.00196879
1867	544	1.02537	0.00196879
1867	545	1.02537	0.00196879
1867	546	1.02537	0.00196879
1867	547	1.02537	0.00196879
1867	548	1.02537	0.00196879
1867	549	1.02537	0.00196879
1867	550	1.02537	0.00196879
1867	551	1.02537	0.00196879
1867	552	1.02537	0.00196879
1867	553	1.02537	0.00196879
1867	554	1.02537	0.00196879
1867	555	1.02537	0.00196879
1867	556	1.02537	0.00196879
1867	557	1.02537	0.00196879
1867	558	1.02537	0.00196879
1867	559	1.02537	0.00196879
1867	560	1.02537	0.00196879
1867	561	1.02537	0.00196879
1867	562	1.02537	0.00196879
1867	563	1.02537	0.00196879
1867	564	1.02537	0.00196879
1867	565	1.02537	0.00196879
1867	566	1.02537	0.00196879
1867	567	1.02537	0.00196879
1867	568	1.02537	0.00196879
1867	569	1.02537	0.00196879
1867	570	1.02537	0.00196879
1867	571	1.02537	0.00196879
1867	572	1.02537	0.00196879
1867	573	1.02537	0.00196879
1867	574	1.02537	0.00196879
1867	575	1.02537	0.00196879
1867	576	1.02537	0.00196879
1867	577	1.02537	0.00196879
1867	578	1.02537	0.00196879
1867	579	1.02537	0.00196879
1867	580	1.02537	0.00196879
1867	581	1.02537	0.00196879
1867	582	1.02537	0.00196879
1867	583	1.02537	0.00196879
1867	584	1.02537	0.00196879
1867	585	1.02537	0.00196879
1867	586	1.02537	0.00196879
1867	587	1.02537	0.00196879
1867	588	1.02537	0.00196879
1867	589	1.02537	0.00196879
1867	590	1.02537	0.00196879
1867	591	1.02537	0.00196879
1867	592	1.02537	0.00196879
1867	593	1.02537	0.00196879
1867	594	1.02537	0.00196879
1867	595	1.02537	0.00196879
1867	596	1.02537	0.00196879
1867	597	1.02537	0.00196879
1867	598	1.02537	0.00196879
1867	599	1.02537	0.00196879
1867	600	1.02537	0.00196879
1867	601	1.02537	0.00196879
1867	602	1.02537	0.00196879
1867	603	1.02537	0.00196879
1867	604	1.02537	0.00196879
1867	605	1.02537	0.00196879
1867	606	1.02537	0.00196879
1867	607	1.02537	0.00196879
1867	608	1.02537	0.00196879
1867	609	1.02537	0.00196879
1867	610	1.02537	0.00196879
1867	611	1.02537	0.00196879
1867	612	1.02537	0.00196879
1867	613	1.02537	0.00196879
1867	614	1.02537	0.00196879
1867	615	1.02537	0.00196879
1867	616	1.02537	0.00196879
1867	617	1.02537	0.00196879
1867	618	1.02537	0.00196879
1867	619	1.02537	0.00196879
1867	620	1.02537	0.00196879
1867	621	1.02537	0.00196879
1867	622	1.02537	0.00196879
1867	623	1.02537	0.00196879
1867	624	1.02537	0.00196879
1867	625	1.02537	0.00196879
1867	626	1.02537	0.00196879
1867	627	1.02537	0.00196879
1867	628	1.02537	0.00196879
1867	629	1.02537	0.00196879
1867	630	1.02537	0.00196879
1867	631	1.02537	0.00196879
1867	632	1.02537	0.00196879
1867	633	1.02537	0.00196879
1867	634	1.02537	0.00196879
1867	635	1.02537	0.00196879
1867	636	1.02537	0.00196879
1867	637	1.02537	0.00196879
1867	638	1.02537	0.00196879
1867	639	1.02537	0.00196879
1867	640	1.02537	0.00196879
1867	641	1.02537	0.00196879
1867	642	1.02537	0.00196879
1867	643	1.02537	0.00196879
1867	644	1.02537	0.00196879
1867	645	1.02537	0.00196879
1867	646	1.02537	0.00196879
1867	647	1.02537	0.00196879
1867	648	1.02537	0.00196879
1867	649	1.02537	0.00196879
1867	650	1.02537	0.00196879
1867	651	1.02537	0.00196879
1867	652	1.02537	0.00196879
1867	653	1.02537	0.00196879
1867	654	1.02537	0.00196879
1867	655	1.02537	0.00196879
1867	656	1.02537	0.00196879
1867	657	1.02537	0.00196879
1867	658	1.02537	0.00196879
1867	659	1.02537	0.00196879
1867	660	1.02537	0.00196879
1867	661	1.02537	0.00196879
1867	662	1.02537	0.00196879
1867	663	1.02537	0.00196879
1867	664	1.02537	0.00196879
1867	665	1.02537	0.00196879
1867	666	1.02537	0.00196879
1867	667	1.02537	0.00196879
1867	668	1.02537	0.00196879
1867	669	1.02537	0.00196879
1867	670	1.02537	0.00196879
1867	671	1.02537	0.00196879
1867	672	1.02537	0.00196879
1867	673	1.02537	0.00196879
1867	674	1.02537	0.00196879
1867	675	1.02537	0.00196879
1867	676	1.02537	0.00196879
1867	677	1.02537	0.00196879
1867	678	1.02537	0.00196879
1867	679	1.02537	0.00196879
1867	680	1.02537	0.00196879
1867	681	1.02537	0.00196879
1867	682	1.02537	0.00196879
1867	683	1.02537	0.00196879
1867	684	1.02537	0.00196879
1867	685	1.02537	0.00196879
1867	686	1.02537	0.00196879
1867	687	1.02537	0.00196879
1867	688	1.02537	0.00196879
1867	689	1.02537	0.00196879
1867	690	1.02537	0.00196879
1867	691	1.02537	0.00196879
1867	692	1.02537	0.00196879
1867	693	1.02537	0.00196879
1867	694	1.02537	0.00196879
1867	695	1.02537	0.00196879
1867	696	1.02537	0.00196879
1867	697	1.02537	0.00196879
1867	698	1.02537	0.00196879
1867	699	1.02537	0.00196879
1867	700	1.02537	0.00196879
1867	701	1.02537	0.00196879
1867	702	1.02537	0.00196879
1867	703	1.02537	0.00196879
1867	704	1.02537	0.00196879
1867	705	1.02537	0.00196879
1867	706	1.02537	0.00196879
1867	707	1.02537	0.00196879
1867	708	1.02537	0.00196879
1867	709	1.02537	0.00196879
1867	710	1.02537	0.00196879
1867	711	1.02537	0.00196879
1867	712	1.02537	0.00196879
1867	713	1.02537	0.00196879
1867	714	1.02537	0.00196879
1867	715	1.02537	0.00196879
1867	716	1.02537	0.00196879
1867	717	1.02537	0.00196879
1867	718	1.02537	0.00196879
1867	719	1.02537	0.00196879
1867	720	1.02537	0.00196879
1867	721	1.02537	0.00196879
1867	722	1.02537	0.00196879
1867	723	1.02537	0.00196879
1867	724	1.02537	0.00196879
1867	725	1.02537	0.00196879
1867	726	1.02537	0.00196879
1867	727	1.02537	0.00196879
1867	728	1.02537	0.00196879
1867	729	1.02537	0.00196879
1867	730	1.02537	0.00196879
1867	731	1.02537	0.00196879
1867	732	1.02537	0.00196879
1867	733	1.02537	0.00196879
1867	734	1.02537	0.00196879
1867	735	1.02537	0.00196879
1867	736	1.02537	0.00196879
1867	737	1.02537	0.00196879
1867	738	1.02537	0.00196879
1867	739	1.02537	0.00196879
1867	740	1.02537	0.00196879
1867	741	1.02537	0.00196879
1867	742	1.02537	0.00196879
1867	743	1.02537	0.00196879
1867	744	1.02537	0.00196879
1867	745	1.02537	0.00196879
1867	746	1.02537	0.00196879
1867	747	1.02537	0.00196879
1867	748	1.02537	0.00196879
1867	749	1.02537	0.00196879
1867	750	1.02537	0.00196879
1867	751	1.02537	0.00196879
1867	752	1.02537	0.00196879
1867	753	1.02537	0.00196879
1867	754	1.02537	0.00196879
1867	755	1.02537	0.00196879
1867	756	1.02537	0.00196879
1867	757	1.02537	0.00196879
1867	758	1.02537	0.00196879
1867	759	1.02537	0.00196879
1867	760	1.02537	0.00196879
1867	761	1.02537	0.00196879
1867	762	1.02537	0.00196879
1867	763	1.02537	0.00196879
1867	764	1.02537	0.00196879
1867	765	1.02537	0.00196879
1867	766	1.02537	0.00196879
1867	767	1.02537	0.00196879
1867	768	1.02537	0.00196879
1867	769	1.02537	0.00196879
1867	770	1.02537	0.00196879
1867	771	1.02537	0.00196879
1867	772	1.02537	0.00196879
1867	773	1.02537	0.00196879
1867	774	1.02537	0.00196879
1867	775	1.02537	0.00196879
1867	776	1.02537	0.00196879
1867	777	1.02537	0.00196879
1867	778	1.02537	0.00196879
1867	779	1.02537	0.00196879
1867	780	1.02537	0.00196879
1867	781	1.02537	0.00196879
1867	782	1.02537	0.00196879
1867	783	1.02537	0.00196879
1867	784	1.02537	0.00196879
1867	785	1.02537	0.00196879
1867	786	1.02537	0.00196879
1867	787	1.02537	0.00196879
1867	788	1.02537	0.00196879
1867	789	1.02537	0.00196879
1867	790	1.02537	0.00196879
1867	791	1.02537	0.00196879
1867	792	1.02537	0.00196879
1867	793	1.02537	0.00196879
1867	794	1.02537	0.00196879
1867	795	1.02537	0.00196879
1867	796	1.02537	0.00196879
1867	797	1.02537	0.00196879
1867	798	1.02537	0.00196879
1867	799	1.02537	0.00196879
1867	800	1.02537	0.00196879
1867	801	1.02537	0.00196879
1867	802	1.02537	0.00196879
1867	803	1.02537	0.00196879
1867	804	1.02537	0.00196879
1867	805	1.02537	0.00196879
1867	806	1.02537	0.00196879
1867	807	1.02537	0.00196879
1867	808	1.02537	0.00196879
1867	809	1.02537	0.00196879
1867	810	1.02537	0.00196879
1867	811	1.02537	0.00196879
1867	812	1.02537	0.00196879
1867	813	1.02537	0.00196879
1867	814	1.02537	0.00196879
1867	815	1.02537	0.00196879
1867	816	1.02537	0.00196879
1867	817	1.02537	0.00196879
1867	818	1.02537	0.00196879
1867	819	1.02537	0.00196879
1867	820	1.02537	0.00196879
1867	821	1.02537	0.00196879
1867	822	1.02537	0.00196879
1867	823	1.02537	0.00196879
1867	824	1.02537	0.00196879
1867	825	1.02537	0.00196879
1867	826	1.02537	0.00196879
1867	827	1.02537	0.00196879
1867	828	1.02537	0.00196879
1867	829	1.02537	0.00196879
1867	830	1.02537	0.00196879
1867	831	1.02537	0.00196879
1867	832	1.02537	0.00196879
1867	833	1.02537	0.00196879
1867	834	1.02537	0.00196879
1867	835	1.02537	0.00196879
1867	836	1.02537	0.00196879
1867	837	1.02537	0.00196879
1867	838	1.02537	0.00196879
1867	839	1.02537	0.00196879
1867	840	1.02537	0.00196879
1867	841	1.02537	0.00196879
1867	842	1.02537	0.00196879
1867	843	1.02537	0.00196879
1867	844	1.02537	0.00196879
1867	845	1.02537	0.00196879
1867	846	1.02537	0.00196879
1867	847	1.02537	0.00196879
1867	848	1.02537	0.00196879
1867	849	1.02537	0.00196879
1867	850	1.02537	0.00196879
1867	851	1.02537	0.00196879
1867	852	1.02537	0.00196879
1867	853	1.02537	0.00196879
1867	854	1.02537	0.00196879
1867	855	1.02537	0.00196879
1867	856	1.02537	0.00196879
1867	857	1.02537	0.00196879
1867	858	1.02537	0.00196879
1867	859	1.02537	0.00196879
1867	860	1.02537	0.00196879
1867	861	1.02537	0.00196879
1867	862	1.02537	0.00196879
1867	863	1.02537	0.00196879
1867	864	1.02537	0.00196879
1867	865	1.02537	0.00196879
1867	866	1.02537	0.00196879
1867	867	1.02537	0.00196879
1867	868	1.02537	0.00196879
1867	869	1.02537	0.00196879
1867	870	1.02537	0.00196879
1867	871	1.02537	0.00196879
1867	872	1.02537	0.00196879
1867	873	1.02537	0.00196879
1867	874	1.02537	0.00196879
1867	875	1.02537	0.00196879
1867	876	1.02537	0.00196879
1867	877	1.02537	0.00196879
1867	878	1.02537	0.00196879
1867	879	1.02537	0.00196879
1867	880	1.02537	0.00196879
1867	881	1.02537	0.00196879
1867	882	1.02537	0.00196879
1867	883	1.02537	0.00196879
1867	884	1.02537	0.00196879
1867	885	1.02537	0.00196879
1867	886	1.02537	0.00196879
1867	887	1.02537	0.00196879
1867	888	1.02537	0.00196879
1867	889	1.02537	0.00196879
1867	890	1.02537	0.00196879
1867	891	1.02537	0.00196879
1867	892	1.02537	0.00196879
1867	893	1.02537	0.00196879
1867	894	1.02537	0.00196879
1867	895	1.02537	0.00196879
1867	896	1.02537	0.00196879
1867	897	1.02537	0.00196879
1867	898	1.02537	0.00196879
1867	899	1.02537	0.00196879
1867	900	1.02537	0.00196879
1867	901	1.02537	0.00196879
1867	902	1.02537	0.00196879
1867	903	1.02537	0.00196879
1867	904	1.02537	0.00196879
1867	905	1.02537	0.00196879
1867	906	1.02537	0.00196879
1867	907	1.02537	0.00196879
1867	908	1.02537	0.00196879
1867	909	1.02537	0.00196879
1867	910	1.02537	0.00196879
1867	911	1.02537	0.00196879
1867	912	1.02537	0.00196879
1867	913	1.02537	0.00196879
1867	914	1.02537	0.00196879
1867	915	1.02537	0.00196879
1867	916	1.02537	0.00196879
1867	917	1.02537	0.00196879
1867	918	1.02537	0.00196879
1867	919	1.02537	0.00196879
1867	920	1.02537	0.00196879
1867	921	1.02537	0.00196879
1867	922	1.02537	0.00196879
1867	923	1.02537	0.00196879
1867	924	1.02537	0.00196879
1867	925	1.02537	0.00196879
1867	926	1.02537	0.00196879
1867	927	1.02537	0.00196879
1867	928	1.02537	0.00196879
1867	929	1.02537	0.00196879
1867	930	1.02537	0.00196879
1867	931	1.02537	0.00196879
1867	932	1.02537	0.00196879
1867	933	1.02537	0.00196879
1867	934	1.02537	0.00196879
1867	935	1.02537	0.00196879
1867	936	1.02537	0.00196879
1867	937	1.02537	0.00196879
1867	938	1.02537	0.00196879
1867	939	1.02537	0.00196879
1867	940	1.02537	0.00196879
1867	941	1.02537	0.00196879
1867	942	1.02537	0.00196879
1867	943	1.02537	0.00196879
1867	944	1.02537	0.00196879
1867	945	1.02537	0.00196879
1867	946	1.02537	0.00196879
1867	947	1.02537	0.00196879
1867	948	1.02537	0.00196879
1867	949	1.02537	0.00196879
1867	950	1.02537	0.00196879
1867	951	1.02537	0.00196879
1867	952	1.02537	0.00196879
1867	953	1.02537	0.00196879
1867	954	1.02537	0.00196879
1867	955	1.02537	0.00196879
1867	956	1.02537	0.00196879
1867	957	1.02537	0.00196879
1867	958	1.02537	0.00196879
1867	959	1.02537	0.00196879
1867	960	1.02537	0.00196879
1867	961	1.02537	0.00196879
1867	962	1.02537	0.00196879
1867	963	1.02537	0.00196879
1867	964	1.02537	0.00196879
1867	965	1.02537	0.00196879
1867	966	1.02537	0.00196879
1867	967	1.02537	0.00196879
1867	968	1.02537	0.00196879
1867	969	1.02537	0.00196879
1867	970	1.02537	0.00196879
1867	971	1.02537	0.00196879
1867	972	1.02537	0.00196879
1867	973	1.02537	0.00196879
1867	974	1.02537	0.00196879
1867	975	1.02537	0.00196879
1867	976	1.02537	0.00196879
1867	977	1.02537	0.00196879
1867	978	1.02537	0.00196879
1867	979	1.02537	0.00196879
1867	980	1.02537	0.00196879
1867	981	1.02537	0.00196879
1867	982	1.02537	0.00196879
1867	983	1.02537	0.00196879
1867	984	1.02537	0.00196879
1867	985	1.02537	0.00196879
1867	986	1.02537	0.00196879
1867	987	1.02537	0.00196879
1867	988	1.02537	0.00196879
1867	989	1.02537	0.00196879
1867	990	1.02537	0.00196879
1867	991	1.02537	0.00196879
1867	992	1.02537	0.00196879
1867	993	1.02537	0.00196879
1867	994	1.02537	0.00196879
1867	995	1.02537	0.00196879
1867	996	1.02537	0.00196879
1867	997	1.02537	0.00196879
1867	998	1.02537	0.00196879
1867	999	1.02537	0.00196879
1867	1000	1.02537	0.00196879
1867	1001	1.02537	0.00196879
1867	1002	1.02537	0.00196879
1867	1003	1.02537	0.00196879
1867	1004	1.02537	0.00196879
1867	1005	1.02537	0.00196879
1867	1006	1.02537	0.00196879
1867	1007	1.02537	0.00196879
1867	1008	1.02537	0.00196879
1867	1009	1.02537	0.00196879
1867	1010	1.02537	0.00196879
1867	1011	1.02537	0.00196879
1867	1012	1.02537	0.00196879
1867	1013	1.02537	0.00196879
1867	1014	1.02537	0.00196879
1867	1015	1.02537	0.00196879
1867	1016	1.02537	0.00196879
1867	1017	1.02537	0.00196879
1867	1018	1.02537	0.00196879
1867	1019	1.02537	0.00196879
1867	1020	1.02537	0.00196879
1867	1021	1.02537	0.00196879
1867	1022	1.02537	0.00196879
1867	1023	1.02537	0.00196879
1867	1024	1.02537	0.00196879
1867	1025	1.02537	0.00196879
1867	1026	1.02537	0.00196879
1867	1027	1.02537	0.00196879
1867	1028	1.02537	0.00196879
1867	1029	1.02537	0.00196879
1867	1030	1.02537	0.00196879
1867	1031	1.02537	0.00196879
1867	1032	1.02537	0.00196879
1867	1033	1.02537	0.00196879
1867	1034	1.02537	0.00196879
1867	1035	1.02537	0.00196879
1867	1036	1.02537	0.00196879
1867	1037	1.02537	0.00196879
1867	1038	1.02537	0.00196879
1867	1039	1.02537	0.00196879
1867	1040	1.02537	0.00196879
1867	1041	1.02537	0.00196879
1867	1042	1.02537	0.00196879
1867	1043	1.02537	0.00196879
1867	1044	1.02537	0.00196879
1867	1045	1.02537	0.00196879
1867	1046	1.02537	0.00196879
1867	1047	1.02537	0.00196879
1867	1048	1.02537	0.00196879
1867	1049	1.02537	0.00196879
1867	1050	1.02537	0.00196879
1867	1051	1.02537	0.00196879
1867	1052	1.02537	0.00196879
1867	1053	1.02537	0.00196879
1867	1054	1.02537	0.00196879
1867	1055	1.02537	0.00196879
1867	1056	1.02537	0.00196879
1867	1057	1.02537	0.00196879
1867	1058	1.02537	0.00196879
1867	1059	1.02537	0.00196879
1867	1060	1.02537	0.00196879
1867	1061	1.02537	0.00196879
1867	1062	1.02537	0.00196879
1867	1063	1.02537	0.00196879
1867	1064	1.02537	0.00196879
1867	1065	1.02537	0.00196879
1867	1066	1.02537	0.00196879
1867	1067	1.02537	0.00196879
1867	1068	1.02537	0.00196879
1867	1069	1.02537	0.00196879
1867	1070	1.02537	0.00196879
1867	1071	1.02537	0.00196879
1867	1072	1.02537	0.00196879
1867	1073	1.02537	0.00196879
1867	1074	1.02537	0.00196879
1867	1075	1.02537	0.00196879
1867	1076	1.02537	0.00196879
1867	1077	1.02537	0.00196879
1867	1078	1.02537	0.00196879
1867	1079	1.02537	0.00196879
1867	1080	1.02537	0.00196879
1867	1081	1.02537	0.00196879
1867	1082	1.02537	0.00196879
1867	1083	1.02537	0.00196879
1867	1084	1.02537	0.00196879
1867	1085	1.02537	0.00196879
1867	1086	1.02537	0.00196879
1867	1087	1.02537	0.00196879
1867	1088	1.02537	0.00196879
1867	1089	1.02537	0.00196879
1867	1090	1.02537	0.00196879
1867	1091	1.02537	0.00196879
1867	1092	1.02537	0.00196879
1867	1093	1.02537	0.00196879
1867	1094	1.02537	0.00196879
1867	1095	1.02537	0.00196879
1867	1096	1.02537	0.00196879
1867	1097	1.02537	0.00196879
1867	1098	1.02537	0.00196879
1867	1099	1.02537	0.00196879
1867	1100	1.02537	0.00196879
1867	1101	1.02537	0.00196879
1867	1102	1.02537	0.00196879
1867	1103	1.02537	0.00196879
1867	1104	1.02537	0.00196879
1867	1105	1.02537	0.00196879
1867	1106	1.02537	0.00196879
1867	1107	1.02537	0.00196879
1867	1108	1.02537	0.00196879
1867	1109	1.02537	0.00196879
1867	1110	1.02537	0.00196879
1867	1111	1.02537	0.00196879
1867	1112	1.02537	0.00196879
1867	1113	1.02537	0.00196879
1867	1114	1.02537	0.00196879
1867	1115	1.02537	0.00196879
1867	1116	1.02537	0.00196879
1867	1117	1.02537	0.00196879
1867	1118	1.02537	0.00196879
1867	1119	1.02537	0.00196879
1867	1120	1.02537	0.00196879
1867	1121	1.02537	0.00196879
1867	1122	1.02537	0.00196879
1867	1123	1.02537	0.00196879
1867	1124	1.02537	0.00196879
1867	1125	1.02537	0.00196879
1867	1126	1.02537	0.00196879
1867	1127	1.02537	0.00196879
1867	1128	1.02537	0.00196879
1867	1129	1.02537	0.00196879
1867	1130	1.02537	0.00196879
1867	1131	1.02537	0.00196879
1867	1132	1.02537	0.00196879
1867	1133	1.02537	0.00196879
1867	1134	1.02537	0.00196879
1867	1135	1.02537	0.00196879
1867	1136	1.02537	0.00196879
1867	1137	1.02537	0.00196879
1867	1138	1.02537	0.00196879
1867	1139	1.02537	0.00196879
1867	1140	1.02537	0.00196879
1867	1141	1.02537	0.00196879
1867	1142	1.02537	0.00196879
1867	1143	1.02537	0.00196879
1867	1144	1.02537	0.00196879
1867	1145	1.02537	0.00196879
1867	1146	1.02537	0.00196879
1867	1147	1.02537	0.00196879
1867	1148	1.02537	0.00196879
1867	1149	1.02537	0.00196879
1867	1150	1.02537	0.00196879
1867	1151	1.02537	0.00196879
1867	1152	1.02537	0.00196879
1867	1153	1.02537	0.00196879
1867	1154	1.02537	0.00196879
1867	1155	1.02537	0.00196879
1867	1156	1.02537	0.00196879
1867	1157	1.02537	0.00196879
1867	1158	1.02537	0.00196879
1867	1159	1.02537	0.00196879
1867	1160	1.02537	0.00196879
1867	1161	1.02537	0.00196879
1867	1162	1.02537	0.00196879
1867	1163	1.02537	0.00196879
1867	1164	1.02537	0.00196879
1867	1165	1.02537	0.00196879
1867	1166	1.02537	0.00196879
1867	1167	1.02537	0.00196879
1867	1168	1.02537	0.00196879
1867	1169	1.02537	0.00196879
1867	1170	1.02537	0.00196879
1867	1171	1.02537	0.00196879
1867	1172	1.02537	0.00196879
1867	1173	1.02537	0.00196879
1867	1174	1.02537	0.00196879
1867	1175	1.02537	0.00196879
1867	1176	1.02537	0.00196879
1867	1177	1.02537	0.00196879
1867	1178	1.02537	0.00196879
1867	1179	1.02537	0.00196879
1867	1180	1.02537	0.00196879
1867	1181	1.02537	0.00196879
1867	1182	1.02537	0.00196879
1867	1183	1.02537	0.00196879
1867	1184	1.02537	0.00196879
1867	1185	1.02537	0.00196879
1867	1186	1.02537	0.00196879
1867	1187	1.02537	0.00196879
1867	1188	1.02537	0.00196879
1867	1189	1.02537	0.00196879
1867	1190	1.02537	0.00196879
1867	1191	1.02537	0.00196879
1867	1192	1.02537	0.00196879
1867	1193	1.02537	0.00196879
1867	1194	1.02537	0.00196879
1867	1195	1.02537	0.00196879
1867	1196	1.02537	0.00196879
1867	1197	1.02537	0.00196879
1867	1198	1.02537	0.00196879
1867	1199	1.02537	0.00196879
1867	1200	1.02537	0.00196879
1867	1201	1.02537	0.00196879
1867	1202	1.02537	0.00196879
1867	1203	1.02537	0.00196879
1867	1204	1.02537	0.00196879
1867	1205	1.02537	0.00196879
1867	1206	1.02537	0.00196879
1867	1207	1.02537	0.00196879
1867	1208	1.02537	0.00196879
1867	1209	1.02537	0.00196879
1867	1210	1.02537	0.00196879
1867	1211	1.02537	0.00196879
1867	1212	1.02537	0.00196879
1867	1213	1.02537	0.00196879
1867	1214	1.02537	0.00196879
1867	1215	1.02537	0.00196879
1867	1216	1.02537	0.00196879
1867	1217	1.02537	0.00196879
1867	1218	1.02537	0.00196879
1867	1219	1.02537	0.00196879
1867	1220	1.02537	0.00196879
1867	1221	1.02537	0.00196879
1867	1222	1.02537	0.00196879
1867	1223	1.02537	0.00196879
1867	1224	1.02537	0.00196879
1867	1225	1.02537	0.00196879
1867	1226	1.02537	0.00196879
1867	1227	1.02537	0.00196879
1867	1228	1.02537	0.00196879
1867	1229	1.02537	0.00196879
1867	1230	1.02537	0.00196879
1867	1231	1.02537	0.00196879
1867	1232	1.02537	0.00196879
1867	1233	1.02537	0.00196879
1867	1234	1.02537	0.00196879
1867	1235	1.02537	0.00196879
1867	1236	1.02537	0.00196879
1867	1237	1.02537	0.00196879
1867	1238	1.02537	0.00196879
1867	1239	1.02537	0.00196879
1867	1240	1.02537	0.00196879
1867	1241	1.02537	0.00196879
1867	1242	1.02537	0.00196879
1867	1243	1.02537	0.00196879
1867	1244	1.02537	0.00196879
1867	1245	1.02537	0.00196879
1867	1246	1.02537	0.00196879
1867	1247	1.02537	0.00196879
1867	1248	1.02537	0.00196879
1867	1249	1.02537	0.00196879
1867	1250	1.02537	0.00196879
1867	1251	1.02537	0.00196879
1867	1252	1.02537	0.00196879
1867	1253	1.02537	0.00196879
1867	1254	1.02537	0.00196879
1867	1255	1.02537	0.00196879
1867	1256	1.02537	0.00196879
1867	1257	1.02537	0.00196879
1867	1258	1.02537	0.00196879
1867	1259	1.02537	0.00196879
1867	1260	1.02537	0.00196879
1867	1261	1.02537	0.00196879
1867	1262	1.02537	0.00196879
1867	1263	1.02537	0.00196879
1867	1264	1.02537	0.00196879
1867	1265	1.02537	0.00196879
1867	1266	1.02537	0.00196879
1867	1267	1.02537	0.00196879
1867	1268	1.02537	0.00196879
1867	1269	1.02537	0.00196879
1867	1270	1.02537	0.00196879
1867	1271	1.02537	0.00196879
1867	1272	1.02537	0.00196879
1867	1273	1.02537	0.00196879
1867	1274	1.02537	0.00196879
1867	1275	1.02537	0.00196879
1867	1276	1.02537	0.00196879
1867	1277	1.02537	0.00196879
1867	1278	1.02537	0.00196879
1867	1279	1.02537	0.00196879
1867	1280	1.02537	0.00196879
1867	1281	1.02537	0.00196879
1867	1282	1.02537	0.00196879
1867	1283	1.02537	0.00196879
1867	1284	1.02537	0.00196879
1867	1285	1.02537	0.00196879
1867	1286	1.02537	0.00196879
1867	1287	1.02537	0.00196879
1867	1288	1.02537	0.00196879
1867	1289	1.02537	0.00196879
1867	1290	1.02537	0.00196879
1867	1291	1.02537	0.00196879
1867	1292	1.02537	0.00196879
1867	1293	1.02537	0.00196879
1867	1294	1.02537	0.00196879
1867	1295	1.02537	0.00196879
1867	1296	1.02537	0.00196879
1867	1297	1.02537	0.00196879
1867	1298	1.02537	0.00196879
1867	1299	1.02537	0.00196879
1867	1300	1.02537	0.00196879
1867	1301	1.02537	0.00196879
1867	1302	1.02537	0.00196879
1867	1303	1.02537	0.00196879
1867	1304	1.02537	0.00196879
1867	1305	1.02537	0.00196879
1867	1306	1.02537	0.00196879
1867	1307	1.02537	0.00196879
1867	1308	1.02537	0.00196879
1867	1309	1.02537	0.00196879
1867	1310	1.02537	0.00196879
1867	1311	1.02537	0.00196879
1867	1312	1.02537	0.00196879
1867	1313	1.02537	0.00196879
1867	1314	1.02537	0.00196879
1867	1315	1.02537	0.00196879
1867	1316	1.02537	0.00196879
1867	1317	1.02537	0.00196879
1867	1318	1.02537	0.00196879
1867	1319	1.02537	0.00196879
1867	1320	1.02537	0.00196879
1867	1321	1.02537	0.00196879
1867	1322	1.02537	0.00196879
1867	1323	1.02537	0.00196879
1867	1324	1.02537	0.00196879
1867	1325	1.02537	0.00196879
1867	1326	1.02537	0.00196879
1867	1327	1.02537	0.00196879
1867	1328	1.02537	0.00196879
1867	1329	1.02537	0.00196879
1867	1330	1.02537	0.00196879
1867	1331	1.02537	0.00196879
1867	1332	1.02537	0.00196879
1867	1333	1.02537	0.00196879
1867	1334	1.02537	0.00196879
1867	1335	1.02537	0.00196879
1867	1336	1.02537	0.00196879
1867	1337	1.02537	0.00196879
1867	1338	1.02537	0.00196879
1867	1339	1.02537	0.00196879
1867	1340	1.02537	0.00196879
1867	1341	1.02537	0.00196879
1867	1342	1.02537	0.00196879
1867	1343	1.02537	0.00196879
1867	1344	1.02537	0.00196879
1867	1345	1.02537	0.00196879
1867	1346	1.02537	0.00196879
1867	1347	1.02537	0.00196879
1867	1348	1.02537	0.00196879
1867	1349	1.02537	0.00196879
1867	1350	1.02537	0.00196879
1867	1351	1.02537	0.00196879
1867	1352	1.02537	0.00196879
1867	1353	1.02537	0.00196879
1867	1354	1.02537	0.00196879
1867	1355	1.02537	0.00196879
1867	1356	1.02537	0.00196879
1867	1357	1.02537	0.00196879
1867	1358	1.02537	0.00196879
1867	1359	1.02537	0.00196879
1867	1360	1.02537	0.00196879
1867	1361	1.02537	0.00196879
1867	1362	1.02537	0.00196879
1867	1363	1.02537	0.00196879
1867	1364	1.02537	0.00196879
1867	1365	1.02537	0.00196879
1867	1366	1.02537	0.00196879
1867	1367	1.02537	0.00196879
1867	1368	1.02537	0.00196879
1867	1369	1.02537	0.00196879
1867	1370	1.02537	0.00196879
1867	1371	1.02537	0.00196879
1867	1372	1.02537	0.00196879
1867	1373	1.02537	0.00196879
1867	1374	1.02537	0.00196879
1867	1375	1.02537	0.00196879
1867	1376	1.02537	0.00196879
1867	1377	1.02537	0.00196879
1867	1378	1.02537	0.00196879
1867	1379	1.02537	0.00196879
1867	1380	1.02537	0.00196879
1867	1381	1.02537	0.00196879
1867	1382	1.02537	0.00196879
1867	1383	1.02537	0.00196879
1867	1384	1.02537	0.00196879
1867	1385	1.02537	0.00196879
1867	1386	1.02537	0.00196879
1867	1387	1.02537	0.00196879
1867	1388	1.02537	0.00196879
1867	1389	1.02537	0.00196879
1867	1390	1.02537	0.00196879
1867	1391	1.02537	0.00196879
1867	1392	1.02537	0.00196879
1867	1393	1.02537	0.00196879
1867	1394	1.02537	0.00196879
1867	1395	1.02537	0.00196879
1867	1396	1.02537	0.00196879
1867	1397	1.02537	0.00196879
1867	1398	1.02537	0.00196879
1867	1399	1.02537	0.00196879
1867	1400	1.02537	0.00196879
1867	1401	1.02537	0.00196879
1867	1402	1.02537	0.00196879
1867	1403	1.02537	0.00196879
1867	1404	1.02537	0.00196879
1867	1405	1.02537	0.00196879
1867	1406	1.02537	0.00196879
1867	1407	1.02537	0.00196879
1867	1408	1.02537	0.00196879
1867	1409	1.02537	0.00196879
1867	1410	1.02537	0.00196879
1867	1411	1.02537	0.00196879
1867	1412	1.02537	0.00196879
1867	1413	1.02537	0.00196879
1867	1414	1.02537	0.00196879
1867	1415	1.02537	0.00196879
1867	1416	1.02537	0.00196879
1867	1417	1.02537	0.00196879
1867	1418	1.02537	0.00196879
1867	1419	1.02537	0.00196879
1867	1420	1.02537	0.00196879
1867	1421	1.02537	0.00196879
1867	1422	1.02537	0.00196879
1867	1423	1.02537	0.00196879
1867	1424	1.02537	0.00196879
1867	1425	1.02537	0.00196879
1867	1426	1.02537	0.00196879
1867	1427	1.02537	0.00196879
1867	1428	1.02537	0.00196879
1867	1429	1.02537	0.00196879
1867	1430	1.02537	0.00196879
1867	1431	1.02537	0.00196879
1867	1432	1.02537	0.00196879
1867	1433	1.02537	0.00196879
1867	1434	1.02537	0.00196879
1867	1435	1.02537	0.00196879
1867	1436	1.02537	0.00196879
1867	1437	1.02537	0.00196879
1867	1438	1.02537	0.00196879
1867	1439	1.02537	0.00196879
1867	1440	1.02537	0.00196879
1867	1441	1.02537	0.00196879
1867	1442	1.02537	0.00196879
1867	1443	1.02537	0.00196879
1867	1444	1.02537	0.00196879
1867	1445	1.02537	0.00196879
1867	1446	1.02537	0.00196879
1867	1447	1.02537	0.00196879
1867	1448	1.02537	0.00196879
1867	1449	1.02537	0.00196879
1867	1450	1.02537	0.00196879
1867	1451	1.02537	0.00196879
1867	1452	1.02537	0.00196879
1867	1453	1.02537	0.00196879
1867	1454	1.02537	0.00196879
1867	1455	1.02537	0.00196879
1867	1456	1.02537	0.00196879
1867	1457	1.02537	0.00196879
1867	1458	1.02537	0.00196879
1867	1459	1.02537	0.00196879
1867	1460	1.02537	0.00196879
1867	1461	1.02537	0.00196879
1867	1462	1.02537	0.00196879
1867	1463	1.02537	0.00196879
1867	1464	1.02537	0.00196879
1867	1465	1.02537	0.00196879
1867	1466	1.02537	0.00196879
1867	1467	1.02537	0.00196879
1867	1468	1.02537	0.00196879
1867	1469	1.02537	0.00196879
1867	1470	1.02537	0.00196879
1867	1471	1.02537	0.00196879
1867	1472	1.02537	0.00196879
1867	1473	1.02537	0.00196879
1867	1474	1.02537	0.00196879
1867	1475	1.02537	0.00196879
1867	1476	1.02537	0.00196879
1867	1477	1.02537	0.00196879
1867	1478	1.02537	0.00196879
1867	1479	1.02537	0.00196879
1867	1480	1.02537	0.00196879
1867	1481	1.02537	0.00196879
1867	1482	1.02537	0.00196879
1867	1483	1.02537	0.00196879
1867	1484	1.02537	0.00196879
1867	1485	1.02537	0.00196879
1867	1486	1.02537	0.00196879
1867	1487	1.02537	0.00196879
1867	1488	1.02537	0.00196879
1867	1489	1.02537	0.00196879
1867	1490	1.02537	0.00196879
1867	1491	1.02537	0.00196879
1867	1492	1.02537	0.00196879
1867	1493	1.02537	0.00196879
1867	1494	1.02537	0.00196879
1867	1495	1.02537	0.00196879
1867	1496	1.02537	0.00196879
1867	1497	1.02537	0.00196879
1867	1498	1.02537	0.00196879
1867	1499	1.02537	0.00196879
1867	1500	1.02537	0.00196879
1867	1501	1.02537	0.00196879
1867	1502	1.02537	0.00196879
1867	1503	1.02537	0.00196879
1867	1504	1.02537	0.00196879
1867	1505	1.02537	0.00196879
1867	1506	1.02537	0.00196879
1867	1507	1.02537	0.00196879
1867	1508	1.02537	0.00196879
1867	1509	1.02537	0.00196879
1867	1510	1.02537	0.00196879
1867	1511	1.02537	0.00196879
1867	1512	1.02537	0.00196879
1867	1513	1.02537	0.00196879
1867	1514	1.02537	0.00196879
1867	1515	1.02537	0.00196879
1867	1516	1.02537	0.00196879
1867	1517	1.02537	0.00196879
1867	1518	1.02537	0.00196879
1867	1519	1.02537	0.00196879
1867	1520	1.02537	0.00196879
1867	1521	1.02537	0.00196879
1867	1522	1.02537	0.00196879
1867	1523	1.02537	0.00196879
1867	1524	1.02537	0.00196879
1867	1525	1.02537	0.00196879
1867	1526	1.02537	0.00196879
1867	1527	1.02537	0.00196879
1867	1528	1.02537	0.00196879
1867	1529	1.02537	0.00196879
1867	1530	1.02537	0.00196879
1867	1531	1.02537	0.00196879
1867	1532	1.02537	0.00196879
1867	1533	1.02537	0.00196879
1867	1534	1.02537	0.00196879
1867	1535	1.02537	0.00196879
1867	1536	1.02537	0.00196879
1867	1537	1.02537	0.00196879
1867	1538	1.02537	0.00196879
1867	1539	1.02537	0.00196879
1867	1540	1.02537	0.00196879
1867	1541	1.02537	0.00196879
1867	1542	1.02537	0.00196879
1867	1543	1.02537	0.00196879
1867	1544	1.02537	0.00196879
1867	1545	1.02537	0.00196879
1867	1546	1.02537	0.00196879
1867	1547	1.02537	0.00196879
1867	1548	1.02537	0.00196879
1867	1549	1.02537	0.00196879
1867	1550	1.02537	0.00196879
1867	1551	1.02537	0.00196879
1867	1552	1.02537	0.00196879
1867	1553	1.02537	0.00196879
1867	1554	1.02537	0.00196879
1867	1555	1.02537	0.00196879
1867	1556	1.02537	0.00196879
1867	1557	1.02537	0.00196879
1867	1558	1.02537	0.00196879
1867	1559	1.02537	0.00196879
1867	1560	1.02537	0.00196879
1867	1561	1.02537	0.00196879
1867	1562	1.02537	0.00196879
1867	1563	1.02537	0.00196879
1867	1564	1.02537	0.00196879
1867	1565	1.02537	0.00196879
1867	1566	1.02537	0.00196879
1867	1567	1.02537	0.00196879
1867	1568	1.02537	0.00196879
1867	1569	1.02537	0.00196879
1867	1570	1.02537	0.00196879
1867	1571	1.02537	0.00196879
1867	1572	1.02537	0.00196879
1867	1573	1.02537	0.00196879
1867	1574	1.02537	0.00196879
1867	1575	1.02537	0.00196879
1867	1576	1.02537	0.00196879
1867	1577	1.02537	0.00196879
1867	1578	1.02537	0.00196879
1867	1579	1.02537	0.00196879
1867	1580	1.02537	0.00196879
1867	1581	1.02537	0.00196879
1867	1582	1.02537	0.00196879
1867	1583	1.02537	0.00196879
1867	1584	1.02537	0.00196879
1867	1585	1.02537	0.00196879
1867	1586	1.02537	0.00196879
1867	1587	1.02537	0.00196879
1867	1588	1.02537	0.00196879
1867	1589	1.02537	0.00196879
1867	1590	1.02537	0.00196879
1867	1591	1.02537	0.00196879
1867	1592	1.02537	0.00196879
1867	1593	1.02537	0.00196879
1867	1594	1.02537	0.00196879
1867	1595	1.02537	0.00196879
1867	1596	1.02537	0.00196879
1867	1597	1.02537	0.00196879
1867	1598	1.02537	0.00196879
1867	1599	1.02537	0.00196879
1867	1600	1.02537	0.00196879
1867	1601	1.02537	0.00196879
1867	1602	1.02537	0.00196879
1867	1603	1.02537	0.00196879
1867	1604	1.02537	0.00196879
1867	1605	1.02537	0.00196879
1867	1606	1.02537	0.00196879
1867	1607	1.02537	0.00196879
1867	1608	1.02537	0.00196879
1867	1609	1.02537	0.00196879
1867	1610	1.02537	0.00196879
1867	1611	1.02537	0.00196879
1867	1612	1.02537	0.00196879
1867	1613	1.02537	0.00196879
1867	1614	1.02537	0.00196879
1867	1615	1.02537	0.00196879
1867	1616	1.02537	0.00196879
1867	1617	1.02537	0.00196879
1867	1618	1.02537	0.00196879
1867	1619	1.02537	0.00196879
1867	1620	1.02537	0.00196879
1867	1621	1.02537	0.00196879
1867	1622	1.02537	0.00196879
1867	1623	1.02537	0.00196879
1867	1624	1.02537	0.00196879
1867	1625	1.02537	0.00196879
1867	1626	1.02537	0.00196879
1867	1627	1.02537	0.00196879
1867	1628	1.02537	0.00196879
1867	1629	1.02537	0.00196879
1867	1630	1.02537	0.00196879
1867	1631	1.02537	0.00196879
1867	1632	1.02537	0.00196879
1867	1633	1.02537	0.00196879
1867	1634	1.02537	0.00196879
1867	1635	1.02537	0.00196879
1867	1636	1.02537	0.00196879
1867	1637	1.02537	0.00196879
1867	1638	1.02537	0.00196879
1867	1639	1.02537	0.00196879
1867	1640	1.02537	0.00196879
1867	1641	1.02537	0.00196879
1867	1642	1.02537	0.00196879
1867	1643	1.02537	0.00196879
1867	1644	1.02537	0.00196879
1867	1645	1.02537	0.00196879
1867	1646	1.02537	0.00196879
1867	1647	1.02537	0.00196879
1867	1648	1.02537	0.00196879
1867	1649	1.02537	0.00196879
1867	1650	1.02537	0.00196879
1867	1651	1.02537	0.00196879
1867	1652	1.02537	0.00196879
1867	1653	1.02537	0.00196879
1867	1654	1.02537	0.00196879
1867	1655	1.02537	0.00196879
1867	1656	1.02537	0.00196879
1867	1657	1.02537	0.00196879
1867	1658	1.02537	0.00196879
1867	1659	1.02537	0.00196879
1867	1660	1.02537	0.00196879
1867	1661	1.02537	0.00196879
1867	1662	1.02537	0.00196879
1867	1663	1.02537	0.00196879
1867	1664	1.02537	0.00196879
1867	1665	1.02537	0.00196879
1867	1666	1.02537	0.00196879
1867	1667	1.02537	0.00196879
1867	1668	1.02537	0.00196879
1867	1669	1.02537	0.00196879
1867	1670	1.02537	0.00196879
1867	1671	1.02537	0.00196879
1867	1672	1.02537	0.00196879
1867	1673	1.02537	0.00196879
1867	1674	1.02537	0.00196879
1867	1675	1.02537	0.00196879
1867	1676	1.02537	0.00196879
1867	1677	1.02537	0.00196879
1867	1678	1.02537	0.00196879
1867	1679	1.02537	0.00196879
1867	1680	1.02537	0.00196879
1867	1681	1.02537	0.00196879
1867	1682	1.02537	0.00196879
1867	1683	1.02537	0.00196879
1867	1684	1.02537	0.00196879
1867	1685	1.02537	0.00196879
1867	1686	1.02537	0.00196879
1867	1687	1.02537	0.00196879
1867	1688	1.02537	0.00196879
1867	1689	1.02537	0.00196879
1867	1690	1.02537	0.00196879
1867	1691	1.02537	0.00196879
1867	1692	1.02537	0.00196879
1867	1693	1.02537	0.00196879
1867	1694	1.02537	0.00196879
1867	1695	1.02537	0.00196879
1867	1696	1.02537	0.00196879
1867	1697	1.02537	0.00196879
1867	1698	1.02537	0.00196879
1867	1699	1.02537	0.00196879
1867	1700	1.02537	0.00196879
1867	1701	1.02537	0.00196879
1867	1702	1.02537	0.00196879
1867	1703	1.02537	0.00196879
1867	1704	1.02537	0.00196879
1867	1705	1.02537	0.00196879
1867	1706	1.02537	0.00196879
1867	1707	1.02537	0.00196879
1867	1708	1.02537	0.00196879
1867	1709	1.02537	0.00196879
1867	1710	1.02537	0.00196879
1867	1711	1.02537	0.00196879
1867	1712	1.02537	0.00196879
1867	1713	1.02537	0.00196879
1867	1714	1.02537	0.00196879
1867	1715	1.02537	0.00196879
1867	1716	1.02537	0.00196879
1867	1717	1.02537	0.00196879
1867	1718	1.02537	0.00196879
1867	1719	1.02537	0.00196879
1867	1720	1.02537	0.00196879
1867	1721	1.02537	0.00196879
1867	1722	1.02537	0.00196879
1867	1723	1.02537	0.00196879
1867	1724	1.02537	0.00196879
1867	1725	1.02537	0.00196879
1867	1726	1.02537	0.00196879
1867	1727	1.02537	0.00196879
1867	1728	1.02537	0.00196879
1867	1729	1.02537	0.00196879
1867	1730	1.02537	0.00196879
1867	1731	1.02537	0.00196879
1867	1732	1.02537	0.00196879
1867	1733	1.02537	0.00196879
1867	1734	1.02537	0.00196879
1867	1735	1.02537	0.00196879
1867	1736	1.02537	0.00196879
1867	1737	1.02537	0.00196879
1867	1738	1.02537	0.00196879
1867	1739	1.02537	0.00196879
1867	1740	1.02537	0.00196879
1867	1741	1.02537	0.00196879
1867	1742	1.02537	0.00196879
1867	1743	1.02537	0.00196879
1867	1744	1.02537	0.00196879
1867	1745	1.02537	0.00196879
1867	1746	1.02537	0.00196879
1867	1747	1.02537	0.00196879
1867	1748	1.02537	0.00196879
1867	1749	1.02537	0.00196879
1867	1750	1.02537	0.00196879
1867	1751	1.02537	0.00196879
1867	1752	1.02537	0.00196879
1867	1753	1.02537	0.00196879
1867	1754	1.02537	0.00196879
1867	1755	1.02537	0.00196879
1867	1756	1.02537	0.00196879
1867	1757	1.02537	0.00196879
1867	1758	1.02537	0.00196879
1867	1759	1.02537	0.00196879
1867	1760	1.02537	0.00196879
1867	1761	1.02537	0.00196879
1867	1762	1.02537	0.00196879
1867	1763	1.02537	0.00196879
1867	1764	1.02537	0.00196879
1867	1765	1.02537	0.00196879
1867	1766	1.02537	0.00196879
1867	1767	1.02537	0.00196879
1867	1768	1.02537	0.00196879
1867	1769	1.02537	0.00196879
1867	1770	1.02537	0.00196879
1867	1771	1.02537	0.00196879
1867	1772	1.02537	0.00196879
1867	1773	1.02537	0.00196879
1867	1774	1.02537	0.00196879
1867	1775	1.02537	0.00196879
1867	1776	1.02537	0.00196879
1867	1777	1.02537	0.00196879
1867	1778	1.02537	0.00196879
1867	1779	1.02537	0.00196879
1867	1780	1.02537	0.00196879
1867	1781	1.02537	0.00196879
1867	1782	1.02537	0.00196879
1867	1783	1.02537	0.00196879
1867	1784	1.02537	0.00196879
1867	1785	1.02537	0.00196879
1867	1786	1.02537	0.00196879
1867	1787	1.02537	0.00196879
1867	1788	1.02537	0.00196879
1867	1789	1.02537	0.00196879
1867	1790	1.02537	0.00196879
1867	1791	1.02537	0.00196879
1867	1792	1.02537	0.00196879
1867	1793	1.02537	0.00196879
1867	1794	1.02537	0.00196879
1867	1795	1.02537	0.00196879
1867	1796	1.02537	0.00196879
1867	1797	1.02537	0.00196879
1867	1798	1.02537	0.00196879
1867	1799	1.02537	0.00196879
1867	1800	1.02537	0.00196879
1867	1801	1.02537	0.00196879
1867	1802	1.02537	0.00196879
1867	1803	1.02537	0.00196879
1867	1804	1.02537	0.00196879
1867	1805	1.02537	0.00196879
1867	1806	1.02537	0.00196879
1867	1807	1.02537	0.00196879
1867	1808	1.02537	0.00196879
1867	1809	1.02537	0.00196879
1867	1810	1.02537	0.00196879
1867	1811	1.02537	0.00196879
1867	1812	1.02537	0.00196879
1867	1813	1.02537	0.00196879
1867	1814	1.02537	0.00196879
1867	1815	1.02537	0.00196879
1867	1816	1.02537	0.00196879
1867	1817	1.02537	0.00196879
1867	1818	1.02537	0.00196879
1867	1819	1.02537	0.00196879
1867	1820	1.02537	0.00196879
1867	1821	1.02537	0.00196879
1867	1822	1.02537	0.00196879
1867	1823	1.02537	0.00196879
1867	1824	1.02537	0.00196879
1867	1825	1.02537	0.00196879
1867	1826	1.02537	0.00196879
1867	1827	1.02537	0.00196879
1867	1828	1.02537	0.00196879
1867	1829	1.02537	0.00196879
1867	1830	1.02537	0.00196879
1867	1831	1.02537	0.00196879
1867	1832	1.02537	0.00196879
1867	1833	1.02537	0.00196879
1867	1834	1.02537	0.00196879
1867	1835	1.02537	0.00196879
1867	1836	1.02537	0.00196879
1867	1837	1.02537	0.00196879
1867	1838	1.02537	0.00196879
1867	1839	1.02537	0.00196879
1867	1840	1.02537	0.00196879
1867	1841	1.02537	0.00196879
1867	1842	1.02537	0.00196879
1867	1843	1.02537	0.00196879
1867	1844	1.02537	0.00196879
1867	1845	1.02537	0.00196879
1867	1846	1.02537	0.00196879
1867	1847	1.02537	0.00196879
1867	1848	1.02537	0.00196879
1867	1849	1.02537	0.00196879
1867	1850	1.02537	0.00196879
1867	1851	1.02537	0.00196879
1867	1852	1.02537	0.00196879
1867	1853	1.02537	0.00196879
1867	1854	1.02537	0.00196879
1867	1855	1.02537	0.00196879
1867	1856	1.02537	0.00196879
1867	1857	1.02537	0.00196879
1867	1858	1.02537	0.00196879
1867	1859	1.02537	0.00196879
1867	1860	1.02537	0.00196879
1867	1861	1.02537	0.00196879
1867	1862	1.02537	0.00196879
1867	1863	1.02537	0.00196879
1867	1864	1.02537	0.00196879
1867	1865	1.02537	0.00196879
1867	1866	1.02537	0.00196879
1867	1867	1.02537	0.00196879
1867	1868	1.02537	0.00196879
1867	1869	1.02537	0.00196879
1867	1870	1.02537	0.00196879
1867	1871	1.02537	0.00196879
1867	1872	1.02537	0.00196879
1867	1873	1.02537	0.00196879
1867	1874	1.02537	0.00196879
1867	1875	1.02537	0.00196879
1867	1876	1.02537	0.00196879
1867	1877	1.02537	0.00196879
1867	1878	1.02537	0.00196879
1867	1879	1.02537	0.00196879
1867	1880	1.02537	0.00196879
1867	1881	1.02537	0.00196879
1867	1882	1.02537	0.00196879
1867	1883	1.02537	0.00196879
1867	1884	1.02537	0.00196879
1867	1885	1.02537	0.00196879
1867	1886	1.02537	0.00196879
1867	1887	1.02537	0.00196879
1867	1888	1.02537	0.00196879
1867	1889	1.02537	0.00196879
1867	1890	1.02537	0.00196879
1867	1891	1.02537	0.00196879
1867	1892	1.02537	0.00196879
1867	1893	1.02537	0.00196879
1867	1894	1.02537	0.00196879
1867	1895	1.02537	0.00196879
1867	1896	1.02537	0.00196879
1867	1897	1.02537	0.00196879
1867	1898	1.02537	0.00196879
1867	1899	1.02537	0.00196879
1867	1900	1.02537	0.00196879
1867	1901	1.02537	0.00196879
1867	1902	1.02537	0.00196879
1867	1903	1.02537	0.00196879
1867	1904	1.02537	0.00196879
1867	1905	1.02537	0.00196879
1867	1906	1.02537	0.00196879
1867	1907	1.02537	0.00196879
1867	1908	1.02537	0.00196879
1867	1909	1.02537	0.00196879
1867	1910	1.02537	0.00196879
1867	1911	1.02537	0.00196879
1867	1912	1.02537	0.00196879
1867	1913	1.02537	0.00196879
1867	1914	1.02537	0.00196879
1867	1915	1.02537	0.00196879
1867	1916	1.02537	0.00196879
1867	1917	1.02537	0.00196879
1867	1918	1.02537	0.00196879
1867	1919	1.02537	0.00196879
1867	1920	1.02537	0.00196879
1867	1921	1.02537	0.00196879
1867	1922	1.02537	0.00196879
1867	1923	1.02537	0.00196879
1867	1924	1.02537	0.00196879
1867	1925	1.02537	0.00196879
1867	1926	1.02537	0.00196879
1867	1927	1.02537	0.00196879
1867	1928	1.02537	0.00196879
1867	1929	1.02537	0.00196879
1867	1930	1.02537	0.00196879
1867	1931	1.02537	0.00196879
1867	1932	1.02537	0.00196879
1867	1933	1.02537	0.00196879
1867	1934	1.02537	0.00196879
1867	1935	1.02537	0.00196879
1867	1936	1.02537	0.00196879
1867	1937	1.02537	0.00196879
1867	1938	1.02537	0.00196879
1867	1939	1.02537	0.00196879
1867	1940	1.02537	0.00196879
1867	1941	1.02537	0.00196879
1867	1942	1.02537	0.00196879
1867	1943	1.02537	0.00196879
1867	1944	1.02537	0.00196879
1867	1945	1.02537	0.00196879
1867	1946	1.02537	0.00196879
1867	1947	1.02537	0.00196879
1867	1948	1.02537	0.00196879
1867	1949	1.02537	0.00196879
1867	1950	1.02537	0.00196879
1867	1951	1.02537	0.00196879
1867	1952	1.02537	0.00196879
1867	1953	1.02537	0.00196879
1867	1954	1.02537	0.00196879
1867	1955	1.02537	0.00196879
1867	1956	1.02537	0.00196879
1867	1957	1.02537	0.00196879
1867	1958	1.02537	0.00196879
1867	1959	1.02537	0.00196879
1867	1960	1.02537	0.00196879
1867	1961	1.02537	0.00196879
1867	1962	1.02537	0.00196879
1867	1963	1.02537	0.00196879
1867	1964	1.02537	0.00196879
1867	1965	1.02537	0.00196879
1867	1966	1.02537	0.00196879
1867	1967	1.02537	0.00196879
1867	1968	1.02537	0.00196879
1867	1969	1.02537	0.00196879
1867	1970	1.02537	0.00196879
1867	1971	1.02537	0.00196879
1867	1972	1.02537	0.00196879
1867	1973	1.02537	0.00196879
1867	1974	1.02537	0.00196879
1867	1975	1.02537	0.00196879
1867	1976	1.02537	0.00196879
1867	1977	1.02537	0.00196879
1867	1978	1.02537	0.00196879
1867	1979	1.02537	0.00196879
1867	1980	1.02537	0.00196879
1867	1981	1.02537	0.00196879
1867	1982	1.02537	0.00196879
1867	1983	1.02537	0.00196879
1867	1984	1.02537	0.00196879
1867	1985	1.02537	0.00196879
1867	1986	1.02537	0.00196879
1867	1987	1.02537	0.00196879
1867	1988	1.02537	0.00196879
1867	1989	1.02537	0.00196879
1867	1990	1.02537	0.00196879
1867	1991	1.02537	0.00196879
1867	1992	1.02537	0.00196879
1867	1993	1.02537	0.00196879
1867	1994	1.02537	0.00196879
1867	1995	1.02537	0.00196879
1867	1996	1.02537	0.00196879
1867	1997	1.02537	0.00196879
1867	1998	1.02537	0.00196879
1867	1999	1.02537	0.00196879
1867	2000	1.02537	0.00196879
1867	2001	1.02537	0.00196879
1867	2002	1.02537	0.00196879
1867	2003	1.02537	0.00196879
1867	2004	1.02537	0.00196879
1867	2005	1.02537	0.00196879
1867	2006	1.02537	0.00196879
1867	2007	1.02537	0.00196879
1867	2008	1.02537	0.00196879
1867	2009	1.02537	0.00196879
1867	2010	1.02537	0.00196879
1867	2011	1.02537	0.00196879
1867	2012	1.02537	0.00196879
1867	2013	1.02537	0.00196879
1867	2014	1.02537	0.00196879
1867	2015	1.02537	0.00196879
1867	2016	1.02537	0.00196879
1867	2017	1.02537	0.00196879
1867	2018	1.02537	0.00196879
1867	2019	1.02537	0.00196879
1867	2020	1.02537	0.00196879
1867	2021	1.02537	0.00196879
1867	2022	1.02537	0.00196879
1867	2023	1.02537	0.00196879
1867	2024	1.02537	0.00196879
1867	2025	1.02537	0.00196879
1867	2026	1.02537	0.00196879
1867	2027	1.02537	0.00196879
1867	2028	1.02537	0.00196879
1867	2029	1.02537	0.00196879
1867	2030	1.02537	0.00196879
1867	2031	1.02537	0.00196879
1867	2032	1.02537	0.00196879
1867	2033	1.02537	0.00196879
1867	2034	1.02537	0.00196879
1867	2035	1.02537	0.00196879
1867	2036	1.02537	0.00196879
1867	2037	1.02537	0.00196879
1867	2038	1.02537	0.00196879
1867	2039	1.02537	0.00196879
1867	2040	1.02537	0.00196879
1867	2041	1.02537	0.00196879
1867	2042	1.02537	0.00196879
1867	2043	1.02537	0.00196879
1867	2044	1.02537	0.00196879
1867	2045	1.02537	0.00196879
1867	2046	1.02537	0.00196879
1867	2047	1.02537	0.00196879
1867	2048	1.02537	0.00196879
1867	2049	1.02537	0.00196879
1867	2050	1.02537	0.00196879
1867	2051	1.02537	0.00196879
1867	2052	1.02537	0.00196879
1867	2053	1.02537	0.00196879
1867	2054	1.02537	0.00196879
1867	2055	1.02537	0.00196879
1867	2056	1.02537	0.00196879
1867	2057	1.02537	0.00196879
1867	2058	1.02537	0.00196879
1867	2059	1.02537	0.00196879
1867	2060	1.02537	0.00196879
1867	2061	1.02537	0.00196879
1867	2062	1.02537	0.00196879
1867	2063	1.02537	0.00196879
1867	2064	1.02537	0.00196879
1867	2065	1.02537	0.00196879
1867	2066	1.02537	0.00196879
1867	2067	1.02537	0.00196879
1867	2068	1.02537	0.00196879
1867	2069	1.02537	0.00196879
1867	2070	1.02537	0.00196879
1867	2071	1.02537	0.00196879
1867	2072	1.02537	0.00196879
1867	2073	1.02537	0.00196879
1867	2074	1.02537	0.00196879
1867	2075	1.02537	0.00196879
1867	2076	1.02537	0.00196879
1867	2077	1.02537	0.00196879
1867	2078	1.02537	0.00196879
1867	2079	1.02537	0.00196879
1867	2080	1.02537	0.00196879
1867	2081	1.02537	0.00196879
1867	2082	1.02537	0.00196879
1867	2083	1.02537	0.00196879
1867	2084	1.02537	0.00196879
1867	2085	1.02537	0.00196879
1867	2086	1.02537	0.00196879
1867	2087	1.02537	0.00196879
1867	2088	1.02537	0.00196879
1867	2089	1.02537	0.00196879
1867	2090	1.02537	0.00196879
1867	2091	1.02537	0.00196879
1867	2092	1.02537	0.00196879
1867	2093	1.02537	0.00196879
1867	2094	1.02537	0.00196879
1867	2095	1.02537	0.00196879
1867	2096	1.02537	0.00196879
1867	2097	1.02537	0.00196879
1867	2098	1.02537	0.00196879
1867	2099	1.02537	0.00196879
1867	2100	1.02537	0.00196879
1867	2101	1.02537	0.00196879
1867	2102	1.02537	0.00196879
1867	2103	1.02537	0.00196879
1867	2104	1.02537	0.00196879
1867	2105	1.02537	0.00196879
1867	2106	1.02537	0.00196879
1867	2107	1.02537	0.00196879
1867	2108	1.02537	0.00196879
1867	2109	1.02537	0.00196879
1867	2110	1.02537	0.00196879
1867	2111	1.02537	0.00196879
1867	2112	1.02537	0.00196879
1867	2113	1.02537	0.00196879
1867	2114	1.02537	0.00196879
1867	2115	1.02537	0.00196879
1867	2116	1.02537	0.00196879
1867	2117	1.02537	0.00196879
1867	2118	1.02537	0.00196879
1867	2119	1.02537	0.00196879
1867	2120	1.02537	0.00196879
1867	2121	1.02537	0.00196879
1867	2122	1.02537	0.00196879
1867	2123	1.02537	0.00196879
1867	2124	1.02537	0.00196879
1867	2125	1.02537	0.00196879
1867	2126	1.02537	0.00196879
1867	2127	1.02537	0.00196879
1867	2128	1.02537	0.00196879
1867	2129	1.02537	0.00196879
1867	2130	1.02537	0.00196879
1867	2131	1.02537	0.00196879
1867	2132	1.02537	0.00196879
1867	2133	1.02537	0.00196879
1867	2134	1.02537	0.00196879
1867	2135	1.02537	0.00196879
1867	2136	1.02537	0.00196879
1867	2137	1.02537	0.00196879
1867	2138	1.02537	0.00196879
1867	2139	1.02537	0.00196879
1867	2140	1.02537	0.00196879
1867	2141	1.02537	0.00196879
1867	2142	1.02537	0.00196879
1867	2143	1.02537	0.00196879
1867	2144	1.02537	0.00196879
1867	2145	1.02537	0.00196879
1867	2146	1.02537	0.00196879
1867	2147	1.02537	0.00196879
1867	2148	1.02537	0.00196879
1867	2149	1.02537	0.00196879
1867	2150	1.02537	0.00196879
1867	2151	1.02537	0.00196879
1867	2152	1.02537	0.00196879
1867	2153	1.02537	0.00196879
1867	2154	1.02537	0.00196879
1867	2155	1.02537	0.00196879
1867	2156	1.02537	0.00196879
1867	2157	1.02537	0.00196879
1867	2158	1.02537	0.00196879
1867	2159	1.02537	0.00196879
1867	2160	1.02537	0.00196879
1867	2161	1.02537	0.00196879
1867	2162	1.02537	0.00196879
1867	2163	1.02537	0.00196879
1867	2164	1.02537	0.00196879
1867	2165	1.02537	0.00196879
1867	2166	1.02537	0.00196879
1867	2167	1.02537	0.00196879
1867	2168	1.02537	0.00196879
1867	2169	1.02537	0.00196879
1867	2170	1.02537	0.00196879
1867	2171	1.02537	0.00196879
1867	2172	1.02537	0.00196879
1867	2173	1.02537	0.00196879
1867	2174	1.02537	0.00196879
1867	2175	1.02537	0.00196879
1867	2176	1.02537	0.00196879
1867	2177	1.02537	0.00196879
1867	2178	1.02537	0.00196879
1867	2179	1.02537	0.00196879
1867	2180	1.02537	0.00196879
1867	2181	1.02537	0.00196879
1867	2182	1.02537	0.00196879
1867	2183	1.02537	0.00196879
1867	2184	1.02537	0.00196879
1867	2185	1.02537	0.00196879
1867	2186	1.02537	0.00196879
1867	2187	1.02537	0.00196879
1867	2188	1.02537	0.00196879
1867	2189	1.02537	0.00196879
1867	2190	1.02537	0.00196879
1867	2191	1.02537	0.00196879
1867	2192	1.02537	0.00196879
1867	2193	1.02537	0.00196879
1867	2194	1.02537	0.00196879
1867	2195	1.02537	0.00196879
1867	2196	1.02537	0.00196879
1867	2197	1.02537	0.00196879
1867	2198	1.02537	0.00196879
1867	2199	1.02537	0.00196879
1867	2200	1.02537	0.00196879
1867	2201	1.02537	0.00196879
1867	2202	1.02537	0.00196879
1867	2203	1.02537	0.00196879
1867	2204	1.02537	0.00196879
1867	2205	1.02537	0.00196879
1867	2206	1.02537	0.00196879
1867	2207	1.02537	0.00196879
1867	2208	1.02537	0.00196879
1867	2209	1.02537	0.00196879
1867	2210	1.02537	0.00196879
1867	2211	1.02537	0.00196879
1867	2212	1.02537	0.00196879
1867	2213	1.02537	0.00196879
1867	2214	1.02537	0.00196879
1867	2215	1.02537	0.00196879
1867	2216	1.02537	0.00196879
1867	2217	1.02537	0.00196879
1867	2218	1.02537	0.00196879
1867	2219	1.02537	0.00196879
1867	2220	1.02537	0.00196879
1867	2221	1.02537	0.00196879
1867	2222	1.02537	0.00196879
1867	2223	1.02537	0.00196879
1867	2224	1.02537	0.00196879
1867	2225	1.02537	0.00196879
1867	2226	1.02537	0.00196879
1867	2227	1.02537	0.00196879
1867	2228	1.02537	0.00196879
1867	2229	1.02537	0.00196879
1867	2230	1.02537	0.00196879
1867	2231	1.02537	0.00196879
1867	2232	1.02537	0.00196879
1867	2233	1.02537	0.00196879
1867	2234	1.02537	0.00196879
1867	2235	1.02537	0.00196879
1867	2236	1.02537	0.00196879
1867	2237	1.02537	0.00196879
1867	2238	1.02537	0.00196879
1867	2239	1.02537	0.00196879
1867	2240	1.02537	0.00196879
1867	2241	1.02537	0.00196879
1867	2242	1.02537	0.00196879
1867	2243	1.02537	0.00196879
1867	2244	1.02537	0.00196879
1867	2245	1.02537	0.00196879
1867	2246	1.02537	0.00196879
1867	2247	1.02537	0.00196879
1867	2248	1.02537	0.00196879
1867	2249	1.02537	0.00196879
1867	2250	1.02537	0.00196879
1867	2251	1.02537	0.00196879
1867	2252	1.02537	0.00196879
1867	2253	1.02537	0.00196879
1867	2254	1.02537	0.00196879
1867	2255	1.02537	0.00196879
1867	2256	1.02537	0.00196879
1867	2257	1.02537	0.00196879
1867	2258	1.02537	0.00196879
1867	2259	1.02537	0.00196879
1867	2260	1.02537	0.00196879
1867	2261	1.02537	0.00196879
1867	2262	1.02537	0.00196879
1867	2263	1.02537	0.00196879
1867	2264	1.02537	0.00196879
1867	2265	1.02537	0.00196879
1867	2266	1.02537	0.00196879
1867	2267	1.02537	0.00196879
1867	2268	1.02537	0.00196879
1867	2269	1.02537	0.00196879
1867	2270	1.02537	0.00196879
1867	2271	1.02537	0.00196879
1867	2272	1.02537	0.00196879
1867	2273	1.02537	0.00196879
1867	2274	1.02537	0.00196879
1867	2275	1.02537	0.00196879
1867	2276	1.02537	0.00196879
1867	2277	1.02537	0.00196879
1867	2278	1.02537	0.00196879
1867	2279	1.02537	0.00196879
1867	2280	1.02537	0.00196879
1867	2281	1.02537	0.00196879
1867	2282	1.02537	0.00196879
1867	2283	1.02537	0.00196879
1867	2284	1.02537	0.00196879
1867	2285	1.02537	0.00196879
1867	2286	1.02537	0.00196879
1867	2287	1.02537	0.00196879
1867	2288	1.02537	0.00196879
1867	2289	1.02537	0.00196879
1867	2290	1.02537	0.00196879
1867	2291	1.02537	0.00196879
1867	2292	1.02537	0.00196879
1867	2293	1.02537	0.00196879
1867	2294	1.02537	0.00196879
1867	2295	1.02537	0.00196879
1867	2296	1.02537	0.00196879
1867	2297	1.02537	0.00196879
1867	2298	1.02537	0.00196879
1867	2299	1.02537	0.00196879
1867	2300	1.02537	0.00196879
1867	2301	1.02537	0.00196879
1867	2302	1.02537	0.00196879
1867	2303	1.02537	0.00196879
1867	2304	1.02537	0.00196879
1867	2305	1.02537	0.00196879
1867	2306	1.02537	0.00196879
1867	2307	1.02537	0.00196879
1867	2308	1.02537	0.00196879
1867	2309	1.02537	0.00196879
1867	2310	1.02537	0.00196879
1867	2311	1.02537	0.00196879
1867	2312	1.02537	0.00196879
1867	2313	1.02537	0.00196879
1867	2314	1.02537	0.00196879
1867	2315	1.02537	0.00196879
1867	2316	1.02537	0.00196879
1867	2317	1.02537	0.00196879
1867	2318	1.02537	0.00196879
1867	2319	1.02537	0.00196879
1867	2320	1.02537	0.00196879
1867	2321	1.02537	0.00196879
1867	2322	1.02537	0.00196879
1867	2323	1.02537	0.00196879
1867	2324	1.02537	0.00196879
1867	2325	1.02537	0.00196879
1867	2326	1.02537	0.00196879
1867	2327	1.02537	0.00196879
1867	2328	1.02537	0.00196879
1867	2329	1.02537	0.00196879
1867	2330	1.02537	0.00196879
1867	2331	1.02537	0.00196879
1867	2332	1.02537	0.00196879
1867	2333	1.02537	0.00196879
1867	2334	1.02537	0.00196879
1867	2335	1.02537	0.00196879
1867	2336	1.02537	0.00196879
1867	2337	1.02537	0.00196879
1867	2338	1.02537	0.00196879
1867	2339	1.02537	0.00196879
1867	2340	1.02537	0.00196879
1867	2341	1.02537	0.00196879
1867	2342	1.02537	0.00196879
1867	2343	1.02537	0.00196879
1867	2344	1.02537	0.00196879
1867	2345	1.02537	0.00196879
1867	2346	1.02537	0.00196879
1867	2347	1.02537	0.00196879
1867	2348	1.02537	0.00196879
1867	2349	1.02537	0.00196879
1867	2350	1.02537	0.00196879
1867	2351	1.02537	0.00196879
1867	2352	1.02537	0.00196879
1867	2353	1.02537	0.00196879
1867	2354	1.02537	0.00196879
1867	2355	1.02537	0.00196879
1867	2356	1.02537	0.00196879
1867	2357	1.02537	0.00196879
1867	2358	1.02537	0.00196879
1867	2359	1.02537	0.00196879
1867	2360	1.02537	0.00196879
1867	2361	1.02537	0.00196879
1867	2362	1.02537	0.00196879
1867	2363	1.02537	0.00196879
1867	2364	1.02537	0.00196879
1867	2365	1.02537	0.00196879
1867	2366	1.02537	0.00196879
1867	2367	1.02537	0.00196879
1867	2368	1.02537	0.00196879
1867	2369	1.02537	0.00196879
1867	2370	1.02537	0.00196879
1867	2371	1.02537	0.00196879
1867	2372	1.02537	0.00196879
1867	2373	1.02537	0.00196879
1867	2374	1.02537	0.00196879
1867	2375	1.02537	0.00196879
1867	2376	1.02537	0.00196879
1867	2377	1.02537	0.00196879
1867	2378	1.02537	0.00196879
1867	2379	1.02537	0.00196879
1867	2380	1.02537	0.00196879
1867	2381	1.02537	0.00196879
1867	2382	1.02537	0.00196879
1867	2383	1.02537	0.00196879
1867	2384	1.02537	0.00196879
1867	2385	1.02537	0.00196879
1867	2386	1.02537	0.00196879
1867	2387	1.02537	0.00196879
1867	2388	1.02537	0.00196879
1867	2389	1.02537	0.00196879
1867	2390	1.02537	0.00196879
1867	2391	1.02537	0.00196879
1867	2392	1.02537	0.00196879
1867	2393	1.02537	0.00196879
1867	2394	1.02537	0.00196879
1867	2395	1.02537	0.00196879
1867	2396	1.02537	0.00196879
1867	2397	1.02537	0.00196879
1867	2398	1.02537	0.00196879
1867	2399	1.02537	0.00196879
1867	2400	1.02537	0.00196879
1867	2401	1.02537	0.00196879
1867	2402	1.02537	0.00196879
1867	2403	1.02537	0.00196879
1867	2404	1.02537	0.00196879
1867	2405	1.02537	0.00196879
1867	2406	1.02537	0.00196879
1867	2407	1.02537	0.00196879
1867	2408	1.02537	0.00196879
1867	2409	1.02537	0.00196879
1867	2410	1.02537	0.00196879
1867	2411	1.02537	0.00196879
1867	2412	1.02537	0.00196879
1867	2413	1.02537	0.00196879
1867	2414	1.02537	0.00196879
1867	2415	1.02537	0.00196879
1867	2416	1.02537	0.00196879
1867	2417	1.02537	0.00196879
1867	2418	1.02537	0.00196879
1867	2419	1.02537	0.00196879
1867	2420	1.02537	0.00196879
1867	2421	1.02537	0.00196879
1867	2422	1.02537	0.00196879
1867	2423	1.02537	0.00196879
1867	2424	1.02537	0.00196879
1867	2425	1.02537	0.00196879
1867	2426	1.02537	0.00196879
1867	2427	1.02537	0.00196879
1867	2428	1.02537	0.00196879
1867	2429	1.02537	0.00196879
1867	2430	1.02537	0.00196879
1867	2431	1.02537	0.00196879
1867	2432	1.02537	0.00196879
1867	2433	1.02537	0.00196879
1867	2434	1.02537	0.00196879
1867	2435	1.02537	0.00196879
1867	2436	1.02537	0.00196879
1867	2437	1.02537	0.00196879
1867	2438	1.02537	0.00196879
1867	2439	1.02537	0.00196879
1867	2440	1.02537	0.00196879
1867	2441	1.02537	0.00196879
1867	2442	1.02537	0.00196879
1867	2443	1.02537	0.00196879
1867	2444	1.02537	0.00196879
1867	2445	1.02537	0.00196879
1867	2446	1.02537	0.00196879
1867	2447	1.02537	0.00196879
1867	2448	1.02537	0.00196879
1867	2449	1.02537	0.00196879
1867	2450	1.02537	0.00196879
1867	2451	1.02537	0.00196879
1867	2452	1.02537	0.00196879
1867	2453	1.02537	0.00196879
1867	2454	1.02537	0.00196879
1867	2455	1.02537	0.00196879
1867	2456	1.02537	0.00196879
1867	2457	1.02537	0.00196879
1867	2458	1.02537	0.00196879
1867	2459	1.02537	0.00196879
1867	2460	1.02537	0.00196879
1867	2461	1.02537	0.00196879
1867	2462	1.02537	0.00196879
1867	2463	1.02537	0.00196879
1867	2464	1.02537	0.00196879
1867	2465	1.02537	0.00196879
1867	2466	1.02537	0.00196879
1867	2467	1.02537	0.00196879
1867	2468	1.02537	0.00196879
1867	2469	1.02537	0.00196879
1867	2470	1.02537	0.00196879
1867	2471	1.02537	0.00196879
1867	2472	1.02537	0.00196879
1867	2473	1.02537	0.00196879
1867	2474	1.02537	0.00196879
1867	2475	1.02537	0.00196879
1867	2476	1.02537	0.00196879
1867	2477	1.02537	0.00196879
1867	2478	1.02537	0.00196879
1867	2479	1.02537	0.00196879
1867	2480	1.02537	0.00196879
1867	2481	1.02537	0.00196879
1867	2482	1.02537	0.00196879
1867	2483	1.02537	0.00196879
1867	2484	1.02537	0.00196879
1867	2485	1.02537	0.00196879
1867	2486	1.02537	0.00196879
1867	2487	1.02537	0.00196879
1867	2488	1.02537	0.00196879
1867	2489	1.02537	0.00196879
1867	2490	1.02537	0.00196879
1867	2491	1.02537	0.00196879
1867	2492	1.02537	0.00196879
1867	2493	1.02537	0.00196879
1867	2494	1.02537	0.00196879
1867	2495	1.02537	0.00196879
1867	2496	1.02537	0.00196879
1867	2497	1.02537	0.00196879
1867	2498	1.02537	0.00196879
1867	2499	1.02537	0.00196879
1867	2500	1.02537	0.00196879
1867	2501	1.02537	0.00196879
1867	2502	1.02537	0.00196879
1867	2503	1.02537	0.00196879
1867	2504	1.02537	0.00196879
1867	2505	1.02537	0.00196879
1867	2506	1.02537	0.00196879
1867	2507	1.02537	0.00196879
1867	2508	1.02537	0.00196879
1867	2509	1.02537	0.00196879
1867	2510	1.02537	0.00196879
1867	2511	1.02537	0.00196879
1867	2512	1.02537	0.00196879
1867	2513	1.02537	0.00196879
1867	2514	1.02537	0.00196879
1867	2515	1.02537	0.00196879
1867	2516	1.02537	0.00196879
1867	2517	1.02537	0.00196879
1867	2518	1.02537	0.00196879
1867	2519	1.02537	0.00196879
1867	2520	1.02537	0.00196879
1867	2521	1.02537	0.00196879
1867	2522	1.02537	0.00196879
1867	2523	1.02537	0.00196879
1867	2524	1.02537	0.00196879
1867	2525	1.02537	0.00196879
1867	2526	1.02537	0.00196879
1867	2527	1.02537	0.00196879
1867	2528	1.02537	0.00196879
1867	2529	1.02537	0.00196879
1867	2530	1.02537	0.00196879
1867	2531	1.02537	0.00196879
1867	2532	1.02537	0.00196879
1867	2533	1.02537	0.00196879
1867	2534	1.02537	0.00196879
1867	2535	1.02537	0.00196879
1867	2536	1.02537	0.00196879
1867	2537	1.02537	0.00196879
1867	2538	1.02537	0.00196879
1867	2539	1.02537	0.00196879
1867	2540	1.02537	0.00196879
1867	2541	1.02537	0.00196879
1867	2542	1.02537	0.00196879
1867	2543	1.02537	0.00196879
1867	2544	1.02537	0.00196879
1867	2545	1.02537	0.00196879
1867	2546	1.02537	0.00196879
1867	2547	1.02537	0.00196879
1867	2548	1.02537	0.00196879
1867	2549	1.02537	0.00196879
1867	2550	1.02537	0.00196879
1867	2551	1.02537	0.00196879
1867	2552	1.02537	0.00196879
1867	2553	1.02537	0.00196879
1867	2554	1.02537	0.00196879
1867	2555	1.02537	0.00196879
1867	2556	1.02537	0.00196879
1867	2557	1.02537	0.00196879
1867	2558	1.02537	0.00196879
1867	2559	1.02537	0.00196879
1867	2560	1.02537	0.00196879
1867	2561	1.02537	0.00196879
1867	2562	1.02537	0.00196879
1867	2563	1.02537	0.00196879
1867	2564	1.02537	0.00196879
1867	2565	1.02537	0.00196879
1867	2566	1.02537	0.00196879
1867	2567	1.02537	0.00196879
1867	2568	1.02537	0.00196879
1867	2569	1.02537	0.00196879
1867	2570	1.02537	0.00196879
1867	2571	1.02537	0.00196879
1867	2572	1.02537	0.00196879
1867	2573	1.02537	0.00196879
1867	2574	1.02537	0.00196879
1867	2575	1.02537	0.00196879
1867	2576	1.02537	0.00196879
1867	2577	1.02537	0.00196879
1867	2578	1.02537	0.00196879
1867	2579	1.02537	0.00196879
1867	2580	1.02537	0.00196879
1867	2581	1.02537	0.00196879
1867	2582	1.02537	0.00196879
1867	2583	1.02537	0.00196879
1867	2584	1.02537	0.00196879
1867	2585	1.02537	0.00196879
1867	2586	1.02537	0.00196879
1867	2587	1.02537	0.00196879
1867	2588	1.02537	0.00196879
1867	2589	1.02537	0.00196879
1867	2590	1.02537	0.00196879
1867	2591	1.02537	0.00196879
1867	2592	1.02537	0.00196879
1867	2593	1.02537	0.00196879
1867	2594	1.02537	0.00196879
1867	2595	1.02537	0.00196879
1867	2596	1.02537	0.00196879
1867	2597	1.02537	0.00196879
1867	2598	1.02537	0.00196879
1867	2599	1.02537	0.00196879
1867	2600	1.02537	0.00196879
1867	2601	1.02537	0.00196879
1867	2602	1.02537	0.00196879
1867	2603	1.02537	0.00196879
1867	2604	1.02537	0.00196879
1867	2605	1.02537	0.00196879
1867	2606	1.02537	0.00196879
1867	2607	1.02537	0.00196879
1867	2608	1.02537	0.00196879
1867	2609	1.02537	0.00196879
1867	2610	1.02537	0.00196879
1867	2611	1.02537	0.00196879
1867	2612	1.02537	0.00196879
1867	2613	1.02537	0.00196879
1867	2614	1.02537	0.00196879
1867	2615	1.02537	0.00196879
1867	2616	1.02537	0.00196879
1867	2617	1.02537	0.00196879
1867	2618	1.02537	0.00196879
1867	2619	1.02537	0.00196879
1867	2620	1.02537	0.00196879
1867	2621	1.02537	0.00196879
1867	2622	1.02537	0.00196879
1867	2623	1.02537	0.00196879
1867	2624	1.02537	0.00196879
1867	2625	1.02537	0.00196879
1867	2626	1.02537	0.00196879
1867	2627	1.02537	0.00196879
1867	2628	1.02537	0.00196879
1867	2629	1.02537	0.00196879
1867	2630	1.02537	0.00196879
1867	2631	1.02537	0.00196879
1867	2632	1.02537	0.00196879
1867	2633	1.02537	0.00196879
1867	2634	1.02537	0.00196879
1867	2635	1.02537	0.00196879
1867	2636	1.02537	0.00196879
1867	2637	1.02537	0.00196879
1867	2638	1.02537	0.00196879
1867	2639	1.02537	0.00196879
1867	2640	1.02537	0.00196879
1867	2641	1.02537	0.00196879
1867	2642	1.02537	0.00196879
1867	2643	1.02537	0.00196879
1867	2644	1.02537	0.00196879
1867	2645	1.02537	0.00196879
1867	2646	1.02537	0.00196879
1867	2647	1.02537	0.00196879
1867	2648	1.02537	0.00196879
1867	2649	1.02537	0.00196879
1867	2650	1.02537	0.00196879
1867	2651	1.02537	0.00196879
1867	2652	1.02537	0.00196879
1867	2653	1.02537	0.00196879
1867	2654	1.02537	0.00196879
1867	2655	1.02537	0.00196879
1867	2656	1.02537	0.00196879
1867	2657	1.02537	0.00196879
1867	2658	1.02537	0.00196879
1867	2659	1.02537	0.00196879
1867	2660	1.02537	0.00196879
1867	2661	1.02537	0.00196879
1867	2662	1.02537	0.00196879
1867	2663	1.02537	0.00196879
1867	2664	1.02537	0.00196879
1867	2665	1.02537	0.00196879
1867	2666	1.02537	0.00196879
1867	2667	1.02537	0.00196879
1867	2668	1.02537	0.00196879
1867	2669	1.02537	0.00196879
1867	2670	1.02537	0.00196879
1867	2671	1.02537	0.00196879
1867	2672	1.02537	0.00196879
1867	2673	1.02537	0.00196879
1867	2674	1.02537	0.00196879
1867	2675	1.02537	0.00196879
1867	2676	1.02537	0.00196879
1867	2677	1.02537	0.00196879
1867	2678	1.02537	0.00196879
1867	2679	1.02537	0.00196879
1867	2680	1.02537	0.00196879
1867	2681	1.02537	0.00196879
1867	2682	1.02537	0.00196879
1867	2683	1.02537	0.00196879
1867	2684	1.02537	0.00196879
1867	2685	1.02537	0.00196879
1867	2686	1.02537	0.00196879
1867	2687	1.02537	0.00196879
1867	2688	1.02537	0.00196879
1867	2689	1.02537	0.00196879
1867	2690	1.02537	0.00196879
1867	2691	1.02537	0.00196879
1867	2692	1.02537	0.00196879
1867	2693	1.02537	0.00196879
1867	2694	1.02537	0.00196879
1867	2695	1.02537	0.00196879
1867	2696	1.02537	0.00196879
1867	2697	1.02537	0.00196879
1867	2698	1.02537	0.00196879
1867	2699	1.02537	0.00196879
1867	2700	1.02537	0.00196879
1867	2701	1.02537	0.00196879
1867	2702	1.02537	0.00196879
1867	2703	1.02537	0.00196879
1867	2704	1.02537	0.00196879
1867	2705	1.02537	0.00196879
1867	2706	1.02537	0.00196879
1867	2707	1.02537	0.00196879
1867	2708	1.02537	0.00196879
1867	2709	1.02537	0.00196879
1867	2710	1.02537	0.00196879
1867	2711	1.02537	0.00196879
1867	2712	1.02537	0.00196879
1867	2713	1.02537	0.00196879
1867	2714	1.02537	0.00196879
1867	2715	1.02537	0.00196879
1867	2716	1.02537	0.00196879
1867	2717	1.02537	0.00196879
1867	2718	1.02537	0.00196879
1867	2719	1.02537	0.00196879
1867	2720	1.02537	0.00196879
1867	2721	1.02537	0.00196879
1867	2722	1.02537	0.00196879
1867	2723	1.02537	0.00196879
1867	2724	1.02537	0.00196879
1867	2725	1.02537	0.00196879
1867	2726	1.02537	0.00196879
1867	2727	1.02537	0.00196879
1867	2728	1.02537	0.00196879
1867	2729	1.02537	0.00196879
1867	2730	1.02537	0.00196879
1867	2731	1.02537	0.00196879
1867	2732	1.02537	0.00196879
1867	2733	1.02537	0.00196879
1867	2734	1.02537	0.00196879
1867	2735	1.02537	0.00196879
1867	2736	1.02537	0.00196879
1867	2737	1.02537	0.00196879
1867	2738	1.02537	0.00196879
1867	2739	1.02537	0.00196879
1867	2740	1.02537	0.00196879
1867	2741	1.02537	0.00196879
1867	2742	1.02537	0.00196879
1867	2743	1.02537	0.00196879
1867	2744	1.02537	0.00196879
1867	2745	1.02537	0.00196879
1867	2746	1.02537	0.00196879
1867	2747	1.02537	0.00196879
1867	2748	1.02537	0.00196879
1867	2749	1.02537	0.00196879
1867	2750	1.02537	0.00196879
1867	2751	1.02537	0.00196879
1867	2752	1.02537	0.00196879
1867	2753	1.02537	0.00196879
1867	2754	1.02537	0.00196879
1867	2755	1.02537	0.00196879
1867	2756	1.02537	0.00196879
1867	2757	1.02537	0.00196879
1867	2758	1.02537	0.00196879
1867	2759	1.02537	0.00196879
1867	2760	1.02537	0.00196879
1867	2761	1.02537	0.00196879
1867	2762	1.02537	0.00196879
1867	2763	1.02537	0.00196879
1867	2764	1.02537	0.00196879
1867	2765	1.02537	0.00196879
1867	2766	1.02537	0.00196879
1867	2767	1.02537	0.00196879
1867	2768	1.02537	0.00196879
1867	2769	1.02537	0.00196879
1867	2770	1.02537	0.00196879
1867	2771	1.02537	0.00196879
1867	2772	1.02537	0.00196879
1867	2773	1.02537	0.00196879
1867	2774	1.02537	0.00196879
1867	2775	1.02537	0.00196879
1867	2776	1.02537	0.00196879
1867	2777	1.02537	0.00196879
1867	2778	1.02537	0.00196879
1867	2779	1.02537	0.00196879
1867	2780	1.02537	0.00196879
1867	2781	1.02537	0.00196879
1867	2782	1.02537	0.00196879
1867	2783	1.02537	0.00196879
1867	2784	1.02537	0.00196879
1867	2785	1.02537	0.00196879
1867	2786	1.02537	0.00196879
1867	2787	1.02537	0.00196879
1867	2788	1.02537	0.00196879
1867	2789	1.02537	0.00196879
1867	2790	1.02537	0.00196879
1867	2791	1.02537	0.00196879
1867	2792	1.02537	0.00196879
1867	2793	1.02537	0.00196879
1867	2794	1.02537	0.00196879
1867	2795	1.02537	0.00196879
1867	2796	1.02537	0.00196879
1867	2797	1.02537	0.00196879
1867	2798	1.02537	0.00196879
1867	2799	1.02537	0.00196879
1867	2800	1.02537	0.00196879
1867	2801	1.02537	0.00196879
1867	2802	1.02537	0.00196879
1867	2803	1.02537	0.00196879
1867	2804	1.02537	0.00196879
1867	2805	1.02537	0.00196879
1867	2806	1.02537	0.00196879
1867	2807	1.02537	0.00196879
1867	2808	1.02537	0.00196879
1867	2809	1.02537	0.00196879
1867	2810	1.02537	0.00196879
1867	2811	1.02537	0.00196879
1867	2812	1.02537	0.00196879
1867	2813	1.02537	0.00196879
1867	2814	1.02537	0.00196879
1867	2815	1.02537	0.00196879
1867	2816	1.02537	0.00196879
1867	2817	1.02537	0.00196879
1867	2818	1.02537	0.00196879
1867	2819	1.02537	0.00196879
1867	2820	1.02537	0.00196879
1867	2821	1.02537	0.00196879
1867	2822	1.02537	0.00196879
1867	2823	1.02537	0.00196879
1867	2824	1.02537	0.00196879
1867	2825	1.02537	0.00196879
1867	2826	1.02537	0.00196879
1867	2827	1.02537	0.00196879
1867	2828	1.02537	0.00196879
1867	2829	1.02537	0.00196879
1867	2830	1.02537	0.00196879
1867	2831	1.02537	0.00196879
1867	2832	1.02537	0.00196879
1867	2833	1.02537	0.00196879
1867	2834	1.02537	0.00196879
1867	2835	1.02537	0.00196879
1867	2836	1.02537	0.00196879
1867	2837	1.02537	0.00196879
1867	2838	1.02537	0.00196879
1867	2839	1.02537	0.00196879
1867	2840	1.02537	0.00196879
1867	2841	1.02537	0.00196879
1867	2842	1.02537	0.00196879
1867	2843	1.02537	0.00196879
1867	2844	1.02537	0.00196879
1867	2845	1.02537	0.00196879
1867	2846	1.02537	0.00196879
1867	2847	1.02537	0.00196879
1867	2848	1.02537	0.00196879
1867	2849	1.02537	0.00196879
1867	2850	1.02537	0.00196879
1867	2851	1.02537	0.00196879
1867	2852	1.02537	0.00196879
1867	2853	1.02537	0.00196879
1867	2854	1.02537	0.00196879
1867	2855	1.02537	0.00196879
1867	2856	1.02537	0.00196879
1867	2857	1.02537	0.00196879
1867	2858	1.02537	0.00196879
1867	2859	1.02537	0.00196879
1867	2860	1.02537	0.00196879
1867	2861	1.02537	0.00196879
1867	2862	1.02537	0.00196879
1867	2863	1.02537	0.00196879
1867	2864	1.02537	0.00196879
1867	2865	1.02537	0.00196879
1867	2866	1.02537	0.00196879
1867	2867	1.02537	0.00196879
1867	2868	1.02537	0.00196879
1867	2869	1.02537	0.00196879
1867	2870	1.02537	0.00196879
1867	2871	1.02537	0.00196879
1867	2872	1.02537	0.00196879
1867	2873	1.02537	0.00196879
1867	2874	1.02537	0.00196879
1867	2875	1.02537	0.00196879
1867	2876	1.02537	0.00196879
1867	2877	1.02537	0.00196879
1867	2878	1.02537	0.00196879
1867	2879	1.02537	0.00196879
1867	2880	1.02537	0.00196879
1867	2881	1.02537	0.00196879
1867	2882	1.02537	0.00196879
1867	2883	1.02537	0.00196879
1867	2884	1.02537	0.00196879
1867	2885	1.02537	0.00196879
1867	2886	1.02537	0.00196879
1867	2887	1.02537	0.00196879
1867	2888	1.02537	0.00196879
1867	2889	1.02537	0.00196879
1867	2890	1.02537	0.00196879
1867	2891	1.02537	0.00196879
1867	2892	1.02537	0.00196879
1867	2893	1.02537	0.00196879
1867	2894	1.02537	0.00196879
1867	2895	1.02537	0.00196879
1867	2896	1.02537	0.00196879
1867	2897	1.02537	0.00196879
1867	2898	1.02537	0.00196879
1867	2899	1.02537	0.00196879
1867	2900	1.02537	0.00196879
1867	2901	1.02537	0.00196879
1867	2902	1.02537	0.00196879
1867	2903	1.02537	0.00196879
1867	2904	1.02537	0.00196879
1867	2905	1.02537	0.00196879
1867	2906	1.02537	0.00196879
1867	2907	1.02537	0.00196879
1867	2908	1.02537	0.00196879
1867	2909	1.02537	0.00196879
1867	2910	1.02537	0.00196879
1867	2911	1.02537	0.00196879
1867	2912	1.02537	0.00196879
1867	2913	1.02537	0.00196879
1867	2914	1.02537	0.00196879
1867	2915	1.02537	0.00196879
1867	2916	1.02537	0.00196879
1867	2917	1.02537	0.00196879
1867	2918	1.02537	0.00196879
1867	2919	1.02537	0.00196879
1867	2920	1.02537	0.00196879
1867	2921	1.02537	0.00196879
1867	2922	1.02537	0.00196879
1867	2923	1.02537	0.00196879
1867	2924	1.02537	0.00196879
1867	2925	1.02537	0.00196879
1867	2926	1.02537	0.00196879
1867	2927	1.02537	0.00196879
1867	2928	1.02537	0.00196879
1867	2929	1.02537	0.00196879
1867	2930	1.02537	0.00196879
1867	2931	1.02537	0.00196879
1867	2932	1.02537	0.00196879
1867	2933	1.02537	0.00196879
1867	2934	1.02537	0.00196879
1867	2935	1.02537	0.00196879
1867	2936	1.02537	0.00196879
1867	2937	1.02537	0.00196879
1867	2938	1.02537	0.00196879
1867	2939	1.02537	0.00196879
1867	2940	1.02537	0.00196879
1867	2941	1.02537	0.00196879
1867	2942	1.02537	0.00196879
1867	2943	1.02537	0.00196879
1867	2944	1.02537	0.00196879
1867	2945	1.02537	0.00196879
1867	2946	1.02537	0.00196879
1867	2947	1.02537	0.00196879
1867	2948	1.02537	0.00196879
1867	2949	1.02537	0.00196879
1867	2950	1.02537	0.00196879
1867	2951	1.02537	0.00196879
1867	2952	1.02537	0.00196879
1867	2953	1.02537	0.00196879
1867	2954	1.02537	0.00196879
1867	2955	1.02537	0.00196879
1867	2956	1.02537	0.00196879
1867	2957	1.02537	0.00196879
1867	2958	1.02537	0.00196879
1867	2959	1.02537	0.00196879
1867	2960	1.02537	0.00196879
1867	2961	1.02537	0.00196879
1867	2962	1.02537	0.00196879
1867	2963	1.02537	0.00196879
1867	2964	1.02537	0.00196879
1867	2965	1.02537	0.00196879
1867	2966	1.02537	0.00196879
1867	2967	1.02537	0.00196879
1867	2968	1.02537	0.00196879
1867	2969	1.02537	0.00196879
1867	2970	1.02537	0.00196879
1867	2971	1.02537	0.00196879
1867	2972	1.02537	0.00196879
1867	2973	1.02537	0.00196879
1867	2974	1.02537	0.00196879
1867	2975	1.02537	0.00196879
1867	2976	1.02537	0.00196879
1867	2977	1.02537	0.00196879
1867	2978	1.02537	0.00196879
1867	2979	1.02537	0.00196879
1867	2980	1.02537	0.00196879
1867	2981	1.02537	0.00196879
1867	2982	1.02537	0.00196879
1867	2983	1.02537	0.00196879
1867	2984	1.02537	0.00196879
1867	2985	1.02537	0.00196879
1867	2986	1.02537	0.00196879
1867	2987	1.02537	0.00196879
1867	2988	1.02537	0.00196879
1867	2989	1.02537	0.00196879
1867	2990	1.02537	0.00196879
1867	2991	1.02537	0.00196879
1867	2992	1.02537	0.00196879
1867	2993	1.02537	0.00196879
1867	2994	1.02537	0.00196879
1867	2995	1.02537	0.00196879
1867	2996	1.02537	0.00196879
1867	2997	1.02537	0.00196879
1867	2998	1.02537	0.00196879
1867	2999	1.02537	0.00196879
1867	3000	1.02537	0.00196879
1867	3001	1.02537	0.00196879
1867	3002	1.02537	0.00196879
1867	3003	1.02537	0.00196879
1867	3004	1.02537	0.00196879
1867	3005	1.02537	0.00196879
1867	3006	1.02537	0.00196879
1867	3007	1.02537	0.00196879
1867	3008	1.02537	0.00196879
1867	3009	1.02537	0.00196879
1867	3010	1.02537	0.00196879
1867	3011	1.02537	0.00196879
1867	3012	1.02537	0.00196879
1867	3013	1.02537	0.00196879
1867	3014	1.02537	0.00196879
1867	3015	1.02537	0.00196879
1867	3016	1.02537	0.00196879
1867	3017	1.02537	0.00196879
1867	3018	1.02537	0.00196879
1867	3019	1.02537	0.00196879
1867	3020	1.02537	0.00196879
1867	3021	1.02537	0.00196879
1867	3022	1.02537	0.00196879
1867	3023	1.02537	0.00196879
1867	3024	1.02537	0.00196879
1867	3025	1.02537	0.00196879
1867	3026	1.02537	0.00196879
1867	3027	1.02537	0.00196879
1867	3028	1.02537	0.00196879
1867	3029	1.02537	0.00196879
1867	3030	1.02537	0.00196879
1867	3031	1.02537	0.00196879
1867	3032	1.02537	0.00196879
1867	3033	1.02537	0.00196879
1867	3034	1.02537	0.00196879
1867	3035	1.02537	0.00196879
1867	3036	1.02537	0.00196879
1867	3037	1.02537	0.00196879
1867	3038	1.02537	0.00196879
1867	3039	1.02537	0.00196879
1867	3040	1.02537	0.00196879
1867	3041	1.02537	0.00196879
1867	3042	1.02537	0.00196879
1867	3043	1.02537	0.00196879
1867	3044	1.02537	0.00196879
1867	3045	1.02537	0.00196879
1867	3046	1.02537	0.00196879
1867	3047	1.02537	0.00196879
1867	3048	1.02537	0.00196879
1867	3049	1.02537	0.00196879
1867	3050	1.02537	0.00196879
1867	3051	1.02537	0.00196879
1867	3052	1.02537	0.00196879
1867	3053	1.02537	0.00196879
1867	3054	1.02537	0.00196879
1867	3055	1.02537	0.00196879
1867	3056	1.02537	0.00196879
1867	3057	1.02537	0.00196879
1867	3058	1.02537	0.00196879
1867	3059	1.02537	0.00196879
1867	3060	1.02537	0.00196879
1867	3061	1.02537	0.00196879
1867	3062	1.02537	0.00196879
1867	3063	1.02537	0.00196879
1867	3064	1.02537	0.00196879
1867	3065	1.02537	0.00196879
1867	3066	1.02537	0.00196879
1867	3067	1.02537	0.00196879
1867	3068	1.02537	0.00196879
1867	3069	1.02537	0.00196879
1867	3070	1.02537	0.00196879
1867	3071	1.02537	0.00196879
1867	3072	1.02537	0.00196879
1867	3073	1.02537	0.00196879
1867	3074	1.02537	0.00196879
1867	3075	1.02537	0.00196879
1867	3076	1.02537	0.00196879
1867	3077	1.02537	0.00196879
1867	3078	1.02537	0.00196879
1867	3079	1.02537	0.00196879
1867	3080	1.02537	0.00196879
1867	3081	1.02537	0.00196879
1867	3082	1.02537	0.00196879
1867	3083	1.02537	0.00196879
1867	3084	1.02537	0.00196879
1867	3085	1.02537	0.00196879
1867	3086	1.02537	0.00196879
1867	3087	1.02537	0.00196879
1867	3088	1.02537	0.00196879
1867	3089	1.02537	0.00196879
1867	3090	1.02537	0.00196879
1867	3091	1.02537	0.00196879
1867	3092	1.02537	0.00196879
1867	3093	1.02537	0.00196879
1867	3094	1.02537	0.00196879
1867	3095	1.02537	0.00196879
1867	3096	1.02537	0.00196879
1867	3097	1.02537	0.00196879
1867	3098	1.02537	0.00196879
1867	3099	1.02537	0.00196879
1867	3100	1.02537	0.00196879
1867	3101	1.02537	0.00196879
1867	3102	1.02537	0.00196879
1867	3103	1.02537	0.00196879
1867	3104	1.02537	0.00196879
1867	3105	1.02537	0.00196879
1867	3106	1.02537	0.00196879
1867	3107	1.02537	0.00196879
1867	3108	1.02537	0.00196879
1867	3109	1.02537	0.00196879
1867	3110	1.02537	0.00196879
1867	3111	1.02537	0.00196879
1867	3112	1.02537	0.00196879
1867	3113	1.02537	0.00196879
1867	3114	1.02537	0.00196879
1867	3115	1.02537	0.00196879
1867	3116	1.02537	0.00196879
1867	3117	1.02537	0.00196879
1867	3118	1.02537	0.00196879
1867	3119	1.02537	0.00196879
1867	3120	1.02537	0.00196879
1867	3121	1.02537	0.00196879
1867	3122	1.02537	0.00196879
1867	3123	1.02537	0.00196879
1867	3124	1.02537	0.00196879
1867	3125	1.02537	0.00196879
1867	3126	1.02537	0.00196879
1867	3127	1.02537	0.00196879
1867	3128	1.02537	0.00196879
1867	3129	1.02537	0.00196879
1867	3130	1.02537	0.00196879
1867	3131	1.02537	0.00196879
1867	3132	1.02537	0.00196879
1867	3133	1.02537	0.00196879
1867	3134	1.02537	0.00196879
1867	3135	1.02537	0.00196879
1867	3136	1.02537	0.00196879
1867	3137	1.02537	0.00196879
1867	3138	1.02537	0.00196879
1867	3139	1.02537	0.00196879
1867	3140	1.02537	0.00196879
1867	3141	1.02537	0.00196879
1867	3142	1.02537	0.00196879
1867	3143	1.02537	0.00196879
1867	3144	1.02537	0.00196879
1867	3145	1.02537	0.00196879
1867	3146	1.02537	0.00196879
1867	3147	1.02537	0.00196879
1867	3148	1.02537	0.00196879
1867	3149	1.02537	0.00196879
1867	3150	1.02537	0.00196879
1867	3151	1.02537	0.00196879
1867	3152	1.02537	0.00196879
1867	3153	1.02537	0.00196879
1867	3154	1.02537	0.00196879
1867	3155	1.02537	0.00196879
1867	3156	1.02537	0.00196879
1867	3157	1.02537	0.00196879
1867	3158	1.02537	0.00196879
1867	3159	1.02537	0.00196879
1867	3160	1.02537	0.00196879
1867	3161	1.02537	0.00196879
1867	3162	1.02537	0.00196879
1867	3163	1.02537	0.00196879
1867	3164	1.02537	0.00196879
1867	3165	1.02537	0.00196879
1867	3166	1.02537	0.00196879
1867	3167	1.02537	0.00196879
1867	3168	1.02537	0.00196879
1867	3169	1.02537	0.00196879
1867	3170	1.02537	0.00196879
1867	3171	1.02537	0.00196879
1867	3172	1.02537	0.00196879
1867	3173	1.02537	0.00196879
1867	3174	1.02537	0.00196879
1867	3175	1.02537	0.00196879
1867	3176	1.02537	0.00196879
1867	3177	1.02537	0.00196879
1867	3178	1.02537	0.00196879
1867	3179	1.02537	0.00196879
1867	3180	1.02537	0.00196879
1867	3181	1.02537	0.00196879
1867	3182	1.02537	0.00196879
1867	3183	1.02537	0.00196879
1867	3184	1.02537	0.00196879
