1853	0	1.01998	0.00197083
1853	1	1.01998	0.00197083
1853	2	1.01998	0.00197083
1853	3	1.01998	0.00197083
1853	4	1.01998	0.00197083
1853	5	1.01998	0.00197083
1853	6	1.01998	0.00197083
1853	7	1.01998	0.00197083
1853	8	1.01998	0.00197083
1853	9	1.01998	0.00197083
1853	10	1.01998	0.00197083
1853	11	1.01998	0.00197083
1853	12	1.01998	0.00197083
1853	13	1.01998	0.00197083
1853	14	1.01998	0.00197083
1853	15	1.01998	0.00197083
1853	16	1.01998	0.00197083
1853	17	1.01998	0.00197083
1853	18	1.01998	0.00197083
1853	19	1.01998	0.00197083
1853	20	1.01998	0.00197083
1853	21	1.01998	0.00197083
1853	22	1.01998	0.00197083
1853	23	1.01998	0.00197083
1853	24	1.01998	0.00197083
1853	25	1.01998	0.00197083
1853	26	1.01998	0.00197083
1853	27	1.01998	0.00197083
1853	28	1.01998	0.00197083
1853	29	1.01998	0.00197083
1853	30	1.01998	0.00197083
1853	31	1.01998	0.00197083
1853	32	1.01998	0.00197083
1853	33	1.01998	0.00197083
1853	34	1.01998	0.00197083
1853	35	1.01998	0.00197083
1853	36	1.01998	0.00197083
1853	37	1.01998	0.00197083
1853	38	1.01998	0.00197083
1853	39	1.01998	0.00197083
1853	40	1.01998	0.00197083
1853	41	1.01998	0.00197083
1853	42	1.01998	0.00197083
1853	43	1.01998	0.00197083
1853	44	1.01998	0.00197083
1853	45	1.01998	0.00197083
1853	46	1.01998	0.00197083
1853	47	1.01998	0.00197083
1853	48	1.01998	0.00197083
1853	49	1.01998	0.00197083
1853	50	1.01998	0.00197083
1853	51	1.01998	0.00197083
1853	52	1.01998	0.00197083
1853	53	1.01998	0.00197083
1853	54	1.01998	0.00197083
1853	55	1.01998	0.00197083
1853	56	1.01998	0.00197083
1853	57	1.01998	0.00197083
1853	58	1.01998	0.00197083
1853	59	1.01998	0.00197083
1853	60	1.01998	0.00197083
1853	61	1.01998	0.00197083
1853	62	1.01998	0.00197083
1853	63	1.01998	0.00197083
1853	64	1.01998	0.00197083
1853	65	1.01998	0.00197083
1853	66	1.01998	0.00197083
1853	67	1.01998	0.00197083
1853	68	1.01998	0.00197083
1853	69	1.01998	0.00197083
1853	70	1.01998	0.00197083
1853	71	1.01998	0.00197083
1853	72	1.01998	0.00197083
1853	73	1.01998	0.00197083
1853	74	1.01998	0.00197083
1853	75	1.01998	0.00197083
1853	76	1.01998	0.00197083
1853	77	1.01998	0.00197083
1853	78	1.01998	0.00197083
1853	79	1.01998	0.00197083
1853	80	1.01998	0.00197083
1853	81	1.01998	0.00197083
1853	82	1.01998	0.00197083
1853	83	1.01998	0.00197083
1853	84	1.01998	0.00197083
1853	85	1.01998	0.00197083
1853	86	1.01998	0.00197083
1853	87	1.01998	0.00197083
1853	88	1.01998	0.00197083
1853	89	1.01998	0.00197083
1853	90	1.01998	0.00197083
1853	91	1.01998	0.00197083
1853	92	1.01998	0.00197083
1853	93	1.01998	0.00197083
1853	94	1.01998	0.00197083
1853	95	1.01998	0.00197083
1853	96	1.01998	0.00197083
1853	97	1.01998	0.00197083
1853	98	1.01998	0.00197083
1853	99	1.01998	0.00197083
1853	100	1.01998	0.00197083
1853	101	1.01998	0.00197083
1853	102	1.01998	0.00197083
1853	103	1.01998	0.00197083
1853	104	1.01998	0.00197083
1853	105	1.01998	0.00197083
1853	106	1.01998	0.00197083
1853	107	1.01998	0.00197083
1853	108	1.01998	0.00197083
1853	109	1.01998	0.00197083
1853	110	1.01998	0.00197083
1853	111	1.01998	0.00197083
1853	112	1.01998	0.00197083
1853	113	1.01998	0.00197083
1853	114	1.01998	0.00197083
1853	115	1.01998	0.00197083
1853	116	1.01998	0.00197083
1853	117	1.01998	0.00197083
1853	118	1.01998	0.00197083
1853	119	1.01998	0.00197083
1853	120	1.01998	0.00197083
1853	121	1.01998	0.00197083
1853	122	1.01998	0.00197083
1853	123	1.01998	0.00197083
1853	124	1.01998	0.00197083
1853	125	1.01998	0.00197083
1853	126	1.01998	0.00197083
1853	127	1.01998	0.00197083
1853	128	1.01998	0.00197083
1853	129	1.01998	0.00197083
1853	130	1.01998	0.00197083
1853	131	1.01998	0.00197083
1853	132	1.01998	0.00197083
1853	133	1.01998	0.00197083
1853	134	1.01998	0.00197083
1853	135	1.01998	0.00197083
1853	136	1.01998	0.00197083
1853	137	1.01998	0.00197083
1853	138	1.01998	0.00197083
1853	139	1.01998	0.00197083
1853	140	1.01998	0.00197083
1853	141	1.01998	0.00197083
1853	142	1.01998	0.00197083
1853	143	1.01998	0.00197083
1853	144	1.01998	0.00197083
1853	145	1.01998	0.00197083
1853	146	1.01998	0.00197083
1853	147	1.01998	0.00197083
1853	148	1.01998	0.00197083
1853	149	1.01998	0.00197083
1853	150	1.01998	0.00197083
1853	151	1.01998	0.00197083
1853	152	1.01998	0.00197083
1853	153	1.01998	0.00197083
1853	154	1.01998	0.00197083
1853	155	1.01998	0.00197083
1853	156	1.01998	0.00197083
1853	157	1.01998	0.00197083
1853	158	1.01998	0.00197083
1853	159	1.01998	0.00197083
1853	160	1.01998	0.00197083
1853	161	1.01998	0.00197083
1853	162	1.01998	0.00197083
1853	163	1.01998	0.00197083
1853	164	1.01998	0.00197083
1853	165	1.01998	0.00197083
1853	166	1.01998	0.00197083
1853	167	1.01998	0.00197083
1853	168	1.01998	0.00197083
1853	169	1.01998	0.00197083
1853	170	1.01998	0.00197083
1853	171	1.01998	0.00197083
1853	172	1.01998	0.00197083
1853	173	1.01998	0.00197083
1853	174	1.01998	0.00197083
1853	175	1.01998	0.00197083
1853	176	1.01998	0.00197083
1853	177	1.01998	0.00197083
1853	178	1.01998	0.00197083
1853	179	1.01998	0.00197083
1853	180	1.01998	0.00197083
1853	181	1.01998	0.00197083
1853	182	1.01998	0.00197083
1853	183	1.01998	0.00197083
1853	184	1.01998	0.00197083
1853	185	1.01998	0.00197083
1853	186	1.01998	0.00197083
1853	187	1.01998	0.00197083
1853	188	1.01998	0.00197083
1853	189	1.01998	0.00197083
1853	190	1.01998	0.00197083
1853	191	1.01998	0.00197083
1853	192	1.01998	0.00197083
1853	193	1.01998	0.00197083
1853	194	1.01998	0.00197083
1853	195	1.01998	0.00197083
1853	196	1.01998	0.00197083
1853	197	1.01998	0.00197083
1853	198	1.01998	0.00197083
1853	199	1.01998	0.00197083
1853	200	1.01998	0.00197083
1853	201	1.01998	0.00197083
1853	202	1.01998	0.00197083
1853	203	1.01998	0.00197083
1853	204	1.01998	0.00197083
1853	205	1.01998	0.00197083
1853	206	1.01998	0.00197083
1853	207	1.01998	0.00197083
1853	208	1.01998	0.00197083
1853	209	1.01998	0.00197083
1853	210	1.01998	0.00197083
1853	211	1.01998	0.00197083
1853	212	1.01998	0.00197083
1853	213	1.01998	0.00197083
1853	214	1.01998	0.00197083
1853	215	1.01998	0.00197083
1853	216	1.01998	0.00197083
1853	217	1.01998	0.00197083
1853	218	1.01998	0.00197083
1853	219	1.01998	0.00197083
1853	220	1.01998	0.00197083
1853	221	1.01998	0.00197083
1853	222	1.01998	0.00197083
1853	223	1.01998	0.00197083
1853	224	1.01998	0.00197083
1853	225	1.01998	0.00197083
1853	226	1.01998	0.00197083
1853	227	1.01998	0.00197083
1853	228	1.01998	0.00197083
1853	229	1.01998	0.00197083
1853	230	1.01998	0.00197083
1853	231	1.01998	0.00197083
1853	232	1.01998	0.00197083
1853	233	1.01998	0.00197083
1853	234	1.01998	0.00197083
1853	235	1.01998	0.00197083
1853	236	1.01998	0.00197083
1853	237	1.01998	0.00197083
1853	238	1.01998	0.00197083
1853	239	1.01998	0.00197083
1853	240	1.01998	0.00197083
1853	241	1.01998	0.00197083
1853	242	1.01998	0.00197083
1853	243	1.01998	0.00197083
1853	244	1.01998	0.00197083
1853	245	1.01998	0.00197083
1853	246	1.01998	0.00197083
1853	247	1.01998	0.00197083
1853	248	1.01998	0.00197083
1853	249	1.01998	0.00197083
1853	250	1.01998	0.00197083
1853	251	1.01998	0.00197083
1853	252	1.01998	0.00197083
1853	253	1.01998	0.00197083
1853	254	1.01998	0.00197083
1853	255	1.01998	0.00197083
1853	256	1.01998	0.00197083
1853	257	1.01998	0.00197083
1853	258	1.01998	0.00197083
1853	259	1.01998	0.00197083
1853	260	1.01998	0.00197083
1853	261	1.01998	0.00197083
1853	262	1.01998	0.00197083
1853	263	1.01998	0.00197083
1853	264	1.01998	0.00197083
1853	265	1.01998	0.00197083
1853	266	1.01998	0.00197083
1853	267	1.01998	0.00197083
1853	268	1.01998	0.00197083
1853	269	1.01998	0.00197083
1853	270	1.01998	0.00197083
1853	271	1.01998	0.00197083
1853	272	1.01998	0.00197083
1853	273	1.01998	0.00197083
1853	274	1.01998	0.00197083
1853	275	1.01998	0.00197083
1853	276	1.01998	0.00197083
1853	277	1.01998	0.00197083
1853	278	1.01998	0.00197083
1853	279	1.01998	0.00197083
1853	280	1.01998	0.00197083
1853	281	1.01998	0.00197083
1853	282	1.01998	0.00197083
1853	283	1.01998	0.00197083
1853	284	1.01998	0.00197083
1853	285	1.01998	0.00197083
1853	286	1.01998	0.00197083
1853	287	1.01998	0.00197083
1853	288	1.01998	0.00197083
1853	289	1.01998	0.00197083
1853	290	1.01998	0.00197083
1853	291	1.01998	0.00197083
1853	292	1.01998	0.00197083
1853	293	1.01998	0.00197083
1853	294	1.01998	0.00197083
1853	295	1.01998	0.00197083
1853	296	1.01998	0.00197083
1853	297	1.01998	0.00197083
1853	298	1.01998	0.00197083
1853	299	1.01998	0.00197083
1853	300	1.01998	0.00197083
1853	301	1.01998	0.00197083
1853	302	1.01998	0.00197083
1853	303	1.01998	0.00197083
1853	304	1.01998	0.00197083
1853	305	1.01998	0.00197083
1853	306	1.01998	0.00197083
1853	307	1.01998	0.00197083
1853	308	1.01998	0.00197083
1853	309	1.01998	0.00197083
1853	310	1.01998	0.00197083
1853	311	1.01998	0.00197083
1853	312	1.01998	0.00197083
1853	313	1.01998	0.00197083
1853	314	1.01998	0.00197083
1853	315	1.01998	0.00197083
1853	316	1.01998	0.00197083
1853	317	1.01998	0.00197083
1853	318	1.01998	0.00197083
1853	319	1.01998	0.00197083
1853	320	1.01998	0.00197083
1853	321	1.01998	0.00197083
1853	322	1.01998	0.00197083
1853	323	1.01998	0.00197083
1853	324	1.01998	0.00197083
1853	325	1.01998	0.00197083
1853	326	1.01998	0.00197083
1853	327	1.01998	0.00197083
1853	328	1.01998	0.00197083
1853	329	1.01998	0.00197083
1853	330	1.01998	0.00197083
1853	331	1.01998	0.00197083
1853	332	1.01998	0.00197083
1853	333	1.01998	0.00197083
1853	334	1.01998	0.00197083
1853	335	1.01998	0.00197083
1853	336	1.01998	0.00197083
1853	337	1.01998	0.00197083
1853	338	1.01998	0.00197083
1853	339	1.01998	0.00197083
1853	340	1.01998	0.00197083
1853	341	1.01998	0.00197083
1853	342	1.01998	0.00197083
1853	343	1.01998	0.00197083
1853	344	1.01998	0.00197083
1853	345	1.01998	0.00197083
1853	346	1.01998	0.00197083
1853	347	1.01998	0.00197083
1853	348	1.01998	0.00197083
1853	349	1.01998	0.00197083
1853	350	1.01998	0.00197083
1853	351	1.01998	0.00197083
1853	352	1.01998	0.00197083
1853	353	1.01998	0.00197083
1853	354	1.01998	0.00197083
1853	355	1.01998	0.00197083
1853	356	1.01998	0.00197083
1853	357	1.01998	0.00197083
1853	358	1.01998	0.00197083
1853	359	1.01998	0.00197083
1853	360	1.01998	0.00197083
1853	361	1.01998	0.00197083
1853	362	1.01998	0.00197083
1853	363	1.01998	0.00197083
1853	364	1.01998	0.00197083
1853	365	1.01998	0.00197083
1853	366	1.01998	0.00197083
1853	367	1.01998	0.00197083
1853	368	1.01998	0.00197083
1853	369	1.01998	0.00197083
1853	370	1.01998	0.00197083
1853	371	1.01998	0.00197083
1853	372	1.01998	0.00197083
1853	373	1.01998	0.00197083
1853	374	1.01998	0.00197083
1853	375	1.01998	0.00197083
1853	376	1.01998	0.00197083
1853	377	1.01998	0.00197083
1853	378	1.01998	0.00197083
1853	379	1.01998	0.00197083
1853	380	1.01998	0.00197083
1853	381	1.01998	0.00197083
1853	382	1.01998	0.00197083
1853	383	1.01998	0.00197083
1853	384	1.01998	0.00197083
1853	385	1.01998	0.00197083
1853	386	1.01998	0.00197083
1853	387	1.01998	0.00197083
1853	388	1.01998	0.00197083
1853	389	1.01998	0.00197083
1853	390	1.01998	0.00197083
1853	391	1.01998	0.00197083
1853	392	1.01998	0.00197083
1853	393	1.01998	0.00197083
1853	394	1.01998	0.00197083
1853	395	1.01998	0.00197083
1853	396	1.01998	0.00197083
1853	397	1.01998	0.00197083
1853	398	1.01998	0.00197083
1853	399	1.01998	0.00197083
1853	400	1.01998	0.00197083
1853	401	1.01998	0.00197083
1853	402	1.01998	0.00197083
1853	403	1.01998	0.00197083
1853	404	1.01998	0.00197083
1853	405	1.01998	0.00197083
1853	406	1.01998	0.00197083
1853	407	1.01998	0.00197083
1853	408	1.01998	0.00197083
1853	409	1.01998	0.00197083
1853	410	1.01998	0.00197083
1853	411	1.01998	0.00197083
1853	412	1.01998	0.00197083
1853	413	1.01998	0.00197083
1853	414	1.01998	0.00197083
1853	415	1.01998	0.00197083
1853	416	1.01998	0.00197083
1853	417	1.01998	0.00197083
1853	418	1.01998	0.00197083
1853	419	1.01998	0.00197083
1853	420	1.01998	0.00197083
1853	421	1.01998	0.00197083
1853	422	1.01998	0.00197083
1853	423	1.01998	0.00197083
1853	424	1.01998	0.00197083
1853	425	1.01998	0.00197083
1853	426	1.01998	0.00197083
1853	427	1.01998	0.00197083
1853	428	1.01998	0.00197083
1853	429	1.01998	0.00197083
1853	430	1.01998	0.00197083
1853	431	1.01998	0.00197083
1853	432	1.01998	0.00197083
1853	433	1.01998	0.00197083
1853	434	1.01998	0.00197083
1853	435	1.01998	0.00197083
1853	436	1.01998	0.00197083
1853	437	1.01998	0.00197083
1853	438	1.01998	0.00197083
1853	439	1.01998	0.00197083
1853	440	1.01998	0.00197083
1853	441	1.01998	0.00197083
1853	442	1.01998	0.00197083
1853	443	1.01998	0.00197083
1853	444	1.01998	0.00197083
1853	445	1.01998	0.00197083
1853	446	1.01998	0.00197083
1853	447	1.01998	0.00197083
1853	448	1.01998	0.00197083
1853	449	1.01998	0.00197083
1853	450	1.01998	0.00197083
1853	451	1.01998	0.00197083
1853	452	1.01998	0.00197083
1853	453	1.01998	0.00197083
1853	454	1.01998	0.00197083
1853	455	1.01998	0.00197083
1853	456	1.01998	0.00197083
1853	457	1.01998	0.00197083
1853	458	1.01998	0.00197083
1853	459	1.01998	0.00197083
1853	460	1.01998	0.00197083
1853	461	1.01998	0.00197083
1853	462	1.01998	0.00197083
1853	463	1.01998	0.00197083
1853	464	1.01998	0.00197083
1853	465	1.01998	0.00197083
1853	466	1.01998	0.00197083
1853	467	1.01998	0.00197083
1853	468	1.01998	0.00197083
1853	469	1.01998	0.00197083
1853	470	1.01998	0.00197083
1853	471	1.01998	0.00197083
1853	472	1.01998	0.00197083
1853	473	1.01998	0.00197083
1853	474	1.01998	0.00197083
1853	475	1.01998	0.00197083
1853	476	1.01998	0.00197083
1853	477	1.01998	0.00197083
1853	478	1.01998	0.00197083
1853	479	1.01998	0.00197083
1853	480	1.01998	0.00197083
1853	481	1.01998	0.00197083
1853	482	1.01998	0.00197083
1853	483	1.01998	0.00197083
1853	484	1.01998	0.00197083
1853	485	1.01998	0.00197083
1853	486	1.01998	0.00197083
1853	487	1.01998	0.00197083
1853	488	1.01998	0.00197083
1853	489	1.01998	0.00197083
1853	490	1.01998	0.00197083
1853	491	1.01998	0.00197083
1853	492	1.01998	0.00197083
1853	493	1.01998	0.00197083
1853	494	1.01998	0.00197083
1853	495	1.01998	0.00197083
1853	496	1.01998	0.00197083
1853	497	1.01998	0.00197083
1853	498	1.01998	0.00197083
1853	499	1.01998	0.00197083
1853	500	1.01998	0.00197083
1853	501	1.01998	0.00197083
1853	502	1.01998	0.00197083
1853	503	1.01998	0.00197083
1853	504	1.01998	0.00197083
1853	505	1.01998	0.00197083
1853	506	1.01998	0.00197083
1853	507	1.01998	0.00197083
1853	508	1.01998	0.00197083
1853	509	1.01998	0.00197083
1853	510	1.01998	0.00197083
1853	511	1.01998	0.00197083
1853	512	1.01998	0.00197083
1853	513	1.01998	0.00197083
1853	514	1.01998	0.00197083
1853	515	1.01998	0.00197083
1853	516	1.01998	0.00197083
1853	517	1.01998	0.00197083
1853	518	1.01998	0.00197083
1853	519	1.01998	0.00197083
1853	520	1.01998	0.00197083
1853	521	1.01998	0.00197083
1853	522	1.01998	0.00197083
1853	523	1.01998	0.00197083
1853	524	1.01998	0.00197083
1853	525	1.01998	0.00197083
1853	526	1.01998	0.00197083
1853	527	1.01998	0.00197083
1853	528	1.01998	0.00197083
1853	529	1.01998	0.00197083
1853	530	1.01998	0.00197083
1853	531	1.01998	0.00197083
1853	532	1.01998	0.00197083
1853	533	1.01998	0.00197083
1853	534	1.01998	0.00197083
1853	535	1.01998	0.00197083
1853	536	1.01998	0.00197083
1853	537	1.01998	0.00197083
1853	538	1.01998	0.00197083
1853	539	1.01998	0.00197083
1853	540	1.01998	0.00197083
1853	541	1.01998	0.00197083
1853	542	1.01998	0.00197083
1853	543	1.01998	0.00197083
1853	544	1.01998	0.00197083
1853	545	1.01998	0.00197083
1853	546	1.01998	0.00197083
1853	547	1.01998	0.00197083
1853	548	1.01998	0.00197083
1853	549	1.01998	0.00197083
1853	550	1.01998	0.00197083
1853	551	1.01998	0.00197083
1853	552	1.01998	0.00197083
1853	553	1.01998	0.00197083
1853	554	1.01998	0.00197083
1853	555	1.01998	0.00197083
1853	556	1.01998	0.00197083
1853	557	1.01998	0.00197083
1853	558	1.01998	0.00197083
1853	559	1.01998	0.00197083
1853	560	1.01998	0.00197083
1853	561	1.01998	0.00197083
1853	562	1.01998	0.00197083
1853	563	1.01998	0.00197083
1853	564	1.01998	0.00197083
1853	565	1.01998	0.00197083
1853	566	1.01998	0.00197083
1853	567	1.01998	0.00197083
1853	568	1.01998	0.00197083
1853	569	1.01998	0.00197083
1853	570	1.01998	0.00197083
1853	571	1.01998	0.00197083
1853	572	1.01998	0.00197083
1853	573	1.01998	0.00197083
1853	574	1.01998	0.00197083
1853	575	1.01998	0.00197083
1853	576	1.01998	0.00197083
1853	577	1.01998	0.00197083
1853	578	1.01998	0.00197083
1853	579	1.01998	0.00197083
1853	580	1.01998	0.00197083
1853	581	1.01998	0.00197083
1853	582	1.01998	0.00197083
1853	583	1.01998	0.00197083
1853	584	1.01998	0.00197083
1853	585	1.01998	0.00197083
1853	586	1.01998	0.00197083
1853	587	1.01998	0.00197083
1853	588	1.01998	0.00197083
1853	589	1.01998	0.00197083
1853	590	1.01998	0.00197083
1853	591	1.01998	0.00197083
1853	592	1.01998	0.00197083
1853	593	1.01998	0.00197083
1853	594	1.01998	0.00197083
1853	595	1.01998	0.00197083
1853	596	1.01998	0.00197083
1853	597	1.01998	0.00197083
1853	598	1.01998	0.00197083
1853	599	1.01998	0.00197083
1853	600	1.01998	0.00197083
1853	601	1.01998	0.00197083
1853	602	1.01998	0.00197083
1853	603	1.01998	0.00197083
1853	604	1.01998	0.00197083
1853	605	1.01998	0.00197083
1853	606	1.01998	0.00197083
1853	607	1.01998	0.00197083
1853	608	1.01998	0.00197083
1853	609	1.01998	0.00197083
1853	610	1.01998	0.00197083
1853	611	1.01998	0.00197083
1853	612	1.01998	0.00197083
1853	613	1.01998	0.00197083
1853	614	1.01998	0.00197083
1853	615	1.01998	0.00197083
1853	616	1.01998	0.00197083
1853	617	1.01998	0.00197083
1853	618	1.01998	0.00197083
1853	619	1.01998	0.00197083
1853	620	1.01998	0.00197083
1853	621	1.01998	0.00197083
1853	622	1.01998	0.00197083
1853	623	1.01998	0.00197083
1853	624	1.01998	0.00197083
1853	625	1.01998	0.00197083
1853	626	1.01998	0.00197083
1853	627	1.01998	0.00197083
1853	628	1.01998	0.00197083
1853	629	1.01998	0.00197083
1853	630	1.01998	0.00197083
1853	631	1.01998	0.00197083
1853	632	1.01998	0.00197083
1853	633	1.01998	0.00197083
1853	634	1.01998	0.00197083
1853	635	1.01998	0.00197083
1853	636	1.01998	0.00197083
1853	637	1.01998	0.00197083
1853	638	1.01998	0.00197083
1853	639	1.01998	0.00197083
1853	640	1.01998	0.00197083
1853	641	1.01998	0.00197083
1853	642	1.01998	0.00197083
1853	643	1.01998	0.00197083
1853	644	1.01998	0.00197083
1853	645	1.01998	0.00197083
1853	646	1.01998	0.00197083
1853	647	1.01998	0.00197083
1853	648	1.01998	0.00197083
1853	649	1.01998	0.00197083
1853	650	1.01998	0.00197083
1853	651	1.01998	0.00197083
1853	652	1.01998	0.00197083
1853	653	1.01998	0.00197083
1853	654	1.01998	0.00197083
1853	655	1.01998	0.00197083
1853	656	1.01998	0.00197083
1853	657	1.01998	0.00197083
1853	658	1.01998	0.00197083
1853	659	1.01998	0.00197083
1853	660	1.01998	0.00197083
1853	661	1.01998	0.00197083
1853	662	1.01998	0.00197083
1853	663	1.01998	0.00197083
1853	664	1.01998	0.00197083
1853	665	1.01998	0.00197083
1853	666	1.01998	0.00197083
1853	667	1.01998	0.00197083
1853	668	1.01998	0.00197083
1853	669	1.01998	0.00197083
1853	670	1.01998	0.00197083
1853	671	1.01998	0.00197083
1853	672	1.01998	0.00197083
1853	673	1.01998	0.00197083
1853	674	1.01998	0.00197083
1853	675	1.01998	0.00197083
1853	676	1.01998	0.00197083
1853	677	1.01998	0.00197083
1853	678	1.01998	0.00197083
1853	679	1.01998	0.00197083
1853	680	1.01998	0.00197083
1853	681	1.01998	0.00197083
1853	682	1.01998	0.00197083
1853	683	1.01998	0.00197083
1853	684	1.01998	0.00197083
1853	685	1.01998	0.00197083
1853	686	1.01998	0.00197083
1853	687	1.01998	0.00197083
1853	688	1.01998	0.00197083
1853	689	1.01998	0.00197083
1853	690	1.01998	0.00197083
1853	691	1.01998	0.00197083
1853	692	1.01998	0.00197083
1853	693	1.01998	0.00197083
1853	694	1.01998	0.00197083
1853	695	1.01998	0.00197083
1853	696	1.01998	0.00197083
1853	697	1.01998	0.00197083
1853	698	1.01998	0.00197083
1853	699	1.01998	0.00197083
1853	700	1.01998	0.00197083
1853	701	1.01998	0.00197083
1853	702	1.01998	0.00197083
1853	703	1.01998	0.00197083
1853	704	1.01998	0.00197083
1853	705	1.01998	0.00197083
1853	706	1.01998	0.00197083
1853	707	1.01998	0.00197083
1853	708	1.01998	0.00197083
1853	709	1.01998	0.00197083
1853	710	1.01998	0.00197083
1853	711	1.01998	0.00197083
1853	712	1.01998	0.00197083
1853	713	1.01998	0.00197083
1853	714	1.01998	0.00197083
1853	715	1.01998	0.00197083
1853	716	1.01998	0.00197083
1853	717	1.01998	0.00197083
1853	718	1.01998	0.00197083
1853	719	1.01998	0.00197083
1853	720	1.01998	0.00197083
1853	721	1.01998	0.00197083
1853	722	1.01998	0.00197083
1853	723	1.01998	0.00197083
1853	724	1.01998	0.00197083
1853	725	1.01998	0.00197083
1853	726	1.01998	0.00197083
1853	727	1.01998	0.00197083
1853	728	1.01998	0.00197083
1853	729	1.01998	0.00197083
1853	730	1.01998	0.00197083
1853	731	1.01998	0.00197083
1853	732	1.01998	0.00197083
1853	733	1.01998	0.00197083
1853	734	1.01998	0.00197083
1853	735	1.01998	0.00197083
1853	736	1.01998	0.00197083
1853	737	1.01998	0.00197083
1853	738	1.01998	0.00197083
1853	739	1.01998	0.00197083
1853	740	1.01998	0.00197083
1853	741	1.01998	0.00197083
1853	742	1.01998	0.00197083
1853	743	1.01998	0.00197083
1853	744	1.01998	0.00197083
1853	745	1.01998	0.00197083
1853	746	1.01998	0.00197083
1853	747	1.01998	0.00197083
1853	748	1.01998	0.00197083
1853	749	1.01998	0.00197083
1853	750	1.01998	0.00197083
1853	751	1.01998	0.00197083
1853	752	1.01998	0.00197083
1853	753	1.01998	0.00197083
1853	754	1.01998	0.00197083
1853	755	1.01998	0.00197083
1853	756	1.01998	0.00197083
1853	757	1.01998	0.00197083
1853	758	1.01998	0.00197083
1853	759	1.01998	0.00197083
1853	760	1.01998	0.00197083
1853	761	1.01998	0.00197083
1853	762	1.01998	0.00197083
1853	763	1.01998	0.00197083
1853	764	1.01998	0.00197083
1853	765	1.01998	0.00197083
1853	766	1.01998	0.00197083
1853	767	1.01998	0.00197083
1853	768	1.01998	0.00197083
1853	769	1.01998	0.00197083
1853	770	1.01998	0.00197083
1853	771	1.01998	0.00197083
1853	772	1.01998	0.00197083
1853	773	1.01998	0.00197083
1853	774	1.01998	0.00197083
1853	775	1.01998	0.00197083
1853	776	1.01998	0.00197083
1853	777	1.01998	0.00197083
1853	778	1.01998	0.00197083
1853	779	1.01998	0.00197083
1853	780	1.01998	0.00197083
1853	781	1.01998	0.00197083
1853	782	1.01998	0.00197083
1853	783	1.01998	0.00197083
1853	784	1.01998	0.00197083
1853	785	1.01998	0.00197083
1853	786	1.01998	0.00197083
1853	787	1.01998	0.00197083
1853	788	1.01998	0.00197083
1853	789	1.01998	0.00197083
1853	790	1.01998	0.00197083
1853	791	1.01998	0.00197083
1853	792	1.01998	0.00197083
1853	793	1.01998	0.00197083
1853	794	1.01998	0.00197083
1853	795	1.01998	0.00197083
1853	796	1.01998	0.00197083
1853	797	1.01998	0.00197083
1853	798	1.01998	0.00197083
1853	799	1.01998	0.00197083
1853	800	1.01998	0.00197083
1853	801	1.01998	0.00197083
1853	802	1.01998	0.00197083
1853	803	1.01998	0.00197083
1853	804	1.01998	0.00197083
1853	805	1.01998	0.00197083
1853	806	1.01998	0.00197083
1853	807	1.01998	0.00197083
1853	808	1.01998	0.00197083
1853	809	1.01998	0.00197083
1853	810	1.01998	0.00197083
1853	811	1.01998	0.00197083
1853	812	1.01998	0.00197083
1853	813	1.01998	0.00197083
1853	814	1.01998	0.00197083
1853	815	1.01998	0.00197083
1853	816	1.01998	0.00197083
1853	817	1.01998	0.00197083
1853	818	1.01998	0.00197083
1853	819	1.01998	0.00197083
1853	820	1.01998	0.00197083
1853	821	1.01998	0.00197083
1853	822	1.01998	0.00197083
1853	823	1.01998	0.00197083
1853	824	1.01998	0.00197083
1853	825	1.01998	0.00197083
1853	826	1.01998	0.00197083
1853	827	1.01998	0.00197083
1853	828	1.01998	0.00197083
1853	829	1.01998	0.00197083
1853	830	1.01998	0.00197083
1853	831	1.01998	0.00197083
1853	832	1.01998	0.00197083
1853	833	1.01998	0.00197083
1853	834	1.01998	0.00197083
1853	835	1.01998	0.00197083
1853	836	1.01998	0.00197083
1853	837	1.01998	0.00197083
1853	838	1.01998	0.00197083
1853	839	1.01998	0.00197083
1853	840	1.01998	0.00197083
1853	841	1.01998	0.00197083
1853	842	1.01998	0.00197083
1853	843	1.01998	0.00197083
1853	844	1.01998	0.00197083
1853	845	1.01998	0.00197083
1853	846	1.01998	0.00197083
1853	847	1.01998	0.00197083
1853	848	1.01998	0.00197083
1853	849	1.01998	0.00197083
1853	850	1.01998	0.00197083
1853	851	1.01998	0.00197083
1853	852	1.01998	0.00197083
1853	853	1.01998	0.00197083
1853	854	1.01998	0.00197083
1853	855	1.01998	0.00197083
1853	856	1.01998	0.00197083
1853	857	1.01998	0.00197083
1853	858	1.01998	0.00197083
1853	859	1.01998	0.00197083
1853	860	1.01998	0.00197083
1853	861	1.01998	0.00197083
1853	862	1.01998	0.00197083
1853	863	1.01998	0.00197083
1853	864	1.01998	0.00197083
1853	865	1.01998	0.00197083
1853	866	1.01998	0.00197083
1853	867	1.01998	0.00197083
1853	868	1.01998	0.00197083
1853	869	1.01998	0.00197083
1853	870	1.01998	0.00197083
1853	871	1.01998	0.00197083
1853	872	1.01998	0.00197083
1853	873	1.01998	0.00197083
1853	874	1.01998	0.00197083
1853	875	1.01998	0.00197083
1853	876	1.01998	0.00197083
1853	877	1.01998	0.00197083
1853	878	1.01998	0.00197083
1853	879	1.01998	0.00197083
1853	880	1.01998	0.00197083
1853	881	1.01998	0.00197083
1853	882	1.01998	0.00197083
1853	883	1.01998	0.00197083
1853	884	1.01998	0.00197083
1853	885	1.01998	0.00197083
1853	886	1.01998	0.00197083
1853	887	1.01998	0.00197083
1853	888	1.01998	0.00197083
1853	889	1.01998	0.00197083
1853	890	1.01998	0.00197083
1853	891	1.01998	0.00197083
1853	892	1.01998	0.00197083
1853	893	1.01998	0.00197083
1853	894	1.01998	0.00197083
1853	895	1.01998	0.00197083
1853	896	1.01998	0.00197083
1853	897	1.01998	0.00197083
1853	898	1.01998	0.00197083
1853	899	1.01998	0.00197083
1853	900	1.01998	0.00197083
1853	901	1.01998	0.00197083
1853	902	1.01998	0.00197083
1853	903	1.01998	0.00197083
1853	904	1.01998	0.00197083
1853	905	1.01998	0.00197083
1853	906	1.01998	0.00197083
1853	907	1.01998	0.00197083
1853	908	1.01998	0.00197083
1853	909	1.01998	0.00197083
1853	910	1.01998	0.00197083
1853	911	1.01998	0.00197083
1853	912	1.01998	0.00197083
1853	913	1.01998	0.00197083
1853	914	1.01998	0.00197083
1853	915	1.01998	0.00197083
1853	916	1.01998	0.00197083
1853	917	1.01998	0.00197083
1853	918	1.01998	0.00197083
1853	919	1.01998	0.00197083
1853	920	1.01998	0.00197083
1853	921	1.01998	0.00197083
1853	922	1.01998	0.00197083
1853	923	1.01998	0.00197083
1853	924	1.01998	0.00197083
1853	925	1.01998	0.00197083
1853	926	1.01998	0.00197083
1853	927	1.01998	0.00197083
1853	928	1.01998	0.00197083
1853	929	1.01998	0.00197083
1853	930	1.01998	0.00197083
1853	931	1.01998	0.00197083
1853	932	1.01998	0.00197083
1853	933	1.01998	0.00197083
1853	934	1.01998	0.00197083
1853	935	1.01998	0.00197083
1853	936	1.01998	0.00197083
1853	937	1.01998	0.00197083
1853	938	1.01998	0.00197083
1853	939	1.01998	0.00197083
1853	940	1.01998	0.00197083
1853	941	1.01998	0.00197083
1853	942	1.01998	0.00197083
1853	943	1.01998	0.00197083
1853	944	1.01998	0.00197083
1853	945	1.01998	0.00197083
1853	946	1.01998	0.00197083
1853	947	1.01998	0.00197083
1853	948	1.01998	0.00197083
1853	949	1.01998	0.00197083
1853	950	1.01998	0.00197083
1853	951	1.01998	0.00197083
1853	952	1.01998	0.00197083
1853	953	1.01998	0.00197083
1853	954	1.01998	0.00197083
1853	955	1.01998	0.00197083
1853	956	1.01998	0.00197083
1853	957	1.01998	0.00197083
1853	958	1.01998	0.00197083
1853	959	1.01998	0.00197083
1853	960	1.01998	0.00197083
1853	961	1.01998	0.00197083
1853	962	1.01998	0.00197083
1853	963	1.01998	0.00197083
1853	964	1.01998	0.00197083
1853	965	1.01998	0.00197083
1853	966	1.01998	0.00197083
1853	967	1.01998	0.00197083
1853	968	1.01998	0.00197083
1853	969	1.01998	0.00197083
1853	970	1.01998	0.00197083
1853	971	1.01998	0.00197083
1853	972	1.01998	0.00197083
1853	973	1.01998	0.00197083
1853	974	1.01998	0.00197083
1853	975	1.01998	0.00197083
1853	976	1.01998	0.00197083
1853	977	1.01998	0.00197083
1853	978	1.01998	0.00197083
1853	979	1.01998	0.00197083
1853	980	1.01998	0.00197083
1853	981	1.01998	0.00197083
1853	982	1.01998	0.00197083
1853	983	1.01998	0.00197083
1853	984	1.01998	0.00197083
1853	985	1.01998	0.00197083
1853	986	1.01998	0.00197083
1853	987	1.01998	0.00197083
1853	988	1.01998	0.00197083
1853	989	1.01998	0.00197083
1853	990	1.01998	0.00197083
1853	991	1.01998	0.00197083
1853	992	1.01998	0.00197083
1853	993	1.01998	0.00197083
1853	994	1.01998	0.00197083
1853	995	1.01998	0.00197083
1853	996	1.01998	0.00197083
1853	997	1.01998	0.00197083
1853	998	1.01998	0.00197083
1853	999	1.01998	0.00197083
1853	1000	1.01998	0.00197083
1853	1001	1.01998	0.00197083
1853	1002	1.01998	0.00197083
1853	1003	1.01998	0.00197083
1853	1004	1.01998	0.00197083
1853	1005	1.01998	0.00197083
1853	1006	1.01998	0.00197083
1853	1007	1.01998	0.00197083
1853	1008	1.01998	0.00197083
1853	1009	1.01998	0.00197083
1853	1010	1.01998	0.00197083
1853	1011	1.01998	0.00197083
1853	1012	1.01998	0.00197083
1853	1013	1.01998	0.00197083
1853	1014	1.01998	0.00197083
1853	1015	1.01998	0.00197083
1853	1016	1.01998	0.00197083
1853	1017	1.01998	0.00197083
1853	1018	1.01998	0.00197083
1853	1019	1.01998	0.00197083
1853	1020	1.01998	0.00197083
1853	1021	1.01998	0.00197083
1853	1022	1.01998	0.00197083
1853	1023	1.01998	0.00197083
1853	1024	1.01998	0.00197083
1853	1025	1.01998	0.00197083
1853	1026	1.01998	0.00197083
1853	1027	1.01998	0.00197083
1853	1028	1.01998	0.00197083
1853	1029	1.01998	0.00197083
1853	1030	1.01998	0.00197083
1853	1031	1.01998	0.00197083
1853	1032	1.01998	0.00197083
1853	1033	1.01998	0.00197083
1853	1034	1.01998	0.00197083
1853	1035	1.01998	0.00197083
1853	1036	1.01998	0.00197083
1853	1037	1.01998	0.00197083
1853	1038	1.01998	0.00197083
1853	1039	1.01998	0.00197083
1853	1040	1.01998	0.00197083
1853	1041	1.01998	0.00197083
1853	1042	1.01998	0.00197083
1853	1043	1.01998	0.00197083
1853	1044	1.01998	0.00197083
1853	1045	1.01998	0.00197083
1853	1046	1.01998	0.00197083
1853	1047	1.01998	0.00197083
1853	1048	1.01998	0.00197083
1853	1049	1.01998	0.00197083
1853	1050	1.01998	0.00197083
1853	1051	1.01998	0.00197083
1853	1052	1.01998	0.00197083
1853	1053	1.01998	0.00197083
1853	1054	1.01998	0.00197083
1853	1055	1.01998	0.00197083
1853	1056	1.01998	0.00197083
1853	1057	1.01998	0.00197083
1853	1058	1.01998	0.00197083
1853	1059	1.01998	0.00197083
1853	1060	1.01998	0.00197083
1853	1061	1.01998	0.00197083
1853	1062	1.01998	0.00197083
1853	1063	1.01998	0.00197083
1853	1064	1.01998	0.00197083
1853	1065	1.01998	0.00197083
1853	1066	1.01998	0.00197083
1853	1067	1.01998	0.00197083
1853	1068	1.01998	0.00197083
1853	1069	1.01998	0.00197083
1853	1070	1.01998	0.00197083
1853	1071	1.01998	0.00197083
1853	1072	1.01998	0.00197083
1853	1073	1.01998	0.00197083
1853	1074	1.01998	0.00197083
1853	1075	1.01998	0.00197083
1853	1076	1.01998	0.00197083
1853	1077	1.01998	0.00197083
1853	1078	1.01998	0.00197083
1853	1079	1.01998	0.00197083
1853	1080	1.01998	0.00197083
1853	1081	1.01998	0.00197083
1853	1082	1.01998	0.00197083
1853	1083	1.01998	0.00197083
1853	1084	1.01998	0.00197083
1853	1085	1.01998	0.00197083
1853	1086	1.01998	0.00197083
1853	1087	1.01998	0.00197083
1853	1088	1.01998	0.00197083
1853	1089	1.01998	0.00197083
1853	1090	1.01998	0.00197083
1853	1091	1.01998	0.00197083
1853	1092	1.01998	0.00197083
1853	1093	1.01998	0.00197083
1853	1094	1.01998	0.00197083
1853	1095	1.01998	0.00197083
1853	1096	1.01998	0.00197083
1853	1097	1.01998	0.00197083
1853	1098	1.01998	0.00197083
1853	1099	1.01998	0.00197083
1853	1100	1.01998	0.00197083
1853	1101	1.01998	0.00197083
1853	1102	1.01998	0.00197083
1853	1103	1.01998	0.00197083
1853	1104	1.01998	0.00197083
1853	1105	1.01998	0.00197083
1853	1106	1.01998	0.00197083
1853	1107	1.01998	0.00197083
1853	1108	1.01998	0.00197083
1853	1109	1.01998	0.00197083
1853	1110	1.01998	0.00197083
1853	1111	1.01998	0.00197083
1853	1112	1.01998	0.00197083
1853	1113	1.01998	0.00197083
1853	1114	1.01998	0.00197083
1853	1115	1.01998	0.00197083
1853	1116	1.01998	0.00197083
1853	1117	1.01998	0.00197083
1853	1118	1.01998	0.00197083
1853	1119	1.01998	0.00197083
1853	1120	1.01998	0.00197083
1853	1121	1.01998	0.00197083
1853	1122	1.01998	0.00197083
1853	1123	1.01998	0.00197083
1853	1124	1.01998	0.00197083
1853	1125	1.01998	0.00197083
1853	1126	1.01998	0.00197083
1853	1127	1.01998	0.00197083
1853	1128	1.01998	0.00197083
1853	1129	1.01998	0.00197083
1853	1130	1.01998	0.00197083
1853	1131	1.01998	0.00197083
1853	1132	1.01998	0.00197083
1853	1133	1.01998	0.00197083
1853	1134	1.01998	0.00197083
1853	1135	1.01998	0.00197083
1853	1136	1.01998	0.00197083
1853	1137	1.01998	0.00197083
1853	1138	1.01998	0.00197083
1853	1139	1.01998	0.00197083
1853	1140	1.01998	0.00197083
1853	1141	1.01998	0.00197083
1853	1142	1.01998	0.00197083
1853	1143	1.01998	0.00197083
1853	1144	1.01998	0.00197083
1853	1145	1.01998	0.00197083
1853	1146	1.01998	0.00197083
1853	1147	1.01998	0.00197083
1853	1148	1.01998	0.00197083
1853	1149	1.01998	0.00197083
1853	1150	1.01998	0.00197083
1853	1151	1.01998	0.00197083
1853	1152	1.01998	0.00197083
1853	1153	1.01998	0.00197083
1853	1154	1.01998	0.00197083
1853	1155	1.01998	0.00197083
1853	1156	1.01998	0.00197083
1853	1157	1.01998	0.00197083
1853	1158	1.01998	0.00197083
1853	1159	1.01998	0.00197083
1853	1160	1.01998	0.00197083
1853	1161	1.01998	0.00197083
1853	1162	1.01998	0.00197083
1853	1163	1.01998	0.00197083
1853	1164	1.01998	0.00197083
1853	1165	1.01998	0.00197083
1853	1166	1.01998	0.00197083
1853	1167	1.01998	0.00197083
1853	1168	1.01998	0.00197083
1853	1169	1.01998	0.00197083
1853	1170	1.01998	0.00197083
1853	1171	1.01998	0.00197083
1853	1172	1.01998	0.00197083
1853	1173	1.01998	0.00197083
1853	1174	1.01998	0.00197083
1853	1175	1.01998	0.00197083
1853	1176	1.01998	0.00197083
1853	1177	1.01998	0.00197083
1853	1178	1.01998	0.00197083
1853	1179	1.01998	0.00197083
1853	1180	1.01998	0.00197083
1853	1181	1.01998	0.00197083
1853	1182	1.01998	0.00197083
1853	1183	1.01998	0.00197083
1853	1184	1.01998	0.00197083
1853	1185	1.01998	0.00197083
1853	1186	1.01998	0.00197083
1853	1187	1.01998	0.00197083
1853	1188	1.01998	0.00197083
1853	1189	1.01998	0.00197083
1853	1190	1.01998	0.00197083
1853	1191	1.01998	0.00197083
1853	1192	1.01998	0.00197083
1853	1193	1.01998	0.00197083
1853	1194	1.01998	0.00197083
1853	1195	1.01998	0.00197083
1853	1196	1.01998	0.00197083
1853	1197	1.01998	0.00197083
1853	1198	1.01998	0.00197083
1853	1199	1.01998	0.00197083
1853	1200	1.01998	0.00197083
1853	1201	1.01998	0.00197083
1853	1202	1.01998	0.00197083
1853	1203	1.01998	0.00197083
1853	1204	1.01998	0.00197083
1853	1205	1.01998	0.00197083
1853	1206	1.01998	0.00197083
1853	1207	1.01998	0.00197083
1853	1208	1.01998	0.00197083
1853	1209	1.01998	0.00197083
1853	1210	1.01998	0.00197083
1853	1211	1.01998	0.00197083
1853	1212	1.01998	0.00197083
1853	1213	1.01998	0.00197083
1853	1214	1.01998	0.00197083
1853	1215	1.01998	0.00197083
1853	1216	1.01998	0.00197083
1853	1217	1.01998	0.00197083
1853	1218	1.01998	0.00197083
1853	1219	1.01998	0.00197083
1853	1220	1.01998	0.00197083
1853	1221	1.01998	0.00197083
1853	1222	1.01998	0.00197083
1853	1223	1.01998	0.00197083
1853	1224	1.01998	0.00197083
1853	1225	1.01998	0.00197083
1853	1226	1.01998	0.00197083
1853	1227	1.01998	0.00197083
1853	1228	1.01998	0.00197083
1853	1229	1.01998	0.00197083
1853	1230	1.01998	0.00197083
1853	1231	1.01998	0.00197083
1853	1232	1.01998	0.00197083
1853	1233	1.01998	0.00197083
1853	1234	1.01998	0.00197083
1853	1235	1.01998	0.00197083
1853	1236	1.01998	0.00197083
1853	1237	1.01998	0.00197083
1853	1238	1.01998	0.00197083
1853	1239	1.01998	0.00197083
1853	1240	1.01998	0.00197083
1853	1241	1.01998	0.00197083
1853	1242	1.01998	0.00197083
1853	1243	1.01998	0.00197083
1853	1244	1.01998	0.00197083
1853	1245	1.01998	0.00197083
1853	1246	1.01998	0.00197083
1853	1247	1.01998	0.00197083
1853	1248	1.01998	0.00197083
1853	1249	1.01998	0.00197083
1853	1250	1.01998	0.00197083
1853	1251	1.01998	0.00197083
1853	1252	1.01998	0.00197083
1853	1253	1.01998	0.00197083
1853	1254	1.01998	0.00197083
1853	1255	1.01998	0.00197083
1853	1256	1.01998	0.00197083
1853	1257	1.01998	0.00197083
1853	1258	1.01998	0.00197083
1853	1259	1.01998	0.00197083
1853	1260	1.01998	0.00197083
1853	1261	1.01998	0.00197083
1853	1262	1.01998	0.00197083
1853	1263	1.01998	0.00197083
1853	1264	1.01998	0.00197083
1853	1265	1.01998	0.00197083
1853	1266	1.01998	0.00197083
1853	1267	1.01998	0.00197083
1853	1268	1.01998	0.00197083
1853	1269	1.01998	0.00197083
1853	1270	1.01998	0.00197083
1853	1271	1.01998	0.00197083
1853	1272	1.01998	0.00197083
1853	1273	1.01998	0.00197083
1853	1274	1.01998	0.00197083
1853	1275	1.01998	0.00197083
1853	1276	1.01998	0.00197083
1853	1277	1.01998	0.00197083
1853	1278	1.01998	0.00197083
1853	1279	1.01998	0.00197083
1853	1280	1.01998	0.00197083
1853	1281	1.01998	0.00197083
1853	1282	1.01998	0.00197083
1853	1283	1.01998	0.00197083
1853	1284	1.01998	0.00197083
1853	1285	1.01998	0.00197083
1853	1286	1.01998	0.00197083
1853	1287	1.01998	0.00197083
1853	1288	1.01998	0.00197083
1853	1289	1.01998	0.00197083
1853	1290	1.01998	0.00197083
1853	1291	1.01998	0.00197083
1853	1292	1.01998	0.00197083
1853	1293	1.01998	0.00197083
1853	1294	1.01998	0.00197083
1853	1295	1.01998	0.00197083
1853	1296	1.01998	0.00197083
1853	1297	1.01998	0.00197083
1853	1298	1.01998	0.00197083
1853	1299	1.01998	0.00197083
1853	1300	1.01998	0.00197083
1853	1301	1.01998	0.00197083
1853	1302	1.01998	0.00197083
1853	1303	1.01998	0.00197083
1853	1304	1.01998	0.00197083
1853	1305	1.01998	0.00197083
1853	1306	1.01998	0.00197083
1853	1307	1.01998	0.00197083
1853	1308	1.01998	0.00197083
1853	1309	1.01998	0.00197083
1853	1310	1.01998	0.00197083
1853	1311	1.01998	0.00197083
1853	1312	1.01998	0.00197083
1853	1313	1.01998	0.00197083
1853	1314	1.01998	0.00197083
1853	1315	1.01998	0.00197083
1853	1316	1.01998	0.00197083
1853	1317	1.01998	0.00197083
1853	1318	1.01998	0.00197083
1853	1319	1.01998	0.00197083
1853	1320	1.01998	0.00197083
1853	1321	1.01998	0.00197083
1853	1322	1.01998	0.00197083
1853	1323	1.01998	0.00197083
1853	1324	1.01998	0.00197083
1853	1325	1.01998	0.00197083
1853	1326	1.01998	0.00197083
1853	1327	1.01998	0.00197083
1853	1328	1.01998	0.00197083
1853	1329	1.01998	0.00197083
1853	1330	1.01998	0.00197083
1853	1331	1.01998	0.00197083
1853	1332	1.01998	0.00197083
1853	1333	1.01998	0.00197083
1853	1334	1.01998	0.00197083
1853	1335	1.01998	0.00197083
1853	1336	1.01998	0.00197083
1853	1337	1.01998	0.00197083
1853	1338	1.01998	0.00197083
1853	1339	1.01998	0.00197083
1853	1340	1.01998	0.00197083
1853	1341	1.01998	0.00197083
1853	1342	1.01998	0.00197083
1853	1343	1.01998	0.00197083
1853	1344	1.01998	0.00197083
1853	1345	1.01998	0.00197083
1853	1346	1.01998	0.00197083
1853	1347	1.01998	0.00197083
1853	1348	1.01998	0.00197083
1853	1349	1.01998	0.00197083
1853	1350	1.01998	0.00197083
1853	1351	1.01998	0.00197083
1853	1352	1.01998	0.00197083
1853	1353	1.01998	0.00197083
1853	1354	1.01998	0.00197083
1853	1355	1.01998	0.00197083
1853	1356	1.01998	0.00197083
1853	1357	1.01998	0.00197083
1853	1358	1.01998	0.00197083
1853	1359	1.01998	0.00197083
1853	1360	1.01998	0.00197083
1853	1361	1.01998	0.00197083
1853	1362	1.01998	0.00197083
1853	1363	1.01998	0.00197083
1853	1364	1.01998	0.00197083
1853	1365	1.01998	0.00197083
1853	1366	1.01998	0.00197083
1853	1367	1.01998	0.00197083
1853	1368	1.01998	0.00197083
1853	1369	1.01998	0.00197083
1853	1370	1.01998	0.00197083
1853	1371	1.01998	0.00197083
1853	1372	1.01998	0.00197083
1853	1373	1.01998	0.00197083
1853	1374	1.01998	0.00197083
1853	1375	1.01998	0.00197083
1853	1376	1.01998	0.00197083
1853	1377	1.01998	0.00197083
1853	1378	1.01998	0.00197083
1853	1379	1.01998	0.00197083
1853	1380	1.01998	0.00197083
1853	1381	1.01998	0.00197083
1853	1382	1.01998	0.00197083
1853	1383	1.01998	0.00197083
1853	1384	1.01998	0.00197083
1853	1385	1.01998	0.00197083
1853	1386	1.01998	0.00197083
1853	1387	1.01998	0.00197083
1853	1388	1.01998	0.00197083
1853	1389	1.01998	0.00197083
1853	1390	1.01998	0.00197083
1853	1391	1.01998	0.00197083
1853	1392	1.01998	0.00197083
1853	1393	1.01998	0.00197083
1853	1394	1.01998	0.00197083
1853	1395	1.01998	0.00197083
1853	1396	1.01998	0.00197083
1853	1397	1.01998	0.00197083
1853	1398	1.01998	0.00197083
1853	1399	1.01998	0.00197083
1853	1400	1.01998	0.00197083
1853	1401	1.01998	0.00197083
1853	1402	1.01998	0.00197083
1853	1403	1.01998	0.00197083
1853	1404	1.01998	0.00197083
1853	1405	1.01998	0.00197083
1853	1406	1.01998	0.00197083
1853	1407	1.01998	0.00197083
1853	1408	1.01998	0.00197083
1853	1409	1.01998	0.00197083
1853	1410	1.01998	0.00197083
1853	1411	1.01998	0.00197083
1853	1412	1.01998	0.00197083
1853	1413	1.01998	0.00197083
1853	1414	1.01998	0.00197083
1853	1415	1.01998	0.00197083
1853	1416	1.01998	0.00197083
1853	1417	1.01998	0.00197083
1853	1418	1.01998	0.00197083
1853	1419	1.01998	0.00197083
1853	1420	1.01998	0.00197083
1853	1421	1.01998	0.00197083
1853	1422	1.01998	0.00197083
1853	1423	1.01998	0.00197083
1853	1424	1.01998	0.00197083
1853	1425	1.01998	0.00197083
1853	1426	1.01998	0.00197083
1853	1427	1.01998	0.00197083
1853	1428	1.01998	0.00197083
1853	1429	1.01998	0.00197083
1853	1430	1.01998	0.00197083
1853	1431	1.01998	0.00197083
1853	1432	1.01998	0.00197083
1853	1433	1.01998	0.00197083
1853	1434	1.01998	0.00197083
1853	1435	1.01998	0.00197083
1853	1436	1.01998	0.00197083
1853	1437	1.01998	0.00197083
1853	1438	1.01998	0.00197083
1853	1439	1.01998	0.00197083
1853	1440	1.01998	0.00197083
1853	1441	1.01998	0.00197083
1853	1442	1.01998	0.00197083
1853	1443	1.01998	0.00197083
1853	1444	1.01998	0.00197083
1853	1445	1.01998	0.00197083
1853	1446	1.01998	0.00197083
1853	1447	1.01998	0.00197083
1853	1448	1.01998	0.00197083
1853	1449	1.01998	0.00197083
1853	1450	1.01998	0.00197083
1853	1451	1.01998	0.00197083
1853	1452	1.01998	0.00197083
1853	1453	1.01998	0.00197083
1853	1454	1.01998	0.00197083
1853	1455	1.01998	0.00197083
1853	1456	1.01998	0.00197083
1853	1457	1.01998	0.00197083
1853	1458	1.01998	0.00197083
1853	1459	1.01998	0.00197083
1853	1460	1.01998	0.00197083
1853	1461	1.01998	0.00197083
1853	1462	1.01998	0.00197083
1853	1463	1.01998	0.00197083
1853	1464	1.01998	0.00197083
1853	1465	1.01998	0.00197083
1853	1466	1.01998	0.00197083
1853	1467	1.01998	0.00197083
1853	1468	1.01998	0.00197083
1853	1469	1.01998	0.00197083
1853	1470	1.01998	0.00197083
1853	1471	1.01998	0.00197083
1853	1472	1.01998	0.00197083
1853	1473	1.01998	0.00197083
1853	1474	1.01998	0.00197083
1853	1475	1.01998	0.00197083
1853	1476	1.01998	0.00197083
1853	1477	1.01998	0.00197083
1853	1478	1.01998	0.00197083
1853	1479	1.01998	0.00197083
1853	1480	1.01998	0.00197083
1853	1481	1.01998	0.00197083
1853	1482	1.01998	0.00197083
1853	1483	1.01998	0.00197083
1853	1484	1.01998	0.00197083
1853	1485	1.01998	0.00197083
1853	1486	1.01998	0.00197083
1853	1487	1.01998	0.00197083
1853	1488	1.01998	0.00197083
1853	1489	1.01998	0.00197083
1853	1490	1.01998	0.00197083
1853	1491	1.01998	0.00197083
1853	1492	1.01998	0.00197083
1853	1493	1.01998	0.00197083
1853	1494	1.01998	0.00197083
1853	1495	1.01998	0.00197083
1853	1496	1.01998	0.00197083
1853	1497	1.01998	0.00197083
1853	1498	1.01998	0.00197083
1853	1499	1.01998	0.00197083
1853	1500	1.01998	0.00197083
1853	1501	1.01998	0.00197083
1853	1502	1.01998	0.00197083
1853	1503	1.01998	0.00197083
1853	1504	1.01998	0.00197083
1853	1505	1.01998	0.00197083
1853	1506	1.01998	0.00197083
1853	1507	1.01998	0.00197083
1853	1508	1.01998	0.00197083
1853	1509	1.01998	0.00197083
1853	1510	1.01998	0.00197083
1853	1511	1.01998	0.00197083
1853	1512	1.01998	0.00197083
1853	1513	1.01998	0.00197083
1853	1514	1.01998	0.00197083
1853	1515	1.01998	0.00197083
1853	1516	1.01998	0.00197083
1853	1517	1.01998	0.00197083
1853	1518	1.01998	0.00197083
1853	1519	1.01998	0.00197083
1853	1520	1.01998	0.00197083
1853	1521	1.01998	0.00197083
1853	1522	1.01998	0.00197083
1853	1523	1.01998	0.00197083
1853	1524	1.02712	0.00198496
1853	1525	1.02712	0.00198496
1853	1526	1.02712	0.00198496
1853	1527	1.02712	0.00198496
1853	1528	1.02712	0.00198496
1853	1529	1.02712	0.00198496
1853	1530	1.02712	0.00198496
1853	1531	1.02712	0.00198496
1853	1532	1.02712	0.00198496
1853	1533	1.02712	0.00198496
1853	1534	1.02712	0.00198496
1853	1535	1.02712	0.00198496
1853	1536	1.02712	0.00198496
1853	1537	1.02712	0.00198496
1853	1538	1.02712	0.00198496
1853	1539	1.02712	0.00198496
1853	1540	1.02712	0.00198496
1853	1541	1.02712	0.00198496
1853	1542	1.02712	0.00198496
1853	1543	1.02712	0.00198496
1853	1544	1.02712	0.00198496
1853	1545	1.02712	0.00198496
1853	1546	1.02712	0.00198496
1853	1547	1.02712	0.00198496
1853	1548	1.02712	0.00198496
1853	1549	1.02712	0.00198496
1853	1550	1.02712	0.00198496
1853	1551	1.02712	0.00198496
1853	1552	1.02712	0.00198496
1853	1553	1.02712	0.00198496
1853	1554	1.02712	0.00198496
1853	1555	1.02712	0.00198496
1853	1556	1.02712	0.00198496
1853	1557	1.02712	0.00198496
1853	1558	1.02712	0.00198496
1853	1559	1.02712	0.00198496
1853	1560	1.02712	0.00198496
1853	1561	1.02712	0.00198496
1853	1562	1.02712	0.00198496
1853	1563	1.02712	0.00198496
1853	1564	1.02712	0.00198496
1853	1565	1.02712	0.00198496
1853	1566	1.02712	0.00198496
1853	1567	1.02712	0.00198496
1853	1568	1.02712	0.00198496
1853	1569	1.02712	0.00198496
1853	1570	1.02712	0.00198496
1853	1571	1.02712	0.00198496
1853	1572	1.02712	0.00198496
1853	1573	1.02712	0.00198496
1853	1574	1.02712	0.00198496
1853	1575	1.02712	0.00198496
1853	1576	1.02712	0.00198496
1853	1577	1.02712	0.00198496
1853	1578	1.02712	0.00198496
1853	1579	1.02712	0.00198496
1853	1580	1.02712	0.00198496
1853	1581	1.02712	0.00198496
1853	1582	1.02712	0.00198496
1853	1583	1.02712	0.00198496
1853	1584	1.02712	0.00198496
1853	1585	1.02712	0.00198496
1853	1586	1.02712	0.00198496
1853	1587	1.02712	0.00198496
1853	1588	1.02712	0.00198496
1853	1589	1.02712	0.00198496
1853	1590	1.02712	0.00198496
1853	1591	1.02712	0.00198496
1853	1592	1.02712	0.00198496
1853	1593	1.02712	0.00198496
1853	1594	1.02712	0.00198496
1853	1595	1.02712	0.00198496
1853	1596	1.02712	0.00198496
1853	1597	1.02712	0.00198496
1853	1598	1.02712	0.00198496
1853	1599	1.02712	0.00198496
1853	1600	1.02712	0.00198496
1853	1601	1.02712	0.00198496
1853	1602	1.02712	0.00198496
1853	1603	1.02712	0.00198496
1853	1604	1.02712	0.00198496
1853	1605	1.02712	0.00198496
1853	1606	1.02712	0.00198496
1853	1607	1.02712	0.00198496
1853	1608	1.02712	0.00198496
1853	1609	1.02712	0.00198496
1853	1610	1.02712	0.00198496
1853	1611	1.02712	0.00198496
1853	1612	1.02712	0.00198496
1853	1613	1.02712	0.00198496
1853	1614	1.02712	0.00198496
1853	1615	1.02712	0.00198496
1853	1616	1.02712	0.00198496
1853	1617	1.02712	0.00198496
1853	1618	1.02712	0.00198496
1853	1619	1.02712	0.00198496
1853	1620	1.02712	0.00198496
1853	1621	1.02712	0.00198496
1853	1622	1.02712	0.00198496
1853	1623	1.02712	0.00198496
1853	1624	1.02712	0.00198496
1853	1625	1.02712	0.00198496
1853	1626	1.02712	0.00198496
1853	1627	1.02712	0.00198496
1853	1628	1.02712	0.00198496
1853	1629	1.02712	0.00198496
1853	1630	1.02712	0.00198496
1853	1631	1.02712	0.00198496
1853	1632	1.02712	0.00198496
1853	1633	1.02712	0.00198496
1853	1634	1.02712	0.00198496
1853	1635	1.02712	0.00198496
1853	1636	1.02712	0.00198496
1853	1637	1.02712	0.00198496
1853	1638	1.02712	0.00198496
1853	1639	1.02712	0.00198496
1853	1640	1.02712	0.00198496
1853	1641	1.02712	0.00198496
1853	1642	1.02712	0.00198496
1853	1643	1.02712	0.00198496
1853	1644	1.02712	0.00198496
1853	1645	1.02712	0.00198496
1853	1646	1.02712	0.00198496
1853	1647	1.02712	0.00198496
1853	1648	1.02712	0.00198496
1853	1649	1.02712	0.00198496
1853	1650	1.02712	0.00198496
1853	1651	1.02712	0.00198496
1853	1652	1.02712	0.00198496
1853	1653	1.02712	0.00198496
1853	1654	1.02712	0.00198496
1853	1655	1.02712	0.00198496
1853	1656	1.02712	0.00198496
1853	1657	1.02712	0.00198496
1853	1658	1.02712	0.00198496
1853	1659	1.02712	0.00198496
1853	1660	1.02712	0.00198496
1853	1661	1.02712	0.00198496
1853	1662	1.02712	0.00198496
1853	1663	1.02712	0.00198496
1853	1664	1.02712	0.00198496
1853	1665	1.02712	0.00198496
1853	1666	1.02712	0.00198496
1853	1667	1.02712	0.00198496
1853	1668	1.02712	0.00198496
1853	1669	1.02712	0.00198496
1853	1670	1.02712	0.00198496
1853	1671	1.02712	0.00198496
1853	1672	1.02712	0.00198496
1853	1673	1.02712	0.00198496
1853	1674	1.02712	0.00198496
1853	1675	1.02712	0.00198496
1853	1676	1.02712	0.00198496
1853	1677	1.02712	0.00198496
1853	1678	1.02712	0.00198496
1853	1679	1.02712	0.00198496
1853	1680	1.02712	0.00198496
1853	1681	1.02712	0.00198496
1853	1682	1.02712	0.00198496
1853	1683	1.02712	0.00198496
1853	1684	1.02712	0.00198496
1853	1685	1.02712	0.00198496
1853	1686	1.02712	0.00198496
1853	1687	1.02712	0.00198496
1853	1688	1.02712	0.00198496
1853	1689	1.02712	0.00198496
1853	1690	1.02712	0.00198496
1853	1691	1.02712	0.00198496
1853	1692	1.02712	0.00198496
1853	1693	1.02712	0.00198496
1853	1694	1.02712	0.00198496
1853	1695	1.02712	0.00198496
1853	1696	1.02712	0.00198496
1853	1697	1.02712	0.00198496
1853	1698	1.02712	0.00198496
1853	1699	1.02712	0.00198496
1853	1700	1.02712	0.00198496
1853	1701	1.02712	0.00198496
1853	1702	1.02712	0.00198496
1853	1703	1.02712	0.00198496
1853	1704	1.02712	0.00198496
1853	1705	1.02712	0.00198496
1853	1706	1.02712	0.00198496
1853	1707	1.02712	0.00198496
1853	1708	1.02712	0.00198496
1853	1709	1.02712	0.00198496
1853	1710	1.02712	0.00198496
1853	1711	1.02712	0.00198496
1853	1712	1.02712	0.00198496
1853	1713	1.02712	0.00198496
1853	1714	1.02712	0.00198496
1853	1715	1.02712	0.00198496
1853	1716	1.02712	0.00198496
1853	1717	1.02712	0.00198496
1853	1718	1.02712	0.00198496
1853	1719	1.02712	0.00198496
1853	1720	1.02712	0.00198496
1853	1721	1.02712	0.00198496
1853	1722	1.02712	0.00198496
1853	1723	1.02712	0.00198496
1853	1724	1.02712	0.00198496
1853	1725	1.02712	0.00198496
1853	1726	1.02712	0.00198496
1853	1727	1.02712	0.00198496
1853	1728	1.02712	0.00198496
1853	1729	1.02712	0.00198496
1853	1730	1.02712	0.00198496
1853	1731	1.02712	0.00198496
1853	1732	1.02712	0.00198496
1853	1733	1.02712	0.00198496
1853	1734	1.02712	0.00198496
1853	1735	1.02712	0.00198496
1853	1736	1.02712	0.00198496
1853	1737	1.02712	0.00198496
1853	1738	1.02712	0.00198496
1853	1739	1.02712	0.00198496
1853	1740	1.02712	0.00198496
1853	1741	1.02712	0.00198496
1853	1742	1.02712	0.00198496
1853	1743	1.02712	0.00198496
1853	1744	1.02712	0.00198496
1853	1745	1.02712	0.00198496
1853	1746	1.02712	0.00198496
1853	1747	1.02712	0.00198496
1853	1748	1.02712	0.00198496
1853	1749	1.02712	0.00198496
1853	1750	1.02712	0.00198496
1853	1751	1.02712	0.00198496
1853	1752	1.02712	0.00198496
1853	1753	1.02712	0.00198496
1853	1754	1.02712	0.00198496
1853	1755	1.02712	0.00198496
1853	1756	1.02712	0.00198496
1853	1757	1.02712	0.00198496
1853	1758	1.02712	0.00198496
1853	1759	1.02712	0.00198496
1853	1760	1.02712	0.00198496
1853	1761	1.02712	0.00198496
1853	1762	1.02712	0.00198496
1853	1763	1.02712	0.00198496
1853	1764	1.02712	0.00198496
1853	1765	1.02712	0.00198496
1853	1766	1.02712	0.00198496
1853	1767	1.02712	0.00198496
1853	1768	1.02712	0.00198496
1853	1769	1.02712	0.00198496
1853	1770	1.02712	0.00198496
1853	1771	1.02712	0.00198496
1853	1772	1.02712	0.00198496
1853	1773	1.02712	0.00198496
1853	1774	1.02712	0.00198496
1853	1775	1.02712	0.00198496
1853	1776	1.02712	0.00198496
1853	1777	1.02712	0.00198496
1853	1778	1.02712	0.00198496
1853	1779	1.02712	0.00198496
1853	1780	1.02712	0.00198496
1853	1781	1.02712	0.00198496
1853	1782	1.02712	0.00198496
1853	1783	1.02712	0.00198496
1853	1784	1.02712	0.00198496
1853	1785	1.02712	0.00198496
1853	1786	1.02712	0.00198496
1853	1787	1.02712	0.00198496
1853	1788	1.02712	0.00198496
1853	1789	1.02712	0.00198496
1853	1790	1.02712	0.00198496
1853	1791	1.02712	0.00198496
1853	1792	1.02712	0.00198496
1853	1793	1.02712	0.00198496
1853	1794	1.02712	0.00198496
1853	1795	1.02712	0.00198496
1853	1796	1.02712	0.00198496
1853	1797	1.02712	0.00198496
1853	1798	1.02712	0.00198496
1853	1799	1.02712	0.00198496
1853	1800	1.02712	0.00198496
1853	1801	1.02712	0.00198496
1853	1802	1.02712	0.00198496
1853	1803	1.02712	0.00198496
1853	1804	1.02712	0.00198496
1853	1805	1.02712	0.00198496
1853	1806	1.02712	0.00198496
1853	1807	1.02712	0.00198496
1853	1808	1.02712	0.00198496
1853	1809	1.02712	0.00198496
1853	1810	1.02712	0.00198496
1853	1811	1.02712	0.00198496
1853	1812	1.02712	0.00198496
1853	1813	1.02712	0.00198496
1853	1814	1.02712	0.00198496
1853	1815	1.02712	0.00198496
1853	1816	1.02712	0.00198496
1853	1817	1.02712	0.00198496
1853	1818	1.02712	0.00198496
1853	1819	1.02712	0.00198496
1853	1820	1.02712	0.00198496
1853	1821	1.02712	0.00198496
1853	1822	1.02712	0.00198496
1853	1823	1.02712	0.00198496
1853	1824	1.02712	0.00198496
1853	1825	1.02712	0.00198496
1853	1826	1.02712	0.00198496
1853	1827	1.02712	0.00198496
1853	1828	1.02712	0.00198496
1853	1829	1.02712	0.00198496
1853	1830	1.02712	0.00198496
1853	1831	1.02712	0.00198496
1853	1832	1.02712	0.00198496
1853	1833	1.02712	0.00198496
1853	1834	1.02712	0.00198496
1853	1835	1.02712	0.00198496
1853	1836	1.02712	0.00198496
1853	1837	1.02712	0.00198496
1853	1838	1.02712	0.00198496
1853	1839	1.02712	0.00198496
1853	1840	1.02712	0.00198496
1853	1841	1.02712	0.00198496
1853	1842	1.02712	0.00198496
1853	1843	1.02712	0.00198496
1853	1844	1.02712	0.00198496
1853	1845	1.02712	0.00198496
1853	1846	1.02712	0.00198496
1853	1847	1.02712	0.00198496
1853	1848	1.02712	0.00198496
1853	1849	1.02712	0.00198496
1853	1850	1.02712	0.00198496
1853	1851	1.02712	0.00198496
1853	1852	1.02712	0.00198496
1853	1853	1.02712	0.00198496
1853	1854	1.02712	0.00198496
1853	1855	1.02712	0.00198496
1853	1856	1.02712	0.00198496
1853	1857	1.02712	0.00198496
1853	1858	1.02712	0.00198496
1853	1859	1.02712	0.00198496
1853	1860	1.02712	0.00198496
1853	1861	1.02712	0.00198496
1853	1862	1.02712	0.00198496
1853	1863	1.02712	0.00198496
1853	1864	1.02712	0.00198496
1853	1865	1.02712	0.00198496
1853	1866	1.02712	0.00198496
1853	1867	1.02712	0.00198496
1853	1868	1.02712	0.00198496
1853	1869	1.02712	0.00198496
1853	1870	1.02712	0.00198496
1853	1871	1.02712	0.00198496
1853	1872	1.02712	0.00198496
1853	1873	1.02712	0.00198496
1853	1874	1.02712	0.00198496
1853	1875	1.02712	0.00198496
1853	1876	1.02712	0.00198496
1853	1877	1.02712	0.00198496
1853	1878	1.02712	0.00198496
1853	1879	1.02712	0.00198496
1853	1880	1.02712	0.00198496
1853	1881	1.02712	0.00198496
1853	1882	1.02712	0.00198496
1853	1883	1.02712	0.00198496
1853	1884	1.02712	0.00198496
1853	1885	1.02712	0.00198496
1853	1886	1.02712	0.00198496
1853	1887	1.02712	0.00198496
1853	1888	1.02712	0.00198496
1853	1889	1.02712	0.00198496
1853	1890	1.02712	0.00198496
1853	1891	1.02712	0.00198496
1853	1892	1.02712	0.00198496
1853	1893	1.02712	0.00198496
1853	1894	1.02712	0.00198496
1853	1895	1.02712	0.00198496
1853	1896	1.02712	0.00198496
1853	1897	1.02712	0.00198496
1853	1898	1.02712	0.00198496
1853	1899	1.02712	0.00198496
1853	1900	1.02712	0.00198496
1853	1901	1.02712	0.00198496
1853	1902	1.02712	0.00198496
1853	1903	1.02712	0.00198496
1853	1904	1.02712	0.00198496
1853	1905	1.02712	0.00198496
1853	1906	1.02712	0.00198496
1853	1907	1.02712	0.00198496
1853	1908	1.02712	0.00198496
1853	1909	1.02712	0.00198496
1853	1910	1.02712	0.00198496
1853	1911	1.02712	0.00198496
1853	1912	1.02712	0.00198496
1853	1913	1.02712	0.00198496
1853	1914	1.02712	0.00198496
1853	1915	1.02712	0.00198496
1853	1916	1.02712	0.00198496
1853	1917	1.02712	0.00198496
1853	1918	1.02712	0.00198496
1853	1919	1.02712	0.00198496
1853	1920	1.02712	0.00198496
1853	1921	1.02712	0.00198496
1853	1922	1.02712	0.00198496
1853	1923	1.02712	0.00198496
1853	1924	1.02712	0.00198496
1853	1925	1.02712	0.00198496
1853	1926	1.02712	0.00198496
1853	1927	1.02712	0.00198496
1853	1928	1.02712	0.00198496
1853	1929	1.02712	0.00198496
1853	1930	1.02712	0.00198496
1853	1931	1.02712	0.00198496
1853	1932	1.02712	0.00198496
1853	1933	1.02712	0.00198496
1853	1934	1.02712	0.00198496
1853	1935	1.02712	0.00198496
1853	1936	1.02712	0.00198496
1853	1937	1.02712	0.00198496
1853	1938	1.02712	0.00198496
1853	1939	1.02712	0.00198496
1853	1940	1.02712	0.00198496
1853	1941	1.02712	0.00198496
1853	1942	1.02712	0.00198496
1853	1943	1.02712	0.00198496
1853	1944	1.02712	0.00198496
1853	1945	1.02712	0.00198496
1853	1946	1.02712	0.00198496
1853	1947	1.02712	0.00198496
1853	1948	1.02712	0.00198496
1853	1949	1.02712	0.00198496
1853	1950	1.02712	0.00198496
1853	1951	1.02712	0.00198496
1853	1952	1.02712	0.00198496
1853	1953	1.02712	0.00198496
1853	1954	1.02712	0.00198496
1853	1955	1.02712	0.00198496
1853	1956	1.02712	0.00198496
1853	1957	1.02712	0.00198496
1853	1958	1.02712	0.00198496
1853	1959	1.02712	0.00198496
1853	1960	1.02712	0.00198496
1853	1961	1.02712	0.00198496
1853	1962	1.02712	0.00198496
1853	1963	1.02712	0.00198496
1853	1964	1.02712	0.00198496
1853	1965	1.02712	0.00198496
1853	1966	1.02712	0.00198496
1853	1967	1.02712	0.00198496
1853	1968	1.02712	0.00198496
1853	1969	1.02712	0.00198496
1853	1970	1.02712	0.00198496
1853	1971	1.02712	0.00198496
1853	1972	1.02712	0.00198496
1853	1973	1.02712	0.00198496
1853	1974	1.02712	0.00198496
1853	1975	1.02712	0.00198496
1853	1976	1.02712	0.00198496
1853	1977	1.02712	0.00198496
1853	1978	1.02712	0.00198496
1853	1979	1.02712	0.00198496
1853	1980	1.02712	0.00198496
1853	1981	1.02712	0.00198496
1853	1982	1.02712	0.00198496
1853	1983	1.02712	0.00198496
1853	1984	1.02712	0.00198496
1853	1985	1.02712	0.00198496
1853	1986	1.02712	0.00198496
1853	1987	1.02712	0.00198496
1853	1988	1.02712	0.00198496
1853	1989	1.02712	0.00198496
1853	1990	1.02712	0.00198496
1853	1991	1.02712	0.00198496
1853	1992	1.02712	0.00198496
1853	1993	1.02712	0.00198496
1853	1994	1.02712	0.00198496
1853	1995	1.02712	0.00198496
1853	1996	1.02712	0.00198496
1853	1997	1.02712	0.00198496
1853	1998	1.02712	0.00198496
1853	1999	1.02712	0.00198496
1853	2000	1.02712	0.00198496
1853	2001	1.02712	0.00198496
1853	2002	1.02712	0.00198496
1853	2003	1.02712	0.00198496
1853	2004	1.02712	0.00198496
1853	2005	1.02712	0.00198496
1853	2006	1.02712	0.00198496
1853	2007	1.02712	0.00198496
1853	2008	1.02712	0.00198496
1853	2009	1.02712	0.00198496
1853	2010	1.02712	0.00198496
1853	2011	1.02712	0.00198496
1853	2012	1.02712	0.00198496
1853	2013	1.02712	0.00198496
1853	2014	1.02712	0.00198496
1853	2015	1.02712	0.00198496
1853	2016	1.02712	0.00198496
1853	2017	1.02712	0.00198496
1853	2018	1.02712	0.00198496
1853	2019	1.02712	0.00198496
1853	2020	1.02712	0.00198496
1853	2021	1.02712	0.00198496
1853	2022	1.02712	0.00198496
1853	2023	1.02712	0.00198496
1853	2024	1.02712	0.00198496
1853	2025	1.02712	0.00198496
1853	2026	1.02712	0.00198496
1853	2027	1.02712	0.00198496
1853	2028	1.02712	0.00198496
1853	2029	1.02712	0.00198496
1853	2030	1.02712	0.00198496
1853	2031	1.02712	0.00198496
1853	2032	1.02712	0.00198496
1853	2033	1.02712	0.00198496
1853	2034	1.02712	0.00198496
1853	2035	1.02712	0.00198496
1853	2036	1.02712	0.00198496
1853	2037	1.02712	0.00198496
1853	2038	1.02712	0.00198496
1853	2039	1.02712	0.00198496
1853	2040	1.02712	0.00198496
1853	2041	1.02712	0.00198496
1853	2042	1.02712	0.00198496
1853	2043	1.02712	0.00198496
1853	2044	1.02712	0.00198496
1853	2045	1.02712	0.00198496
1853	2046	1.02712	0.00198496
1853	2047	1.02712	0.00198496
1853	2048	1.02712	0.00198496
1853	2049	1.02712	0.00198496
1853	2050	1.02712	0.00198496
1853	2051	1.02712	0.00198496
1853	2052	1.02712	0.00198496
1853	2053	1.02712	0.00198496
1853	2054	1.02712	0.00198496
1853	2055	1.02712	0.00198496
1853	2056	1.02712	0.00198496
1853	2057	1.02712	0.00198496
1853	2058	1.02712	0.00198496
1853	2059	1.02712	0.00198496
1853	2060	1.02712	0.00198496
1853	2061	1.02712	0.00198496
1853	2062	1.02712	0.00198496
1853	2063	1.02712	0.00198496
1853	2064	1.02712	0.00198496
1853	2065	1.02712	0.00198496
1853	2066	1.02712	0.00198496
1853	2067	1.02712	0.00198496
1853	2068	1.02712	0.00198496
1853	2069	1.02712	0.00198496
1853	2070	1.02712	0.00198496
1853	2071	1.02712	0.00198496
1853	2072	1.02712	0.00198496
1853	2073	1.02712	0.00198496
1853	2074	1.02712	0.00198496
1853	2075	1.02712	0.00198496
1853	2076	1.02712	0.00198496
1853	2077	1.02712	0.00198496
1853	2078	1.02712	0.00198496
1853	2079	1.02712	0.00198496
1853	2080	1.02712	0.00198496
1853	2081	1.02712	0.00198496
1853	2082	1.02712	0.00198496
1853	2083	1.02712	0.00198496
1853	2084	1.02712	0.00198496
1853	2085	1.02712	0.00198496
1853	2086	1.02712	0.00198496
1853	2087	1.02712	0.00198496
1853	2088	1.02712	0.00198496
1853	2089	1.02712	0.00198496
1853	2090	1.02712	0.00198496
1853	2091	1.02712	0.00198496
1853	2092	1.02712	0.00198496
1853	2093	1.02712	0.00198496
1853	2094	1.02712	0.00198496
1853	2095	1.02712	0.00198496
1853	2096	1.02712	0.00198496
1853	2097	1.02712	0.00198496
1853	2098	1.02712	0.00198496
1853	2099	1.02712	0.00198496
1853	2100	1.02712	0.00198496
1853	2101	1.02712	0.00198496
1853	2102	1.02712	0.00198496
1853	2103	1.02712	0.00198496
1853	2104	1.02712	0.00198496
1853	2105	1.02712	0.00198496
1853	2106	1.02712	0.00198496
1853	2107	1.02712	0.00198496
1853	2108	1.02712	0.00198496
1853	2109	1.02712	0.00198496
1853	2110	1.02712	0.00198496
1853	2111	1.02712	0.00198496
1853	2112	1.02712	0.00198496
1853	2113	1.02712	0.00198496
1853	2114	1.02712	0.00198496
1853	2115	1.02712	0.00198496
1853	2116	1.02712	0.00198496
1853	2117	1.02712	0.00198496
1853	2118	1.02712	0.00198496
1853	2119	1.02712	0.00198496
1853	2120	1.02712	0.00198496
1853	2121	1.02712	0.00198496
1853	2122	1.02712	0.00198496
1853	2123	1.02712	0.00198496
1853	2124	1.02712	0.00198496
1853	2125	1.02712	0.00198496
1853	2126	1.02712	0.00198496
1853	2127	1.02712	0.00198496
1853	2128	1.02712	0.00198496
1853	2129	1.02712	0.00198496
1853	2130	1.02712	0.00198496
1853	2131	1.02712	0.00198496
1853	2132	1.02712	0.00198496
1853	2133	1.02712	0.00198496
1853	2134	1.02712	0.00198496
1853	2135	1.02712	0.00198496
1853	2136	1.02712	0.00198496
1853	2137	1.02712	0.00198496
1853	2138	1.02712	0.00198496
1853	2139	1.02712	0.00198496
1853	2140	1.02712	0.00198496
1853	2141	1.02712	0.00198496
1853	2142	1.02712	0.00198496
1853	2143	1.02712	0.00198496
1853	2144	1.02712	0.00198496
1853	2145	1.02712	0.00198496
1853	2146	1.02712	0.00198496
1853	2147	1.02712	0.00198496
1853	2148	1.02712	0.00198496
1853	2149	1.02712	0.00198496
1853	2150	1.02712	0.00198496
1853	2151	1.02712	0.00198496
1853	2152	1.02712	0.00198496
1853	2153	1.02712	0.00198496
1853	2154	1.02712	0.00198496
1853	2155	1.02712	0.00198496
1853	2156	1.02712	0.00198496
1853	2157	1.02712	0.00198496
1853	2158	1.02712	0.00198496
1853	2159	1.02712	0.00198496
1853	2160	1.02712	0.00198496
1853	2161	1.02712	0.00198496
1853	2162	1.02712	0.00198496
1853	2163	1.02712	0.00198496
1853	2164	1.02712	0.00198496
1853	2165	1.02712	0.00198496
1853	2166	1.02712	0.00198496
1853	2167	1.02712	0.00198496
1853	2168	1.02712	0.00198496
1853	2169	1.02712	0.00198496
1853	2170	1.02712	0.00198496
1853	2171	1.02712	0.00198496
1853	2172	1.02712	0.00198496
1853	2173	1.02712	0.00198496
1853	2174	1.02712	0.00198496
1853	2175	1.02712	0.00198496
1853	2176	1.02712	0.00198496
1853	2177	1.02712	0.00198496
1853	2178	1.02712	0.00198496
1853	2179	1.02712	0.00198496
1853	2180	1.02712	0.00198496
1853	2181	1.02712	0.00198496
1853	2182	1.02712	0.00198496
1853	2183	1.02712	0.00198496
1853	2184	1.02712	0.00198496
1853	2185	1.02712	0.00198496
1853	2186	1.02712	0.00198496
1853	2187	1.02712	0.00198496
1853	2188	1.02712	0.00198496
1853	2189	1.02712	0.00198496
1853	2190	1.02712	0.00198496
1853	2191	1.02712	0.00198496
1853	2192	1.02712	0.00198496
1853	2193	1.02712	0.00198496
1853	2194	1.02712	0.00198496
1853	2195	1.02712	0.00198496
1853	2196	1.02712	0.00198496
1853	2197	1.02712	0.00198496
1853	2198	1.02712	0.00198496
1853	2199	1.02712	0.00198496
1853	2200	1.02712	0.00198496
1853	2201	1.02712	0.00198496
1853	2202	1.02712	0.00198496
1853	2203	1.02712	0.00198496
1853	2204	1.02712	0.00198496
1853	2205	1.02712	0.00198496
1853	2206	1.02712	0.00198496
1853	2207	1.02712	0.00198496
1853	2208	1.02712	0.00198496
1853	2209	1.02712	0.00198496
1853	2210	1.02712	0.00198496
1853	2211	1.02712	0.00198496
1853	2212	1.02712	0.00198496
1853	2213	1.02712	0.00198496
1853	2214	1.02712	0.00198496
1853	2215	1.02712	0.00198496
1853	2216	1.02712	0.00198496
1853	2217	1.02712	0.00198496
1853	2218	1.02712	0.00198496
1853	2219	1.02712	0.00198496
1853	2220	1.02712	0.00198496
1853	2221	1.02712	0.00198496
1853	2222	1.02712	0.00198496
1853	2223	1.02712	0.00198496
1853	2224	1.02712	0.00198496
1853	2225	1.02712	0.00198496
1853	2226	1.02712	0.00198496
1853	2227	1.02712	0.00198496
1853	2228	1.02712	0.00198496
1853	2229	1.02712	0.00198496
1853	2230	1.02712	0.00198496
1853	2231	1.02712	0.00198496
1853	2232	1.02712	0.00198496
1853	2233	1.02712	0.00198496
1853	2234	1.02712	0.00198496
1853	2235	1.02712	0.00198496
1853	2236	1.02712	0.00198496
1853	2237	1.02712	0.00198496
1853	2238	1.02712	0.00198496
1853	2239	1.02712	0.00198496
1853	2240	1.02712	0.00198496
1853	2241	1.02712	0.00198496
1853	2242	1.02712	0.00198496
1853	2243	1.02712	0.00198496
1853	2244	1.02712	0.00198496
1853	2245	1.02712	0.00198496
1853	2246	1.02712	0.00198496
1853	2247	1.02712	0.00198496
1853	2248	1.02712	0.00198496
1853	2249	1.02712	0.00198496
1853	2250	1.02712	0.00198496
1853	2251	1.02712	0.00198496
1853	2252	1.02712	0.00198496
1853	2253	1.02712	0.00198496
1853	2254	1.02712	0.00198496
1853	2255	1.02712	0.00198496
1853	2256	1.02712	0.00198496
1853	2257	1.02712	0.00198496
1853	2258	1.02712	0.00198496
1853	2259	1.02712	0.00198496
1853	2260	1.02712	0.00198496
1853	2261	1.02712	0.00198496
1853	2262	1.02712	0.00198496
1853	2263	1.02712	0.00198496
1853	2264	1.02712	0.00198496
1853	2265	1.02712	0.00198496
1853	2266	1.02712	0.00198496
1853	2267	1.02712	0.00198496
1853	2268	1.02712	0.00198496
1853	2269	1.02712	0.00198496
1853	2270	1.02712	0.00198496
1853	2271	1.02712	0.00198496
1853	2272	1.02712	0.00198496
1853	2273	1.02712	0.00198496
1853	2274	1.02712	0.00198496
1853	2275	1.02712	0.00198496
1853	2276	1.02712	0.00198496
1853	2277	1.02712	0.00198496
1853	2278	1.02712	0.00198496
1853	2279	1.02712	0.00198496
1853	2280	1.02712	0.00198496
1853	2281	1.02712	0.00198496
1853	2282	1.02712	0.00198496
1853	2283	1.02712	0.00198496
1853	2284	1.02712	0.00198496
1853	2285	1.02712	0.00198496
1853	2286	1.02712	0.00198496
1853	2287	1.02712	0.00198496
1853	2288	1.02712	0.00198496
1853	2289	1.02712	0.00198496
1853	2290	1.02712	0.00198496
1853	2291	1.02712	0.00198496
1853	2292	1.02712	0.00198496
1853	2293	1.02712	0.00198496
1853	2294	1.02712	0.00198496
1853	2295	1.02712	0.00198496
1853	2296	1.02712	0.00198496
1853	2297	1.02712	0.00198496
1853	2298	1.02712	0.00198496
1853	2299	1.02712	0.00198496
1853	2300	1.02712	0.00198496
1853	2301	1.02712	0.00198496
1853	2302	1.02712	0.00198496
1853	2303	1.02712	0.00198496
1853	2304	1.02712	0.00198496
1853	2305	1.02712	0.00198496
1853	2306	1.02712	0.00198496
1853	2307	1.02712	0.00198496
1853	2308	1.02712	0.00198496
1853	2309	1.02712	0.00198496
1853	2310	1.02712	0.00198496
1853	2311	1.02712	0.00198496
1853	2312	1.02712	0.00198496
1853	2313	1.02712	0.00198496
1853	2314	1.02712	0.00198496
1853	2315	1.02712	0.00198496
1853	2316	1.02712	0.00198496
1853	2317	1.02712	0.00198496
1853	2318	1.02712	0.00198496
1853	2319	1.02712	0.00198496
1853	2320	1.02712	0.00198496
1853	2321	1.02712	0.00198496
1853	2322	1.02712	0.00198496
1853	2323	1.02712	0.00198496
1853	2324	1.02712	0.00198496
1853	2325	1.02712	0.00198496
1853	2326	1.02712	0.00198496
1853	2327	1.02712	0.00198496
1853	2328	1.02712	0.00198496
1853	2329	1.02712	0.00198496
1853	2330	1.02712	0.00198496
1853	2331	1.02712	0.00198496
1853	2332	1.02712	0.00198496
1853	2333	1.02712	0.00198496
1853	2334	1.02712	0.00198496
1853	2335	1.02712	0.00198496
1853	2336	1.02712	0.00198496
1853	2337	1.02712	0.00198496
1853	2338	1.02712	0.00198496
1853	2339	1.02712	0.00198496
1853	2340	1.02712	0.00198496
1853	2341	1.02712	0.00198496
1853	2342	1.02712	0.00198496
1853	2343	1.02712	0.00198496
1853	2344	1.02712	0.00198496
1853	2345	1.02712	0.00198496
1853	2346	1.02712	0.00198496
1853	2347	1.02712	0.00198496
1853	2348	1.02712	0.00198496
1853	2349	1.02712	0.00198496
1853	2350	1.02712	0.00198496
1853	2351	1.02712	0.00198496
1853	2352	1.02712	0.00198496
1853	2353	1.02712	0.00198496
1853	2354	1.02712	0.00198496
1853	2355	1.02712	0.00198496
1853	2356	1.02712	0.00198496
1853	2357	1.02712	0.00198496
1853	2358	1.02712	0.00198496
1853	2359	1.02712	0.00198496
1853	2360	1.02712	0.00198496
1853	2361	1.02712	0.00198496
1853	2362	1.02712	0.00198496
1853	2363	1.02712	0.00198496
1853	2364	1.02712	0.00198496
1853	2365	1.02712	0.00198496
1853	2366	1.02712	0.00198496
1853	2367	1.02712	0.00198496
1853	2368	1.02712	0.00198496
1853	2369	1.02712	0.00198496
1853	2370	1.02712	0.00198496
1853	2371	1.02712	0.00198496
1853	2372	1.02712	0.00198496
1853	2373	1.02712	0.00198496
1853	2374	1.02712	0.00198496
1853	2375	1.02712	0.00198496
1853	2376	1.02712	0.00198496
1853	2377	1.02712	0.00198496
1853	2378	1.02712	0.00198496
1853	2379	1.02712	0.00198496
1853	2380	1.02712	0.00198496
1853	2381	1.02712	0.00198496
1853	2382	1.02712	0.00198496
1853	2383	1.02712	0.00198496
1853	2384	1.02712	0.00198496
1853	2385	1.02712	0.00198496
1853	2386	1.02712	0.00198496
1853	2387	1.02712	0.00198496
1853	2388	1.02712	0.00198496
1853	2389	1.02712	0.00198496
1853	2390	1.02712	0.00198496
1853	2391	1.02712	0.00198496
1853	2392	1.02712	0.00198496
1853	2393	1.02712	0.00198496
1853	2394	1.02712	0.00198496
1853	2395	1.02712	0.00198496
1853	2396	1.02712	0.00198496
1853	2397	1.02712	0.00198496
1853	2398	1.02712	0.00198496
1853	2399	1.02712	0.00198496
1853	2400	1.02712	0.00198496
1853	2401	1.02712	0.00198496
1853	2402	1.02712	0.00198496
1853	2403	1.02712	0.00198496
1853	2404	1.02712	0.00198496
1853	2405	1.02712	0.00198496
1853	2406	1.02712	0.00198496
1853	2407	1.02712	0.00198496
1853	2408	1.02712	0.00198496
1853	2409	1.02712	0.00198496
1853	2410	1.02712	0.00198496
1853	2411	1.02712	0.00198496
1853	2412	1.02712	0.00198496
1853	2413	1.02712	0.00198496
1853	2414	1.02712	0.00198496
1853	2415	1.02712	0.00198496
1853	2416	1.02712	0.00198496
1853	2417	1.02712	0.00198496
1853	2418	1.02712	0.00198496
1853	2419	1.02712	0.00198496
1853	2420	1.02712	0.00198496
1853	2421	1.02712	0.00198496
1853	2422	1.02712	0.00198496
1853	2423	1.02712	0.00198496
1853	2424	1.02712	0.00198496
1853	2425	1.02712	0.00198496
1853	2426	1.02712	0.00198496
1853	2427	1.02712	0.00198496
1853	2428	1.02712	0.00198496
1853	2429	1.02712	0.00198496
1853	2430	1.02712	0.00198496
1853	2431	1.02712	0.00198496
1853	2432	1.02712	0.00198496
1853	2433	1.02712	0.00198496
1853	2434	1.02712	0.00198496
1853	2435	1.02712	0.00198496
1853	2436	1.02712	0.00198496
1853	2437	1.02712	0.00198496
1853	2438	1.02712	0.00198496
1853	2439	1.02712	0.00198496
1853	2440	1.02712	0.00198496
1853	2441	1.02712	0.00198496
1853	2442	1.02712	0.00198496
1853	2443	1.02712	0.00198496
1853	2444	1.02712	0.00198496
1853	2445	1.02712	0.00198496
1853	2446	1.02712	0.00198496
1853	2447	1.02712	0.00198496
1853	2448	1.02712	0.00198496
1853	2449	1.02712	0.00198496
1853	2450	1.02712	0.00198496
1853	2451	1.02712	0.00198496
1853	2452	1.02712	0.00198496
1853	2453	1.02712	0.00198496
1853	2454	1.02712	0.00198496
1853	2455	1.02712	0.00198496
1853	2456	1.02712	0.00198496
1853	2457	1.02712	0.00198496
1853	2458	1.02712	0.00198496
1853	2459	1.02712	0.00198496
1853	2460	1.02712	0.00198496
1853	2461	1.02712	0.00198496
1853	2462	1.02712	0.00198496
1853	2463	1.02712	0.00198496
1853	2464	1.02712	0.00198496
1853	2465	1.02712	0.00198496
1853	2466	1.02712	0.00198496
1853	2467	1.02712	0.00198496
1853	2468	1.02712	0.00198496
1853	2469	1.02712	0.00198496
1853	2470	1.02712	0.00198496
1853	2471	1.02712	0.00198496
1853	2472	1.02712	0.00198496
1853	2473	1.02712	0.00198496
1853	2474	1.02712	0.00198496
1853	2475	1.02712	0.00198496
1853	2476	1.02712	0.00198496
1853	2477	1.02712	0.00198496
1853	2478	1.02712	0.00198496
1853	2479	1.02712	0.00198496
1853	2480	1.02712	0.00198496
1853	2481	1.02712	0.00198496
1853	2482	1.02712	0.00198496
1853	2483	1.02712	0.00198496
1853	2484	1.02712	0.00198496
1853	2485	1.02712	0.00198496
1853	2486	1.02712	0.00198496
1853	2487	1.02712	0.00198496
1853	2488	1.02712	0.00198496
1853	2489	1.02712	0.00198496
1853	2490	1.02712	0.00198496
1853	2491	1.02712	0.00198496
1853	2492	1.02712	0.00198496
1853	2493	1.02712	0.00198496
1853	2494	1.02712	0.00198496
1853	2495	1.02712	0.00198496
1853	2496	1.02712	0.00198496
1853	2497	1.02712	0.00198496
1853	2498	1.02712	0.00198496
1853	2499	1.02712	0.00198496
1853	2500	1.02712	0.00198496
1853	2501	1.02712	0.00198496
1853	2502	1.02712	0.00198496
1853	2503	1.02712	0.00198496
1853	2504	1.02712	0.00198496
1853	2505	1.02712	0.00198496
1853	2506	1.02712	0.00198496
1853	2507	1.02712	0.00198496
1853	2508	1.02712	0.00198496
1853	2509	1.02712	0.00198496
1853	2510	1.02712	0.00198496
1853	2511	1.02712	0.00198496
1853	2512	1.02712	0.00198496
1853	2513	1.02712	0.00198496
1853	2514	1.02712	0.00198496
1853	2515	1.02712	0.00198496
1853	2516	1.02712	0.00198496
1853	2517	1.02712	0.00198496
1853	2518	1.02712	0.00198496
1853	2519	1.02712	0.00198496
1853	2520	1.02712	0.00198496
1853	2521	1.02712	0.00198496
1853	2522	1.02712	0.00198496
1853	2523	1.02712	0.00198496
1853	2524	1.02712	0.00198496
1853	2525	1.02712	0.00198496
1853	2526	1.02712	0.00198496
1853	2527	1.02712	0.00198496
1853	2528	1.02712	0.00198496
1853	2529	1.02712	0.00198496
1853	2530	1.02712	0.00198496
1853	2531	1.02712	0.00198496
1853	2532	1.02712	0.00198496
1853	2533	1.02712	0.00198496
1853	2534	1.02712	0.00198496
1853	2535	1.02712	0.00198496
1853	2536	1.02712	0.00198496
1853	2537	1.02712	0.00198496
1853	2538	1.02712	0.00198496
1853	2539	1.02712	0.00198496
1853	2540	1.02712	0.00198496
1853	2541	1.02712	0.00198496
1853	2542	1.02712	0.00198496
1853	2543	1.02712	0.00198496
1853	2544	1.02712	0.00198496
1853	2545	1.02712	0.00198496
1853	2546	1.02712	0.00198496
1853	2547	1.02712	0.00198496
1853	2548	1.02712	0.00198496
1853	2549	1.02712	0.00198496
1853	2550	1.02712	0.00198496
1853	2551	1.02712	0.00198496
1853	2552	1.02712	0.00198496
1853	2553	1.02712	0.00198496
1853	2554	1.02712	0.00198496
1853	2555	1.02712	0.00198496
1853	2556	1.02712	0.00198496
1853	2557	1.02712	0.00198496
1853	2558	1.02712	0.00198496
1853	2559	1.02712	0.00198496
1853	2560	1.02712	0.00198496
1853	2561	1.02712	0.00198496
1853	2562	1.02712	0.00198496
1853	2563	1.02712	0.00198496
1853	2564	1.02712	0.00198496
1853	2565	1.02712	0.00198496
1853	2566	1.02712	0.00198496
1853	2567	1.02712	0.00198496
1853	2568	1.02712	0.00198496
1853	2569	1.02712	0.00198496
1853	2570	1.02712	0.00198496
1853	2571	1.02712	0.00198496
1853	2572	1.02712	0.00198496
1853	2573	1.02712	0.00198496
1853	2574	1.02712	0.00198496
1853	2575	1.02712	0.00198496
1853	2576	1.02712	0.00198496
1853	2577	1.02712	0.00198496
1853	2578	1.02712	0.00198496
1853	2579	1.02712	0.00198496
1853	2580	1.02712	0.00198496
1853	2581	1.02712	0.00198496
1853	2582	1.02712	0.00198496
1853	2583	1.02712	0.00198496
1853	2584	1.02712	0.00198496
1853	2585	1.02712	0.00198496
1853	2586	1.02712	0.00198496
1853	2587	1.02712	0.00198496
1853	2588	1.02712	0.00198496
1853	2589	1.02712	0.00198496
1853	2590	1.02712	0.00198496
1853	2591	1.02712	0.00198496
1853	2592	1.02712	0.00198496
1853	2593	1.02712	0.00198496
1853	2594	1.02712	0.00198496
1853	2595	1.02712	0.00198496
1853	2596	1.02712	0.00198496
1853	2597	1.02712	0.00198496
1853	2598	1.02712	0.00198496
1853	2599	1.02712	0.00198496
1853	2600	1.02712	0.00198496
1853	2601	1.02712	0.00198496
1853	2602	1.02712	0.00198496
1853	2603	1.02712	0.00198496
1853	2604	1.02712	0.00198496
1853	2605	1.02712	0.00198496
1853	2606	1.02712	0.00198496
1853	2607	1.02712	0.00198496
1853	2608	1.02712	0.00198496
1853	2609	1.02712	0.00198496
1853	2610	1.02712	0.00198496
1853	2611	1.02712	0.00198496
1853	2612	1.02712	0.00198496
1853	2613	1.02712	0.00198496
1853	2614	1.02712	0.00198496
1853	2615	1.02712	0.00198496
1853	2616	1.02712	0.00198496
1853	2617	1.02712	0.00198496
1853	2618	1.02712	0.00198496
1853	2619	1.02712	0.00198496
1853	2620	1.02712	0.00198496
1853	2621	1.02712	0.00198496
1853	2622	1.02712	0.00198496
1853	2623	1.02712	0.00198496
1853	2624	1.02712	0.00198496
1853	2625	1.02712	0.00198496
1853	2626	1.02712	0.00198496
1853	2627	1.02712	0.00198496
1853	2628	1.02712	0.00198496
1853	2629	1.02712	0.00198496
1853	2630	1.02712	0.00198496
1853	2631	1.02712	0.00198496
1853	2632	1.02712	0.00198496
1853	2633	1.02712	0.00198496
1853	2634	1.02712	0.00198496
1853	2635	1.02712	0.00198496
1853	2636	1.02712	0.00198496
1853	2637	1.02712	0.00198496
1853	2638	1.02712	0.00198496
1853	2639	1.02712	0.00198496
1853	2640	1.02712	0.00198496
1853	2641	1.02712	0.00198496
1853	2642	1.02712	0.00198496
1853	2643	1.02712	0.00198496
1853	2644	1.02712	0.00198496
1853	2645	1.02712	0.00198496
1853	2646	1.02712	0.00198496
1853	2647	1.02712	0.00198496
1853	2648	1.02712	0.00198496
1853	2649	1.02712	0.00198496
1853	2650	1.02712	0.00198496
1853	2651	1.02712	0.00198496
1853	2652	1.02712	0.00198496
1853	2653	1.02712	0.00198496
1853	2654	1.02712	0.00198496
1853	2655	1.02712	0.00198496
1853	2656	1.02712	0.00198496
1853	2657	1.02712	0.00198496
1853	2658	1.02712	0.00198496
1853	2659	1.02712	0.00198496
1853	2660	1.02712	0.00198496
1853	2661	1.02712	0.00198496
1853	2662	1.02712	0.00198496
1853	2663	1.02712	0.00198496
1853	2664	1.02712	0.00198496
1853	2665	1.02712	0.00198496
1853	2666	1.02712	0.00198496
