1936	0	1.0215	0.00195802
1936	1	1.0215	0.00195802
1936	2	1.0215	0.00195802
1936	3	1.0215	0.00195802
1936	4	1.0215	0.00195802
1936	5	1.0215	0.00195802
1936	6	1.0215	0.00195802
1936	7	1.0215	0.00195802
1936	8	1.0215	0.00195802
1936	9	1.0215	0.00195802
1936	10	1.0215	0.00195802
1936	11	1.0215	0.00195802
1936	12	1.0215	0.00195802
1936	13	1.0215	0.00195802
1936	14	1.0215	0.00195802
1936	15	1.0215	0.00195802
1936	16	1.0215	0.00195802
1936	17	1.0215	0.00195802
1936	18	1.0215	0.00195802
1936	19	1.0215	0.00195802
1936	20	1.0215	0.00195802
1936	21	1.0215	0.00195802
1936	22	1.0215	0.00195802
1936	23	1.0215	0.00195802
1936	24	1.0215	0.00195802
1936	25	1.0215	0.00195802
1936	26	1.0215	0.00195802
1936	27	1.0215	0.00195802
1936	28	1.0215	0.00195802
1936	29	1.0215	0.00195802
1936	30	1.0215	0.00195802
1936	31	1.0215	0.00195802
1936	32	1.0215	0.00195802
1936	33	1.0215	0.00195802
1936	34	1.0215	0.00195802
1936	35	1.0215	0.00195802
1936	36	1.0215	0.00195802
1936	37	1.0215	0.00195802
1936	38	1.0215	0.00195802
1936	39	1.0215	0.00195802
1936	40	1.0215	0.00195802
1936	41	1.0215	0.00195802
1936	42	1.0215	0.00195802
1936	43	1.0215	0.00195802
1936	44	1.0215	0.00195802
1936	45	1.0215	0.00195802
1936	46	1.0215	0.00195802
1936	47	1.0215	0.00195802
1936	48	1.0215	0.00195802
1936	49	1.0215	0.00195802
1936	50	1.0215	0.00195802
1936	51	1.0215	0.00195802
1936	52	1.0215	0.00195802
1936	53	1.0215	0.00195802
1936	54	1.0215	0.00195802
1936	55	1.0215	0.00195802
1936	56	1.0215	0.00195802
1936	57	1.0215	0.00195802
1936	58	1.0215	0.00195802
1936	59	1.0215	0.00195802
1936	60	1.0215	0.00195802
1936	61	1.0215	0.00195802
1936	62	1.0215	0.00195802
1936	63	1.0215	0.00195802
1936	64	1.0215	0.00195802
1936	65	1.0215	0.00195802
1936	66	1.0215	0.00195802
1936	67	1.0215	0.00195802
1936	68	1.0215	0.00195802
1936	69	1.0215	0.00195802
1936	70	1.0215	0.00195802
1936	71	1.0215	0.00195802
1936	72	1.0215	0.00195802
1936	73	1.0215	0.00195802
1936	74	1.0215	0.00195802
1936	75	1.0215	0.00195802
1936	76	1.0215	0.00195802
1936	77	1.0215	0.00195802
1936	78	1.0215	0.00195802
1936	79	1.0215	0.00195802
1936	80	1.0215	0.00195802
1936	81	1.0215	0.00195802
1936	82	1.0215	0.00195802
1936	83	1.0215	0.00195802
1936	84	1.0215	0.00195802
1936	85	1.0215	0.00195802
1936	86	1.0215	0.00195802
1936	87	1.0215	0.00195802
1936	88	1.0215	0.00195802
1936	89	1.0215	0.00195802
1936	90	1.0215	0.00195802
1936	91	1.0215	0.00195802
1936	92	1.0215	0.00195802
1936	93	1.0215	0.00195802
1936	94	1.0215	0.00195802
1936	95	1.0215	0.00195802
1936	96	1.0215	0.00195802
1936	97	1.0215	0.00195802
1936	98	1.0215	0.00195802
1936	99	1.0215	0.00195802
1936	100	1.0215	0.00195802
1936	101	1.0215	0.00195802
1936	102	1.0215	0.00195802
1936	103	1.0215	0.00195802
1936	104	1.0215	0.00195802
1936	105	1.0215	0.00195802
1936	106	1.0215	0.00195802
1936	107	1.0215	0.00195802
1936	108	1.0215	0.00195802
1936	109	1.0215	0.00195802
1936	110	1.0215	0.00195802
1936	111	1.0215	0.00195802
1936	112	1.0215	0.00195802
1936	113	1.0215	0.00195802
1936	114	1.0215	0.00195802
1936	115	1.0215	0.00195802
1936	116	1.0215	0.00195802
1936	117	1.0215	0.00195802
1936	118	1.0215	0.00195802
1936	119	1.0215	0.00195802
1936	120	1.0215	0.00195802
1936	121	1.0215	0.00195802
1936	122	1.0215	0.00195802
1936	123	1.0215	0.00195802
1936	124	1.0215	0.00195802
1936	125	1.0215	0.00195802
1936	126	1.0215	0.00195802
1936	127	1.0215	0.00195802
1936	128	1.0215	0.00195802
1936	129	1.0215	0.00195802
1936	130	1.0215	0.00195802
1936	131	1.0215	0.00195802
1936	132	1.0215	0.00195802
1936	133	1.0215	0.00195802
1936	134	1.0215	0.00195802
1936	135	1.0215	0.00195802
1936	136	1.0215	0.00195802
1936	137	1.0215	0.00195802
1936	138	1.0215	0.00195802
1936	139	1.0215	0.00195802
1936	140	1.0215	0.00195802
1936	141	1.0215	0.00195802
1936	142	1.0215	0.00195802
1936	143	1.0215	0.00195802
1936	144	1.0215	0.00195802
1936	145	1.0215	0.00195802
1936	146	1.0215	0.00195802
1936	147	1.0215	0.00195802
1936	148	1.0215	0.00195802
1936	149	1.0215	0.00195802
1936	150	1.0215	0.00195802
1936	151	1.0215	0.00195802
1936	152	1.0215	0.00195802
1936	153	1.0215	0.00195802
1936	154	1.0215	0.00195802
1936	155	1.0215	0.00195802
1936	156	1.0215	0.00195802
1936	157	1.0215	0.00195802
1936	158	1.0215	0.00195802
1936	159	1.0215	0.00195802
1936	160	1.0215	0.00195802
1936	161	1.0215	0.00195802
1936	162	1.0215	0.00195802
1936	163	1.0215	0.00195802
1936	164	1.0215	0.00195802
1936	165	1.0215	0.00195802
1936	166	1.0215	0.00195802
1936	167	1.0215	0.00195802
1936	168	1.0215	0.00195802
1936	169	1.0215	0.00195802
1936	170	1.0215	0.00195802
1936	171	1.0215	0.00195802
1936	172	1.0215	0.00195802
1936	173	1.0215	0.00195802
1936	174	1.0215	0.00195802
1936	175	1.0215	0.00195802
1936	176	1.0215	0.00195802
1936	177	1.0215	0.00195802
1936	178	1.0215	0.00195802
1936	179	1.0215	0.00195802
1936	180	1.0215	0.00195802
1936	181	1.0215	0.00195802
1936	182	1.0215	0.00195802
1936	183	1.0215	0.00195802
1936	184	1.0215	0.00195802
1936	185	1.0215	0.00195802
1936	186	1.0215	0.00195802
1936	187	1.0215	0.00195802
1936	188	1.0215	0.00195802
1936	189	1.0215	0.00195802
1936	190	1.0215	0.00195802
1936	191	1.0215	0.00195802
1936	192	1.0215	0.00195802
1936	193	1.0215	0.00195802
1936	194	1.0215	0.00195802
1936	195	1.0215	0.00195802
1936	196	1.0215	0.00195802
1936	197	1.0215	0.00195802
1936	198	1.0215	0.00195802
1936	199	1.0215	0.00195802
1936	200	1.0215	0.00195802
1936	201	1.0215	0.00195802
1936	202	1.0215	0.00195802
1936	203	1.0215	0.00195802
1936	204	1.0215	0.00195802
1936	205	1.0215	0.00195802
1936	206	1.0215	0.00195802
1936	207	1.0215	0.00195802
1936	208	1.0215	0.00195802
1936	209	1.0215	0.00195802
1936	210	1.0215	0.00195802
1936	211	1.0215	0.00195802
1936	212	1.0215	0.00195802
1936	213	1.0215	0.00195802
1936	214	1.0215	0.00195802
1936	215	1.0215	0.00195802
1936	216	1.0215	0.00195802
1936	217	1.0215	0.00195802
1936	218	1.0215	0.00195802
1936	219	1.0215	0.00195802
1936	220	1.0215	0.00195802
1936	221	1.0215	0.00195802
1936	222	1.0215	0.00195802
1936	223	1.0215	0.00195802
1936	224	1.0215	0.00195802
1936	225	1.0215	0.00195802
1936	226	1.0215	0.00195802
1936	227	1.0215	0.00195802
1936	228	1.0215	0.00195802
1936	229	1.0215	0.00195802
1936	230	1.0215	0.00195802
1936	231	1.0215	0.00195802
1936	232	1.0215	0.00195802
1936	233	1.0215	0.00195802
1936	234	1.0215	0.00195802
1936	235	1.0215	0.00195802
1936	236	1.0215	0.00195802
1936	237	1.0215	0.00195802
1936	238	1.0215	0.00195802
1936	239	1.0215	0.00195802
1936	240	1.0215	0.00195802
1936	241	1.0215	0.00195802
1936	242	1.0215	0.00195802
1936	243	1.0215	0.00195802
1936	244	1.0215	0.00195802
1936	245	1.0215	0.00195802
1936	246	1.0215	0.00195802
1936	247	1.0215	0.00195802
1936	248	1.0215	0.00195802
1936	249	1.0215	0.00195802
1936	250	1.0215	0.00195802
1936	251	1.0215	0.00195802
1936	252	1.0215	0.00195802
1936	253	1.0215	0.00195802
1936	254	1.0215	0.00195802
1936	255	1.0215	0.00195802
1936	256	1.0215	0.00195802
1936	257	1.0215	0.00195802
1936	258	1.0215	0.00195802
1936	259	1.0215	0.00195802
1936	260	1.0215	0.00195802
1936	261	1.0215	0.00195802
1936	262	1.0215	0.00195802
1936	263	1.0215	0.00195802
1936	264	1.0215	0.00195802
1936	265	1.0215	0.00195802
1936	266	1.0215	0.00195802
1936	267	1.0215	0.00195802
1936	268	1.0215	0.00195802
1936	269	1.0215	0.00195802
1936	270	1.0215	0.00195802
1936	271	1.0215	0.00195802
1936	272	1.0215	0.00195802
1936	273	1.0215	0.00195802
1936	274	1.0215	0.00195802
1936	275	1.0215	0.00195802
1936	276	1.0215	0.00195802
1936	277	1.0215	0.00195802
1936	278	1.0215	0.00195802
1936	279	1.0215	0.00195802
1936	280	1.0215	0.00195802
1936	281	1.0215	0.00195802
1936	282	1.0215	0.00195802
1936	283	1.0215	0.00195802
1936	284	1.0215	0.00195802
1936	285	1.0215	0.00195802
1936	286	1.0215	0.00195802
1936	287	1.0215	0.00195802
1936	288	1.0215	0.00195802
1936	289	1.0215	0.00195802
1936	290	1.0215	0.00195802
1936	291	1.0215	0.00195802
1936	292	1.0215	0.00195802
1936	293	1.0215	0.00195802
1936	294	1.0215	0.00195802
1936	295	1.0215	0.00195802
1936	296	1.0215	0.00195802
1936	297	1.0215	0.00195802
1936	298	1.0215	0.00195802
1936	299	1.0215	0.00195802
1936	300	1.0215	0.00195802
1936	301	1.0215	0.00195802
1936	302	1.0215	0.00195802
1936	303	1.0215	0.00195802
1936	304	1.0215	0.00195802
1936	305	1.0215	0.00195802
1936	306	1.0215	0.00195802
1936	307	1.0215	0.00195802
1936	308	1.0215	0.00195802
1936	309	1.0215	0.00195802
1936	310	1.0215	0.00195802
1936	311	1.0215	0.00195802
1936	312	1.0215	0.00195802
1936	313	1.0215	0.00195802
1936	314	1.0215	0.00195802
1936	315	1.0215	0.00195802
1936	316	1.0215	0.00195802
1936	317	1.0215	0.00195802
1936	318	1.0215	0.00195802
1936	319	1.0215	0.00195802
1936	320	1.0215	0.00195802
1936	321	1.0215	0.00195802
1936	322	1.0215	0.00195802
1936	323	1.0215	0.00195802
1936	324	1.0215	0.00195802
1936	325	1.0215	0.00195802
1936	326	1.0215	0.00195802
1936	327	1.0215	0.00195802
1936	328	1.0215	0.00195802
1936	329	1.0215	0.00195802
1936	330	1.0215	0.00195802
1936	331	1.0215	0.00195802
1936	332	1.0215	0.00195802
1936	333	1.0215	0.00195802
1936	334	1.0215	0.00195802
1936	335	1.0215	0.00195802
1936	336	1.0215	0.00195802
1936	337	1.0215	0.00195802
1936	338	1.0215	0.00195802
1936	339	1.0215	0.00195802
1936	340	1.0215	0.00195802
1936	341	1.0215	0.00195802
1936	342	1.0215	0.00195802
1936	343	1.0215	0.00195802
1936	344	1.0215	0.00195802
1936	345	1.0215	0.00195802
1936	346	1.0215	0.00195802
1936	347	1.0215	0.00195802
1936	348	1.0215	0.00195802
1936	349	1.0215	0.00195802
1936	350	1.0215	0.00195802
1936	351	1.0215	0.00195802
1936	352	1.0215	0.00195802
1936	353	1.0215	0.00195802
1936	354	1.0215	0.00195802
1936	355	1.0215	0.00195802
1936	356	1.0215	0.00195802
1936	357	1.0215	0.00195802
1936	358	1.0215	0.00195802
1936	359	1.0215	0.00195802
1936	360	1.0215	0.00195802
1936	361	1.0215	0.00195802
1936	362	1.0215	0.00195802
1936	363	1.0215	0.00195802
1936	364	1.0215	0.00195802
1936	365	1.0215	0.00195802
1936	366	1.0215	0.00195802
1936	367	1.0215	0.00195802
1936	368	1.0215	0.00195802
1936	369	1.0215	0.00195802
1936	370	1.0215	0.00195802
1936	371	1.0215	0.00195802
1936	372	1.0215	0.00195802
1936	373	1.0215	0.00195802
1936	374	1.0215	0.00195802
1936	375	1.0215	0.00195802
1936	376	1.0215	0.00195802
1936	377	1.0215	0.00195802
1936	378	1.0215	0.00195802
1936	379	1.0215	0.00195802
1936	380	1.0215	0.00195802
1936	381	1.0215	0.00195802
1936	382	1.0215	0.00195802
1936	383	1.0215	0.00195802
1936	384	1.0215	0.00195802
1936	385	1.0215	0.00195802
1936	386	1.0215	0.00195802
1936	387	1.0215	0.00195802
1936	388	1.0215	0.00195802
1936	389	1.0215	0.00195802
1936	390	1.0215	0.00195802
1936	391	1.0215	0.00195802
1936	392	1.0215	0.00195802
1936	393	1.0215	0.00195802
1936	394	1.0215	0.00195802
1936	395	1.0215	0.00195802
1936	396	1.0215	0.00195802
1936	397	1.0215	0.00195802
1936	398	1.0215	0.00195802
1936	399	1.0215	0.00195802
1936	400	1.0215	0.00195802
1936	401	1.0215	0.00195802
1936	402	1.0215	0.00195802
1936	403	1.0215	0.00195802
1936	404	1.0215	0.00195802
1936	405	1.0215	0.00195802
1936	406	1.0215	0.00195802
1936	407	1.0215	0.00195802
1936	408	1.0215	0.00195802
1936	409	1.0215	0.00195802
1936	410	1.0215	0.00195802
1936	411	1.0215	0.00195802
1936	412	1.0215	0.00195802
1936	413	1.0215	0.00195802
1936	414	1.0215	0.00195802
1936	415	1.0215	0.00195802
1936	416	1.0215	0.00195802
1936	417	1.0215	0.00195802
1936	418	1.0215	0.00195802
1936	419	1.0215	0.00195802
1936	420	1.0215	0.00195802
1936	421	1.0215	0.00195802
1936	422	1.0215	0.00195802
1936	423	1.0215	0.00195802
1936	424	1.0215	0.00195802
1936	425	1.0215	0.00195802
1936	426	1.0215	0.00195802
1936	427	1.0215	0.00195802
1936	428	1.0215	0.00195802
1936	429	1.0215	0.00195802
1936	430	1.0215	0.00195802
1936	431	1.0215	0.00195802
1936	432	1.0215	0.00195802
1936	433	1.0215	0.00195802
1936	434	1.0215	0.00195802
1936	435	1.0215	0.00195802
1936	436	1.0215	0.00195802
1936	437	1.0215	0.00195802
1936	438	1.0215	0.00195802
1936	439	1.0215	0.00195802
1936	440	1.0215	0.00195802
1936	441	1.0215	0.00195802
1936	442	1.0215	0.00195802
1936	443	1.0215	0.00195802
1936	444	1.0215	0.00195802
1936	445	1.0215	0.00195802
1936	446	1.0215	0.00195802
1936	447	1.0215	0.00195802
1936	448	1.0215	0.00195802
1936	449	1.0215	0.00195802
1936	450	1.0215	0.00195802
1936	451	1.0215	0.00195802
1936	452	1.0215	0.00195802
1936	453	1.0215	0.00195802
1936	454	1.0215	0.00195802
1936	455	1.0215	0.00195802
1936	456	1.0215	0.00195802
1936	457	1.0215	0.00195802
1936	458	1.0215	0.00195802
1936	459	1.0215	0.00195802
1936	460	1.0215	0.00195802
1936	461	1.0215	0.00195802
1936	462	1.0215	0.00195802
1936	463	1.0215	0.00195802
1936	464	1.0215	0.00195802
1936	465	1.0215	0.00195802
1936	466	1.0215	0.00195802
1936	467	1.0215	0.00195802
1936	468	1.0215	0.00195802
1936	469	1.0215	0.00195802
1936	470	1.0215	0.00195802
1936	471	1.0215	0.00195802
1936	472	1.0215	0.00195802
1936	473	1.0215	0.00195802
1936	474	1.0215	0.00195802
1936	475	1.0215	0.00195802
1936	476	1.0215	0.00195802
1936	477	1.0215	0.00195802
1936	478	1.0215	0.00195802
1936	479	1.0215	0.00195802
1936	480	1.0215	0.00195802
1936	481	1.0215	0.00195802
1936	482	1.0215	0.00195802
1936	483	1.0215	0.00195802
1936	484	1.0215	0.00195802
1936	485	1.0215	0.00195802
1936	486	1.0215	0.00195802
1936	487	1.0215	0.00195802
1936	488	1.0215	0.00195802
1936	489	1.0215	0.00195802
1936	490	1.0215	0.00195802
1936	491	1.0215	0.00195802
1936	492	1.0215	0.00195802
1936	493	1.0215	0.00195802
1936	494	1.0215	0.00195802
1936	495	1.0215	0.00195802
1936	496	1.0215	0.00195802
1936	497	1.0215	0.00195802
1936	498	1.0215	0.00195802
1936	499	1.0215	0.00195802
1936	500	1.0215	0.00195802
1936	501	1.0215	0.00195802
1936	502	1.0215	0.00195802
1936	503	1.0215	0.00195802
1936	504	1.0215	0.00195802
1936	505	1.0215	0.00195802
1936	506	1.0215	0.00195802
1936	507	1.0215	0.00195802
1936	508	1.0215	0.00195802
1936	509	1.0215	0.00195802
1936	510	1.0215	0.00195802
1936	511	1.0215	0.00195802
1936	512	1.0215	0.00195802
1936	513	1.0215	0.00195802
1936	514	1.0215	0.00195802
1936	515	1.0215	0.00195802
1936	516	1.0215	0.00195802
1936	517	1.0215	0.00195802
1936	518	1.0215	0.00195802
1936	519	1.0215	0.00195802
1936	520	1.0215	0.00195802
1936	521	1.0215	0.00195802
1936	522	1.0215	0.00195802
1936	523	1.0215	0.00195802
1936	524	1.0215	0.00195802
1936	525	1.0215	0.00195802
1936	526	1.0215	0.00195802
1936	527	1.0215	0.00195802
1936	528	1.0215	0.00195802
1936	529	1.0215	0.00195802
1936	530	1.0215	0.00195802
1936	531	1.0215	0.00195802
1936	532	1.0215	0.00195802
1936	533	1.0215	0.00195802
1936	534	1.0215	0.00195802
1936	535	1.0215	0.00195802
1936	536	1.0215	0.00195802
1936	537	1.0215	0.00195802
1936	538	1.0215	0.00195802
1936	539	1.0215	0.00195802
1936	540	1.0215	0.00195802
1936	541	1.0215	0.00195802
1936	542	1.0215	0.00195802
1936	543	1.0215	0.00195802
1936	544	1.0215	0.00195802
1936	545	1.0215	0.00195802
1936	546	1.0215	0.00195802
1936	547	1.0215	0.00195802
1936	548	1.0215	0.00195802
1936	549	1.0215	0.00195802
1936	550	1.0215	0.00195802
1936	551	1.0215	0.00195802
1936	552	1.0215	0.00195802
1936	553	1.0215	0.00195802
1936	554	1.0215	0.00195802
1936	555	1.0215	0.00195802
1936	556	1.0215	0.00195802
1936	557	1.0215	0.00195802
1936	558	1.0215	0.00195802
1936	559	1.0215	0.00195802
1936	560	1.0215	0.00195802
1936	561	1.0215	0.00195802
1936	562	1.0215	0.00195802
1936	563	1.0215	0.00195802
1936	564	1.0215	0.00195802
1936	565	1.0215	0.00195802
1936	566	1.0215	0.00195802
1936	567	1.0215	0.00195802
1936	568	1.0215	0.00195802
1936	569	1.0215	0.00195802
1936	570	1.0215	0.00195802
1936	571	1.0215	0.00195802
1936	572	1.0215	0.00195802
1936	573	1.0215	0.00195802
1936	574	1.0215	0.00195802
1936	575	1.0215	0.00195802
1936	576	1.0215	0.00195802
1936	577	1.0215	0.00195802
1936	578	1.0215	0.00195802
1936	579	1.0215	0.00195802
1936	580	1.0215	0.00195802
1936	581	1.0215	0.00195802
1936	582	1.0215	0.00195802
1936	583	1.0215	0.00195802
1936	584	1.0215	0.00195802
1936	585	1.0215	0.00195802
1936	586	1.0215	0.00195802
1936	587	1.0215	0.00195802
1936	588	1.0215	0.00195802
1936	589	1.0215	0.00195802
1936	590	1.0215	0.00195802
1936	591	1.0215	0.00195802
1936	592	1.0215	0.00195802
1936	593	1.0215	0.00195802
1936	594	1.0215	0.00195802
1936	595	1.0215	0.00195802
1936	596	1.0215	0.00195802
1936	597	1.0215	0.00195802
1936	598	1.0215	0.00195802
1936	599	1.0215	0.00195802
1936	600	1.0215	0.00195802
1936	601	1.0215	0.00195802
1936	602	1.0215	0.00195802
1936	603	1.0215	0.00195802
1936	604	1.0215	0.00195802
1936	605	1.0215	0.00195802
1936	606	1.0215	0.00195802
1936	607	1.0215	0.00195802
1936	608	1.0215	0.00195802
1936	609	1.0215	0.00195802
1936	610	1.0215	0.00195802
1936	611	1.0215	0.00195802
1936	612	1.0215	0.00195802
1936	613	1.0215	0.00195802
1936	614	1.0215	0.00195802
1936	615	1.0215	0.00195802
1936	616	1.0215	0.00195802
1936	617	1.0215	0.00195802
1936	618	1.0215	0.00195802
1936	619	1.0215	0.00195802
1936	620	1.0215	0.00195802
1936	621	1.0215	0.00195802
1936	622	1.0215	0.00195802
1936	623	1.0215	0.00195802
1936	624	1.0215	0.00195802
1936	625	1.0215	0.00195802
1936	626	1.0215	0.00195802
1936	627	1.0215	0.00195802
1936	628	1.0215	0.00195802
1936	629	1.0215	0.00195802
1936	630	1.0215	0.00195802
1936	631	1.0215	0.00195802
1936	632	1.0215	0.00195802
1936	633	1.0215	0.00195802
1936	634	1.0215	0.00195802
1936	635	1.0215	0.00195802
1936	636	1.0215	0.00195802
1936	637	1.0215	0.00195802
1936	638	1.0215	0.00195802
1936	639	1.0215	0.00195802
1936	640	1.0215	0.00195802
1936	641	1.0215	0.00195802
1936	642	1.0215	0.00195802
1936	643	1.0215	0.00195802
1936	644	1.0215	0.00195802
1936	645	1.0215	0.00195802
1936	646	1.0215	0.00195802
1936	647	1.0215	0.00195802
1936	648	1.0215	0.00195802
1936	649	1.0215	0.00195802
1936	650	1.0215	0.00195802
1936	651	1.0215	0.00195802
1936	652	1.0215	0.00195802
1936	653	1.0215	0.00195802
1936	654	1.0215	0.00195802
1936	655	1.0215	0.00195802
1936	656	1.0215	0.00195802
1936	657	1.0215	0.00195802
1936	658	1.0215	0.00195802
1936	659	1.0215	0.00195802
1936	660	1.0215	0.00195802
1936	661	1.0215	0.00195802
1936	662	1.0215	0.00195802
1936	663	1.0215	0.00195802
1936	664	1.0215	0.00195802
1936	665	1.0215	0.00195802
1936	666	1.0215	0.00195802
1936	667	1.0215	0.00195802
1936	668	1.0215	0.00195802
1936	669	1.0215	0.00195802
1936	670	1.0215	0.00195802
1936	671	1.0215	0.00195802
1936	672	1.0215	0.00195802
1936	673	1.0215	0.00195802
1936	674	1.0215	0.00195802
1936	675	1.0215	0.00195802
1936	676	1.0215	0.00195802
1936	677	1.0215	0.00195802
1936	678	1.0215	0.00195802
1936	679	1.0215	0.00195802
1936	680	1.0215	0.00195802
1936	681	1.0215	0.00195802
1936	682	1.0215	0.00195802
1936	683	1.0215	0.00195802
1936	684	1.0215	0.00195802
1936	685	1.0215	0.00195802
1936	686	1.0215	0.00195802
1936	687	1.0215	0.00195802
1936	688	1.0215	0.00195802
1936	689	1.0215	0.00195802
1936	690	1.0215	0.00195802
1936	691	1.0215	0.00195802
1936	692	1.0215	0.00195802
1936	693	1.0215	0.00195802
1936	694	1.0215	0.00195802
1936	695	1.0215	0.00195802
1936	696	1.0215	0.00195802
1936	697	1.0215	0.00195802
1936	698	1.0215	0.00195802
1936	699	1.0215	0.00195802
1936	700	1.0215	0.00195802
1936	701	1.0215	0.00195802
1936	702	1.0215	0.00195802
1936	703	1.0215	0.00195802
1936	704	1.0215	0.00195802
1936	705	1.0215	0.00195802
1936	706	1.0215	0.00195802
1936	707	1.0215	0.00195802
1936	708	1.0215	0.00195802
1936	709	1.0215	0.00195802
1936	710	1.0215	0.00195802
1936	711	1.0215	0.00195802
1936	712	1.0215	0.00195802
1936	713	1.0215	0.00195802
1936	714	1.0215	0.00195802
1936	715	1.0215	0.00195802
1936	716	1.0215	0.00195802
1936	717	1.0215	0.00195802
1936	718	1.0215	0.00195802
1936	719	1.0215	0.00195802
1936	720	1.0215	0.00195802
1936	721	1.0215	0.00195802
1936	722	1.0215	0.00195802
1936	723	1.0215	0.00195802
1936	724	1.0215	0.00195802
1936	725	1.0215	0.00195802
1936	726	1.0215	0.00195802
1936	727	1.0215	0.00195802
1936	728	1.0215	0.00195802
1936	729	1.0215	0.00195802
1936	730	1.0215	0.00195802
1936	731	1.0215	0.00195802
1936	732	1.0215	0.00195802
1936	733	1.0215	0.00195802
1936	734	1.0215	0.00195802
1936	735	1.0215	0.00195802
1936	736	1.0215	0.00195802
1936	737	1.0215	0.00195802
1936	738	1.0215	0.00195802
1936	739	1.0215	0.00195802
1936	740	1.0215	0.00195802
1936	741	1.0215	0.00195802
1936	742	1.0215	0.00195802
1936	743	1.0215	0.00195802
1936	744	1.0215	0.00195802
1936	745	1.0215	0.00195802
1936	746	1.0215	0.00195802
1936	747	1.0215	0.00195802
1936	748	1.0215	0.00195802
1936	749	1.0215	0.00195802
1936	750	1.0215	0.00195802
1936	751	1.0215	0.00195802
1936	752	1.0215	0.00195802
1936	753	1.0215	0.00195802
1936	754	1.0215	0.00195802
1936	755	1.0215	0.00195802
1936	756	1.0215	0.00195802
1936	757	1.0215	0.00195802
1936	758	1.0215	0.00195802
1936	759	1.0215	0.00195802
1936	760	1.0215	0.00195802
1936	761	1.0215	0.00195802
1936	762	1.0215	0.00195802
1936	763	1.0215	0.00195802
1936	764	1.0215	0.00195802
1936	765	1.0215	0.00195802
1936	766	1.0215	0.00195802
1936	767	1.0215	0.00195802
1936	768	1.0215	0.00195802
1936	769	1.0215	0.00195802
1936	770	1.0215	0.00195802
1936	771	1.0215	0.00195802
1936	772	1.0215	0.00195802
1936	773	1.0215	0.00195802
1936	774	1.0215	0.00195802
1936	775	1.0215	0.00195802
1936	776	1.0215	0.00195802
1936	777	1.0215	0.00195802
1936	778	1.0215	0.00195802
1936	779	1.0215	0.00195802
1936	780	1.0215	0.00195802
1936	781	1.0215	0.00195802
1936	782	1.0215	0.00195802
1936	783	1.0215	0.00195802
1936	784	1.0215	0.00195802
1936	785	1.0215	0.00195802
1936	786	1.0215	0.00195802
1936	787	1.0215	0.00195802
1936	788	1.0215	0.00195802
1936	789	1.0215	0.00195802
1936	790	1.0215	0.00195802
1936	791	1.0215	0.00195802
1936	792	1.0215	0.00195802
1936	793	1.0215	0.00195802
1936	794	1.0215	0.00195802
1936	795	1.0215	0.00195802
1936	796	1.0215	0.00195802
1936	797	1.0215	0.00195802
1936	798	1.0215	0.00195802
1936	799	1.0215	0.00195802
1936	800	1.0215	0.00195802
1936	801	1.0215	0.00195802
1936	802	1.0215	0.00195802
1936	803	1.0215	0.00195802
1936	804	1.0215	0.00195802
1936	805	1.0215	0.00195802
1936	806	1.0215	0.00195802
1936	807	1.0215	0.00195802
1936	808	1.0215	0.00195802
1936	809	1.0215	0.00195802
1936	810	1.0215	0.00195802
1936	811	1.0215	0.00195802
1936	812	1.0215	0.00195802
1936	813	1.0215	0.00195802
1936	814	1.0215	0.00195802
1936	815	1.0215	0.00195802
1936	816	1.0215	0.00195802
1936	817	1.0215	0.00195802
1936	818	1.0215	0.00195802
1936	819	1.0215	0.00195802
1936	820	1.0215	0.00195802
1936	821	1.0215	0.00195802
1936	822	1.0215	0.00195802
1936	823	1.0215	0.00195802
1936	824	1.0215	0.00195802
1936	825	1.0215	0.00195802
1936	826	1.0215	0.00195802
1936	827	1.0215	0.00195802
1936	828	1.0215	0.00195802
1936	829	1.0215	0.00195802
1936	830	1.0215	0.00195802
1936	831	1.0215	0.00195802
1936	832	1.0215	0.00195802
1936	833	1.0215	0.00195802
1936	834	1.0215	0.00195802
1936	835	1.0215	0.00195802
1936	836	1.0215	0.00195802
1936	837	1.0215	0.00195802
1936	838	1.0215	0.00195802
1936	839	1.0215	0.00195802
1936	840	1.0215	0.00195802
1936	841	1.0215	0.00195802
1936	842	1.0215	0.00195802
1936	843	1.0215	0.00195802
1936	844	1.0215	0.00195802
1936	845	1.0215	0.00195802
1936	846	1.0215	0.00195802
1936	847	1.0215	0.00195802
1936	848	1.0215	0.00195802
1936	849	1.0215	0.00195802
1936	850	1.0215	0.00195802
1936	851	1.0215	0.00195802
1936	852	1.0215	0.00195802
1936	853	1.0215	0.00195802
1936	854	1.0215	0.00195802
1936	855	1.0215	0.00195802
1936	856	1.0215	0.00195802
1936	857	1.0215	0.00195802
1936	858	1.0215	0.00195802
1936	859	1.0215	0.00195802
1936	860	1.0215	0.00195802
1936	861	1.0215	0.00195802
1936	862	1.0215	0.00195802
1936	863	1.0215	0.00195802
1936	864	1.0215	0.00195802
1936	865	1.0215	0.00195802
1936	866	1.0215	0.00195802
1936	867	1.0215	0.00195802
1936	868	1.0215	0.00195802
1936	869	1.0215	0.00195802
1936	870	1.0215	0.00195802
1936	871	1.0215	0.00195802
1936	872	1.0215	0.00195802
1936	873	1.0215	0.00195802
1936	874	1.0215	0.00195802
1936	875	1.0215	0.00195802
1936	876	1.0215	0.00195802
1936	877	1.0215	0.00195802
1936	878	1.0215	0.00195802
1936	879	1.0215	0.00195802
1936	880	1.0215	0.00195802
1936	881	1.0215	0.00195802
1936	882	1.0215	0.00195802
1936	883	1.0215	0.00195802
1936	884	1.0215	0.00195802
1936	885	1.0215	0.00195802
1936	886	1.0215	0.00195802
1936	887	1.0215	0.00195802
1936	888	1.0215	0.00195802
1936	889	1.0215	0.00195802
1936	890	1.0215	0.00195802
1936	891	1.0215	0.00195802
1936	892	1.0215	0.00195802
1936	893	1.0215	0.00195802
1936	894	1.0215	0.00195802
1936	895	1.0215	0.00195802
1936	896	1.0215	0.00195802
1936	897	1.0215	0.00195802
1936	898	1.0215	0.00195802
1936	899	1.0215	0.00195802
1936	900	1.0215	0.00195802
1936	901	1.0215	0.00195802
1936	902	1.0215	0.00195802
1936	903	1.0215	0.00195802
1936	904	1.0215	0.00195802
1936	905	1.0215	0.00195802
1936	906	1.0215	0.00195802
1936	907	1.0215	0.00195802
1936	908	1.0215	0.00195802
1936	909	1.0215	0.00195802
1936	910	1.0215	0.00195802
1936	911	1.0215	0.00195802
1936	912	1.0215	0.00195802
1936	913	1.0215	0.00195802
1936	914	1.0215	0.00195802
1936	915	1.0215	0.00195802
1936	916	1.0215	0.00195802
1936	917	1.0215	0.00195802
1936	918	1.0215	0.00195802
1936	919	1.0215	0.00195802
1936	920	1.0215	0.00195802
1936	921	1.0215	0.00195802
1936	922	1.0215	0.00195802
1936	923	1.0215	0.00195802
1936	924	1.0215	0.00195802
1936	925	1.0215	0.00195802
1936	926	1.0215	0.00195802
1936	927	1.0215	0.00195802
1936	928	1.0215	0.00195802
1936	929	1.0215	0.00195802
1936	930	1.0215	0.00195802
1936	931	1.0215	0.00195802
1936	932	1.0215	0.00195802
1936	933	1.0215	0.00195802
1936	934	1.0215	0.00195802
1936	935	1.0215	0.00195802
1936	936	1.0215	0.00195802
1936	937	1.0215	0.00195802
1936	938	1.0215	0.00195802
1936	939	1.0215	0.00195802
1936	940	1.0215	0.00195802
1936	941	1.0215	0.00195802
1936	942	1.0215	0.00195802
1936	943	1.0215	0.00195802
1936	944	1.0215	0.00195802
1936	945	1.0215	0.00195802
1936	946	1.0215	0.00195802
1936	947	1.0215	0.00195802
1936	948	1.0215	0.00195802
1936	949	1.0215	0.00195802
1936	950	1.0215	0.00195802
1936	951	1.0215	0.00195802
1936	952	1.0215	0.00195802
1936	953	1.0215	0.00195802
1936	954	1.0215	0.00195802
1936	955	1.0215	0.00195802
1936	956	1.0215	0.00195802
1936	957	1.0215	0.00195802
1936	958	1.0215	0.00195802
1936	959	1.0215	0.00195802
1936	960	1.0215	0.00195802
1936	961	1.0215	0.00195802
1936	962	1.0215	0.00195802
1936	963	1.0215	0.00195802
1936	964	1.0215	0.00195802
1936	965	1.0215	0.00195802
1936	966	1.0215	0.00195802
1936	967	1.0215	0.00195802
1936	968	1.0215	0.00195802
1936	969	1.0215	0.00195802
1936	970	1.0215	0.00195802
1936	971	1.0215	0.00195802
1936	972	1.0215	0.00195802
1936	973	1.0215	0.00195802
1936	974	1.0215	0.00195802
1936	975	1.0215	0.00195802
1936	976	1.0215	0.00195802
1936	977	1.0215	0.00195802
1936	978	1.0215	0.00195802
1936	979	1.0215	0.00195802
1936	980	1.0215	0.00195802
1936	981	1.0215	0.00195802
1936	982	1.0215	0.00195802
1936	983	1.0215	0.00195802
1936	984	1.0215	0.00195802
1936	985	1.0215	0.00195802
1936	986	1.0215	0.00195802
1936	987	1.0215	0.00195802
1936	988	1.0215	0.00195802
1936	989	1.0215	0.00195802
1936	990	1.0215	0.00195802
1936	991	1.0215	0.00195802
1936	992	1.0215	0.00195802
1936	993	1.0215	0.00195802
1936	994	1.0215	0.00195802
1936	995	1.0215	0.00195802
1936	996	1.0215	0.00195802
1936	997	1.0215	0.00195802
1936	998	1.0215	0.00195802
1936	999	1.0215	0.00195802
1936	1000	1.0215	0.00195802
1936	1001	1.0215	0.00195802
1936	1002	1.0215	0.00195802
1936	1003	1.0215	0.00195802
1936	1004	1.0215	0.00195802
1936	1005	1.0215	0.00195802
1936	1006	1.0215	0.00195802
1936	1007	1.0215	0.00195802
1936	1008	1.0215	0.00195802
1936	1009	1.0215	0.00195802
1936	1010	1.0215	0.00195802
1936	1011	1.0215	0.00195802
1936	1012	1.0215	0.00195802
1936	1013	1.0215	0.00195802
1936	1014	1.0215	0.00195802
1936	1015	1.0215	0.00195802
1936	1016	1.0215	0.00195802
1936	1017	1.0215	0.00195802
1936	1018	1.0215	0.00195802
1936	1019	1.0215	0.00195802
1936	1020	1.0215	0.00195802
1936	1021	1.0215	0.00195802
1936	1022	1.0215	0.00195802
1936	1023	1.0215	0.00195802
1936	1024	1.0215	0.00195802
1936	1025	1.0215	0.00195802
1936	1026	1.0215	0.00195802
1936	1027	1.0215	0.00195802
1936	1028	1.0215	0.00195802
1936	1029	1.0215	0.00195802
1936	1030	1.0215	0.00195802
1936	1031	1.0215	0.00195802
1936	1032	1.0215	0.00195802
1936	1033	1.0215	0.00195802
1936	1034	1.0215	0.00195802
1936	1035	1.0215	0.00195802
1936	1036	1.0215	0.00195802
1936	1037	1.0215	0.00195802
1936	1038	1.0215	0.00195802
1936	1039	1.0215	0.00195802
1936	1040	1.0215	0.00195802
1936	1041	1.0215	0.00195802
1936	1042	1.0215	0.00195802
1936	1043	1.0215	0.00195802
1936	1044	1.0215	0.00195802
1936	1045	1.0215	0.00195802
1936	1046	1.0215	0.00195802
1936	1047	1.0215	0.00195802
1936	1048	1.0215	0.00195802
1936	1049	1.0215	0.00195802
1936	1050	1.0215	0.00195802
1936	1051	1.0215	0.00195802
1936	1052	1.0215	0.00195802
1936	1053	1.0215	0.00195802
1936	1054	1.0215	0.00195802
1936	1055	1.0215	0.00195802
1936	1056	1.0215	0.00195802
1936	1057	1.0215	0.00195802
1936	1058	1.0215	0.00195802
1936	1059	1.0215	0.00195802
1936	1060	1.0215	0.00195802
1936	1061	1.0215	0.00195802
1936	1062	1.0215	0.00195802
1936	1063	1.0215	0.00195802
1936	1064	1.0215	0.00195802
1936	1065	1.0215	0.00195802
1936	1066	1.0215	0.00195802
1936	1067	1.0215	0.00195802
1936	1068	1.0215	0.00195802
1936	1069	1.0215	0.00195802
1936	1070	1.0215	0.00195802
1936	1071	1.0215	0.00195802
1936	1072	1.0215	0.00195802
1936	1073	1.0215	0.00195802
1936	1074	1.0215	0.00195802
1936	1075	1.0215	0.00195802
1936	1076	1.0215	0.00195802
1936	1077	1.0215	0.00195802
1936	1078	1.0215	0.00195802
1936	1079	1.0215	0.00195802
1936	1080	1.0215	0.00195802
1936	1081	1.0215	0.00195802
1936	1082	1.0215	0.00195802
1936	1083	1.0215	0.00195802
1936	1084	1.0215	0.00195802
1936	1085	1.0215	0.00195802
1936	1086	1.0215	0.00195802
1936	1087	1.0215	0.00195802
1936	1088	1.0215	0.00195802
1936	1089	1.0215	0.00195802
1936	1090	1.0215	0.00195802
1936	1091	1.0215	0.00195802
1936	1092	1.0215	0.00195802
1936	1093	1.0215	0.00195802
1936	1094	1.0215	0.00195802
1936	1095	1.0215	0.00195802
1936	1096	1.0215	0.00195802
1936	1097	1.0215	0.00195802
1936	1098	1.0215	0.00195802
1936	1099	1.0215	0.00195802
1936	1100	1.0215	0.00195802
1936	1101	1.0215	0.00195802
1936	1102	1.0215	0.00195802
1936	1103	1.0215	0.00195802
1936	1104	1.0215	0.00195802
1936	1105	1.0215	0.00195802
1936	1106	1.0215	0.00195802
1936	1107	1.0215	0.00195802
1936	1108	1.0215	0.00195802
1936	1109	1.0215	0.00195802
1936	1110	1.0215	0.00195802
1936	1111	1.0215	0.00195802
1936	1112	1.0215	0.00195802
1936	1113	1.0215	0.00195802
1936	1114	1.0215	0.00195802
1936	1115	1.0215	0.00195802
1936	1116	1.0215	0.00195802
1936	1117	1.0215	0.00195802
1936	1118	1.0215	0.00195802
1936	1119	1.0215	0.00195802
1936	1120	1.0215	0.00195802
1936	1121	1.0215	0.00195802
1936	1122	1.0215	0.00195802
1936	1123	1.0215	0.00195802
1936	1124	1.0215	0.00195802
1936	1125	1.0215	0.00195802
1936	1126	1.0215	0.00195802
1936	1127	1.0215	0.00195802
1936	1128	1.0215	0.00195802
1936	1129	1.0215	0.00195802
1936	1130	1.0215	0.00195802
1936	1131	1.0215	0.00195802
1936	1132	1.0215	0.00195802
1936	1133	1.0215	0.00195802
1936	1134	1.0215	0.00195802
1936	1135	1.0215	0.00195802
1936	1136	1.0215	0.00195802
1936	1137	1.0215	0.00195802
1936	1138	1.0215	0.00195802
1936	1139	1.0215	0.00195802
1936	1140	1.0215	0.00195802
1936	1141	1.0215	0.00195802
1936	1142	1.0215	0.00195802
1936	1143	1.0215	0.00195802
1936	1144	1.0215	0.00195802
1936	1145	1.0215	0.00195802
1936	1146	1.0215	0.00195802
1936	1147	1.0215	0.00195802
1936	1148	1.0215	0.00195802
1936	1149	1.0215	0.00195802
1936	1150	1.0215	0.00195802
1936	1151	1.0215	0.00195802
1936	1152	1.0215	0.00195802
1936	1153	1.0215	0.00195802
1936	1154	1.0215	0.00195802
1936	1155	1.0215	0.00195802
1936	1156	1.0215	0.00195802
1936	1157	1.0215	0.00195802
1936	1158	1.0215	0.00195802
1936	1159	1.0215	0.00195802
1936	1160	1.0215	0.00195802
1936	1161	1.0215	0.00195802
1936	1162	1.0215	0.00195802
1936	1163	1.0215	0.00195802
1936	1164	1.0215	0.00195802
1936	1165	1.0215	0.00195802
1936	1166	1.0215	0.00195802
1936	1167	1.0215	0.00195802
1936	1168	1.0215	0.00195802
1936	1169	1.0215	0.00195802
1936	1170	1.0215	0.00195802
1936	1171	1.0215	0.00195802
1936	1172	1.0215	0.00195802
1936	1173	1.0215	0.00195802
1936	1174	1.0215	0.00195802
1936	1175	1.0215	0.00195802
1936	1176	1.0215	0.00195802
1936	1177	1.0215	0.00195802
1936	1178	1.0215	0.00195802
1936	1179	1.0215	0.00195802
1936	1180	1.0215	0.00195802
1936	1181	1.0215	0.00195802
1936	1182	1.0215	0.00195802
1936	1183	1.0215	0.00195802
1936	1184	1.0215	0.00195802
1936	1185	1.0215	0.00195802
1936	1186	1.0215	0.00195802
1936	1187	1.0215	0.00195802
1936	1188	1.0215	0.00195802
1936	1189	1.0215	0.00195802
1936	1190	1.0215	0.00195802
1936	1191	1.0215	0.00195802
1936	1192	1.0215	0.00195802
1936	1193	1.0215	0.00195802
1936	1194	1.0215	0.00195802
1936	1195	1.0215	0.00195802
1936	1196	1.0215	0.00195802
1936	1197	1.0215	0.00195802
1936	1198	1.0215	0.00195802
1936	1199	1.0215	0.00195802
1936	1200	1.0215	0.00195802
1936	1201	1.0215	0.00195802
1936	1202	1.0215	0.00195802
1936	1203	1.0215	0.00195802
1936	1204	1.0215	0.00195802
1936	1205	1.0215	0.00195802
1936	1206	1.0215	0.00195802
1936	1207	1.0215	0.00195802
1936	1208	1.0215	0.00195802
1936	1209	1.0215	0.00195802
1936	1210	1.0215	0.00195802
1936	1211	1.0215	0.00195802
1936	1212	1.0215	0.00195802
1936	1213	1.0215	0.00195802
1936	1214	1.0215	0.00195802
1936	1215	1.0215	0.00195802
1936	1216	1.0215	0.00195802
1936	1217	1.0215	0.00195802
1936	1218	1.0215	0.00195802
1936	1219	1.0215	0.00195802
1936	1220	1.0215	0.00195802
1936	1221	1.0215	0.00195802
1936	1222	1.0215	0.00195802
1936	1223	1.0215	0.00195802
1936	1224	1.0215	0.00195802
1936	1225	1.0215	0.00195802
1936	1226	1.0215	0.00195802
1936	1227	1.0215	0.00195802
1936	1228	1.0215	0.00195802
1936	1229	1.0215	0.00195802
1936	1230	1.0215	0.00195802
1936	1231	1.0215	0.00195802
1936	1232	1.0215	0.00195802
1936	1233	1.0215	0.00195802
1936	1234	1.0215	0.00195802
1936	1235	1.0215	0.00195802
1936	1236	1.0215	0.00195802
1936	1237	1.0215	0.00195802
1936	1238	1.0215	0.00195802
1936	1239	1.0215	0.00195802
1936	1240	1.0215	0.00195802
1936	1241	1.0215	0.00195802
1936	1242	1.0215	0.00195802
1936	1243	1.0215	0.00195802
1936	1244	1.0215	0.00195802
1936	1245	1.0215	0.00195802
1936	1246	1.0215	0.00195802
1936	1247	1.0215	0.00195802
1936	1248	1.0215	0.00195802
1936	1249	1.0215	0.00195802
1936	1250	1.0215	0.00195802
1936	1251	1.0215	0.00195802
1936	1252	1.0215	0.00195802
1936	1253	1.0215	0.00195802
1936	1254	1.0215	0.00195802
1936	1255	1.0215	0.00195802
1936	1256	1.0215	0.00195802
1936	1257	1.0215	0.00195802
1936	1258	1.0215	0.00195802
1936	1259	1.0215	0.00195802
1936	1260	1.0215	0.00195802
1936	1261	1.0215	0.00195802
1936	1262	1.0215	0.00195802
1936	1263	1.0215	0.00195802
1936	1264	1.0215	0.00195802
1936	1265	1.0215	0.00195802
1936	1266	1.0215	0.00195802
1936	1267	1.0215	0.00195802
1936	1268	1.0215	0.00195802
1936	1269	1.0215	0.00195802
1936	1270	1.0215	0.00195802
1936	1271	1.0215	0.00195802
1936	1272	1.0215	0.00195802
1936	1273	1.0215	0.00195802
1936	1274	1.0215	0.00195802
1936	1275	1.0215	0.00195802
1936	1276	1.0215	0.00195802
1936	1277	1.0215	0.00195802
1936	1278	1.0215	0.00195802
1936	1279	1.0215	0.00195802
1936	1280	1.0215	0.00195802
1936	1281	1.0215	0.00195802
1936	1282	1.0215	0.00195802
1936	1283	1.0215	0.00195802
1936	1284	1.0215	0.00195802
1936	1285	1.0215	0.00195802
1936	1286	1.0215	0.00195802
1936	1287	1.0215	0.00195802
1936	1288	1.0215	0.00195802
1936	1289	1.0215	0.00195802
1936	1290	1.0215	0.00195802
1936	1291	1.0215	0.00195802
1936	1292	1.0215	0.00195802
1936	1293	1.0215	0.00195802
1936	1294	1.0215	0.00195802
1936	1295	1.0215	0.00195802
1936	1296	1.0215	0.00195802
1936	1297	1.0215	0.00195802
1936	1298	1.0215	0.00195802
1936	1299	1.0215	0.00195802
1936	1300	1.0215	0.00195802
1936	1301	1.0215	0.00195802
1936	1302	1.0215	0.00195802
1936	1303	1.0215	0.00195802
1936	1304	1.0215	0.00195802
1936	1305	1.0215	0.00195802
1936	1306	1.0215	0.00195802
1936	1307	1.0215	0.00195802
1936	1308	1.0215	0.00195802
1936	1309	1.0215	0.00195802
1936	1310	1.0215	0.00195802
1936	1311	1.0215	0.00195802
1936	1312	1.0215	0.00195802
1936	1313	1.0215	0.00195802
1936	1314	1.0215	0.00195802
1936	1315	1.0215	0.00195802
1936	1316	1.0215	0.00195802
1936	1317	1.0215	0.00195802
1936	1318	1.0215	0.00195802
1936	1319	1.0215	0.00195802
1936	1320	1.0215	0.00195802
1936	1321	1.0215	0.00195802
1936	1322	1.0215	0.00195802
1936	1323	1.0215	0.00195802
1936	1324	1.0215	0.00195802
1936	1325	1.0215	0.00195802
1936	1326	1.0215	0.00195802
1936	1327	1.0215	0.00195802
1936	1328	1.0215	0.00195802
1936	1329	1.0215	0.00195802
1936	1330	1.0215	0.00195802
1936	1331	1.0215	0.00195802
1936	1332	1.0215	0.00195802
1936	1333	1.0215	0.00195802
1936	1334	1.0215	0.00195802
1936	1335	1.0215	0.00195802
1936	1336	1.0215	0.00195802
1936	1337	1.0215	0.00195802
1936	1338	1.0215	0.00195802
1936	1339	1.0215	0.00195802
1936	1340	1.0215	0.00195802
1936	1341	1.0215	0.00195802
1936	1342	1.0215	0.00195802
1936	1343	1.0215	0.00195802
1936	1344	1.0215	0.00195802
1936	1345	1.0215	0.00195802
1936	1346	1.0215	0.00195802
1936	1347	1.0215	0.00195802
1936	1348	1.0215	0.00195802
1936	1349	1.0215	0.00195802
1936	1350	1.0215	0.00195802
1936	1351	1.0215	0.00195802
1936	1352	1.0215	0.00195802
1936	1353	1.0215	0.00195802
1936	1354	1.0215	0.00195802
1936	1355	1.0215	0.00195802
1936	1356	1.0215	0.00195802
1936	1357	1.0215	0.00195802
1936	1358	1.0215	0.00195802
1936	1359	1.0215	0.00195802
1936	1360	1.0215	0.00195802
1936	1361	1.0215	0.00195802
1936	1362	1.0215	0.00195802
1936	1363	1.0215	0.00195802
1936	1364	1.0215	0.00195802
1936	1365	1.0215	0.00195802
1936	1366	1.0215	0.00195802
1936	1367	1.0215	0.00195802
1936	1368	1.0215	0.00195802
1936	1369	1.0215	0.00195802
1936	1370	1.0215	0.00195802
1936	1371	1.0215	0.00195802
1936	1372	1.0215	0.00195802
1936	1373	1.0215	0.00195802
1936	1374	1.0215	0.00195802
1936	1375	1.0215	0.00195802
1936	1376	1.0215	0.00195802
1936	1377	1.0215	0.00195802
1936	1378	1.0215	0.00195802
1936	1379	1.0215	0.00195802
1936	1380	1.0215	0.00195802
1936	1381	1.0215	0.00195802
1936	1382	1.0215	0.00195802
1936	1383	1.0215	0.00195802
1936	1384	1.0215	0.00195802
1936	1385	1.0215	0.00195802
1936	1386	1.0215	0.00195802
1936	1387	1.0215	0.00195802
1936	1388	1.0215	0.00195802
1936	1389	1.0215	0.00195802
1936	1390	1.0215	0.00195802
1936	1391	1.0215	0.00195802
1936	1392	1.0215	0.00195802
1936	1393	1.0215	0.00195802
1936	1394	1.0215	0.00195802
1936	1395	1.0215	0.00195802
1936	1396	1.0215	0.00195802
1936	1397	1.0215	0.00195802
1936	1398	1.0215	0.00195802
1936	1399	1.0215	0.00195802
1936	1400	1.0215	0.00195802
1936	1401	1.0215	0.00195802
1936	1402	1.0215	0.00195802
1936	1403	1.0215	0.00195802
1936	1404	1.0215	0.00195802
1936	1405	1.0215	0.00195802
1936	1406	1.0215	0.00195802
1936	1407	1.0215	0.00195802
1936	1408	1.0215	0.00195802
1936	1409	1.0215	0.00195802
1936	1410	1.0215	0.00195802
1936	1411	1.0215	0.00195802
1936	1412	1.0215	0.00195802
1936	1413	1.0215	0.00195802
1936	1414	1.0215	0.00195802
1936	1415	1.0215	0.00195802
1936	1416	1.0215	0.00195802
1936	1417	1.0215	0.00195802
1936	1418	1.0215	0.00195802
1936	1419	1.0215	0.00195802
1936	1420	1.0215	0.00195802
1936	1421	1.0215	0.00195802
1936	1422	1.0215	0.00195802
1936	1423	1.0215	0.00195802
1936	1424	1.0215	0.00195802
1936	1425	1.0215	0.00195802
1936	1426	1.0215	0.00195802
1936	1427	1.0215	0.00195802
1936	1428	1.0215	0.00195802
1936	1429	1.0215	0.00195802
1936	1430	1.0215	0.00195802
1936	1431	1.0215	0.00195802
1936	1432	1.0215	0.00195802
1936	1433	1.0215	0.00195802
1936	1434	1.0215	0.00195802
1936	1435	1.0215	0.00195802
1936	1436	1.0215	0.00195802
1936	1437	1.0215	0.00195802
1936	1438	1.0215	0.00195802
1936	1439	1.0215	0.00195802
1936	1440	1.0215	0.00195802
1936	1441	1.0215	0.00195802
1936	1442	1.0215	0.00195802
1936	1443	1.0215	0.00195802
1936	1444	1.0215	0.00195802
1936	1445	1.0215	0.00195802
1936	1446	1.0215	0.00195802
1936	1447	1.0215	0.00195802
1936	1448	1.0215	0.00195802
1936	1449	1.0215	0.00195802
1936	1450	1.0215	0.00195802
1936	1451	1.0215	0.00195802
1936	1452	1.0215	0.00195802
1936	1453	1.0215	0.00195802
1936	1454	1.0215	0.00195802
1936	1455	1.0215	0.00195802
1936	1456	1.0215	0.00195802
1936	1457	1.0215	0.00195802
1936	1458	1.0215	0.00195802
1936	1459	1.0215	0.00195802
1936	1460	1.0215	0.00195802
1936	1461	1.0215	0.00195802
1936	1462	1.0215	0.00195802
1936	1463	1.0215	0.00195802
1936	1464	1.0215	0.00195802
1936	1465	1.0215	0.00195802
1936	1466	1.0215	0.00195802
1936	1467	1.0215	0.00195802
1936	1468	1.0215	0.00195802
1936	1469	1.0215	0.00195802
1936	1470	1.0215	0.00195802
1936	1471	1.0215	0.00195802
1936	1472	1.0215	0.00195802
1936	1473	1.0215	0.00195802
1936	1474	1.0215	0.00195802
1936	1475	1.0215	0.00195802
1936	1476	1.0215	0.00195802
1936	1477	1.0215	0.00195802
1936	1478	1.0215	0.00195802
1936	1479	1.0215	0.00195802
1936	1480	1.0215	0.00195802
1936	1481	1.0215	0.00195802
1936	1482	1.0215	0.00195802
1936	1483	1.0215	0.00195802
1936	1484	1.0215	0.00195802
1936	1485	1.0215	0.00195802
1936	1486	1.0215	0.00195802
1936	1487	1.0215	0.00195802
1936	1488	1.0215	0.00195802
1936	1489	1.0215	0.00195802
1936	1490	1.0215	0.00195802
1936	1491	1.0215	0.00195802
1936	1492	1.0215	0.00195802
1936	1493	1.0215	0.00195802
1936	1494	1.0215	0.00195802
1936	1495	1.0215	0.00195802
1936	1496	1.0215	0.00195802
1936	1497	1.0215	0.00195802
1936	1498	1.0215	0.00195802
1936	1499	1.0215	0.00195802
1936	1500	1.0215	0.00195802
1936	1501	1.0215	0.00195802
1936	1502	1.0215	0.00195802
1936	1503	1.0215	0.00195802
1936	1504	1.0215	0.00195802
1936	1505	1.0215	0.00195802
1936	1506	1.0215	0.00195802
1936	1507	1.0215	0.00195802
1936	1508	1.0215	0.00195802
1936	1509	1.0215	0.00195802
1936	1510	1.0215	0.00195802
1936	1511	1.0215	0.00195802
1936	1512	1.0215	0.00195802
1936	1513	1.0215	0.00195802
1936	1514	1.0215	0.00195802
1936	1515	1.0215	0.00195802
1936	1516	1.0215	0.00195802
1936	1517	1.0215	0.00195802
1936	1518	1.0215	0.00195802
1936	1519	1.0215	0.00195802
1936	1520	1.0215	0.00195802
1936	1521	1.0215	0.00195802
1936	1522	1.0215	0.00195802
1936	1523	1.0215	0.00195802
1936	1524	1.0215	0.00195802
1936	1525	1.0215	0.00195802
1936	1526	1.0215	0.00195802
1936	1527	1.0215	0.00195802
1936	1528	1.0215	0.00195802
1936	1529	1.0215	0.00195802
1936	1530	1.0215	0.00195802
1936	1531	1.0215	0.00195802
1936	1532	1.0215	0.00195802
1936	1533	1.0215	0.00195802
1936	1534	1.0215	0.00195802
1936	1535	1.0215	0.00195802
1936	1536	1.0215	0.00195802
1936	1537	1.0215	0.00195802
1936	1538	1.0215	0.00195802
1936	1539	1.0215	0.00195802
1936	1540	1.0215	0.00195802
1936	1541	1.0215	0.00195802
1936	1542	1.0215	0.00195802
1936	1543	1.0215	0.00195802
1936	1544	1.0215	0.00195802
1936	1545	1.0215	0.00195802
1936	1546	1.0215	0.00195802
1936	1547	1.0215	0.00195802
1936	1548	1.0215	0.00195802
1936	1549	1.0215	0.00195802
1936	1550	1.0215	0.00195802
1936	1551	1.0215	0.00195802
1936	1552	1.0215	0.00195802
1936	1553	1.0215	0.00195802
1936	1554	1.0215	0.00195802
1936	1555	1.0215	0.00195802
1936	1556	1.0215	0.00195802
1936	1557	1.0215	0.00195802
1936	1558	1.0215	0.00195802
1936	1559	1.0215	0.00195802
1936	1560	1.0215	0.00195802
1936	1561	1.0215	0.00195802
1936	1562	1.0215	0.00195802
1936	1563	1.0215	0.00195802
1936	1564	1.0215	0.00195802
1936	1565	1.0215	0.00195802
1936	1566	1.0215	0.00195802
1936	1567	1.0215	0.00195802
1936	1568	1.0215	0.00195802
1936	1569	1.0215	0.00195802
1936	1570	1.0215	0.00195802
1936	1571	1.0215	0.00195802
1936	1572	1.0215	0.00195802
1936	1573	1.0215	0.00195802
1936	1574	1.0215	0.00195802
1936	1575	1.0215	0.00195802
1936	1576	1.0215	0.00195802
1936	1577	1.0215	0.00195802
1936	1578	1.0215	0.00195802
1936	1579	1.0215	0.00195802
1936	1580	1.0215	0.00195802
1936	1581	1.0215	0.00195802
1936	1582	1.0215	0.00195802
1936	1583	1.0215	0.00195802
1936	1584	1.0215	0.00195802
1936	1585	1.0215	0.00195802
1936	1586	1.0215	0.00195802
1936	1587	1.0215	0.00195802
1936	1588	1.0215	0.00195802
1936	1589	1.0215	0.00195802
1936	1590	1.0215	0.00195802
1936	1591	1.0215	0.00195802
1936	1592	1.0215	0.00195802
1936	1593	1.0215	0.00195802
1936	1594	1.0215	0.00195802
1936	1595	1.0215	0.00195802
1936	1596	1.0215	0.00195802
1936	1597	1.0215	0.00195802
1936	1598	1.0215	0.00195802
1936	1599	1.0215	0.00195802
1936	1600	1.0215	0.00195802
1936	1601	1.0215	0.00195802
1936	1602	1.0215	0.00195802
1936	1603	1.0215	0.00195802
1936	1604	1.0215	0.00195802
1936	1605	1.0215	0.00195802
1936	1606	1.0215	0.00195802
1936	1607	1.0215	0.00195802
1936	1608	1.0215	0.00195802
1936	1609	1.0215	0.00195802
1936	1610	1.0215	0.00195802
1936	1611	1.0215	0.00195802
1936	1612	1.0215	0.00195802
1936	1613	1.0215	0.00195802
1936	1614	1.0215	0.00195802
1936	1615	1.0215	0.00195802
1936	1616	1.0215	0.00195802
1936	1617	1.0215	0.00195802
1936	1618	1.0215	0.00195802
1936	1619	1.0215	0.00195802
1936	1620	1.0215	0.00195802
1936	1621	1.0215	0.00195802
1936	1622	1.0215	0.00195802
1936	1623	1.0215	0.00195802
1936	1624	1.0215	0.00195802
1936	1625	1.0215	0.00195802
1936	1626	1.0215	0.00195802
1936	1627	1.0215	0.00195802
1936	1628	1.0215	0.00195802
1936	1629	1.0215	0.00195802
1936	1630	1.0215	0.00195802
1936	1631	1.0215	0.00195802
1936	1632	1.0215	0.00195802
1936	1633	1.0215	0.00195802
1936	1634	1.0215	0.00195802
1936	1635	1.0215	0.00195802
1936	1636	1.0215	0.00195802
1936	1637	1.0215	0.00195802
1936	1638	1.0215	0.00195802
1936	1639	1.0215	0.00195802
1936	1640	1.0215	0.00195802
1936	1641	1.0215	0.00195802
1936	1642	1.0215	0.00195802
1936	1643	1.0215	0.00195802
1936	1644	1.0215	0.00195802
1936	1645	1.0215	0.00195802
1936	1646	1.0215	0.00195802
1936	1647	1.0215	0.00195802
1936	1648	1.0215	0.00195802
1936	1649	1.0215	0.00195802
1936	1650	1.0215	0.00195802
1936	1651	1.0215	0.00195802
1936	1652	1.0215	0.00195802
1936	1653	1.0215	0.00195802
1936	1654	1.0215	0.00195802
1936	1655	1.0215	0.00195802
1936	1656	1.0215	0.00195802
1936	1657	1.0215	0.00195802
1936	1658	1.0215	0.00195802
1936	1659	1.0215	0.00195802
1936	1660	1.0215	0.00195802
1936	1661	1.0215	0.00195802
1936	1662	1.0215	0.00195802
1936	1663	1.0215	0.00195802
1936	1664	1.0215	0.00195802
1936	1665	1.0215	0.00195802
1936	1666	1.0215	0.00195802
1936	1667	1.0215	0.00195802
1936	1668	1.0215	0.00195802
1936	1669	1.0215	0.00195802
1936	1670	1.0215	0.00195802
1936	1671	1.0215	0.00195802
1936	1672	1.0215	0.00195802
1936	1673	1.0215	0.00195802
1936	1674	1.0215	0.00195802
1936	1675	1.0215	0.00195802
1936	1676	1.0215	0.00195802
1936	1677	1.0215	0.00195802
1936	1678	1.0215	0.00195802
1936	1679	1.0215	0.00195802
1936	1680	1.0215	0.00195802
1936	1681	1.0215	0.00195802
1936	1682	1.0215	0.00195802
1936	1683	1.0215	0.00195802
1936	1684	1.0215	0.00195802
1936	1685	1.0215	0.00195802
1936	1686	1.0215	0.00195802
1936	1687	1.0215	0.00195802
1936	1688	1.0215	0.00195802
1936	1689	1.0215	0.00195802
1936	1690	1.0215	0.00195802
1936	1691	1.0215	0.00195802
1936	1692	1.0215	0.00195802
1936	1693	1.0215	0.00195802
1936	1694	1.0215	0.00195802
1936	1695	1.0215	0.00195802
1936	1696	1.0215	0.00195802
1936	1697	1.0215	0.00195802
1936	1698	1.0215	0.00195802
1936	1699	1.0215	0.00195802
1936	1700	1.0215	0.00195802
1936	1701	1.0215	0.00195802
1936	1702	1.0215	0.00195802
1936	1703	1.0215	0.00195802
1936	1704	1.0215	0.00195802
1936	1705	1.0215	0.00195802
1936	1706	1.0215	0.00195802
1936	1707	1.0215	0.00195802
1936	1708	1.0215	0.00195802
1936	1709	1.0215	0.00195802
1936	1710	1.0215	0.00195802
1936	1711	1.0215	0.00195802
1936	1712	1.0215	0.00195802
1936	1713	1.0215	0.00195802
1936	1714	1.0215	0.00195802
1936	1715	1.0215	0.00195802
1936	1716	1.0215	0.00195802
1936	1717	1.0215	0.00195802
1936	1718	1.0215	0.00195802
1936	1719	1.0215	0.00195802
1936	1720	1.0215	0.00195802
1936	1721	1.0215	0.00195802
1936	1722	1.0215	0.00195802
1936	1723	1.0215	0.00195802
1936	1724	1.0215	0.00195802
1936	1725	1.0215	0.00195802
1936	1726	1.0215	0.00195802
1936	1727	1.0215	0.00195802
1936	1728	1.0215	0.00195802
1936	1729	1.0215	0.00195802
1936	1730	1.0215	0.00195802
1936	1731	1.0215	0.00195802
1936	1732	1.0215	0.00195802
1936	1733	1.0215	0.00195802
1936	1734	1.0215	0.00195802
1936	1735	1.0215	0.00195802
1936	1736	1.0215	0.00195802
1936	1737	1.0215	0.00195802
1936	1738	1.0215	0.00195802
1936	1739	1.0215	0.00195802
1936	1740	1.0215	0.00195802
1936	1741	1.0215	0.00195802
1936	1742	1.0215	0.00195802
1936	1743	1.0215	0.00195802
1936	1744	1.0215	0.00195802
1936	1745	1.0215	0.00195802
1936	1746	1.0215	0.00195802
1936	1747	1.0215	0.00195802
1936	1748	1.0215	0.00195802
1936	1749	1.0215	0.00195802
1936	1750	1.0215	0.00195802
1936	1751	1.0215	0.00195802
1936	1752	1.0215	0.00195802
1936	1753	1.0215	0.00195802
1936	1754	1.0215	0.00195802
1936	1755	1.0215	0.00195802
1936	1756	1.0215	0.00195802
1936	1757	1.0215	0.00195802
1936	1758	1.0215	0.00195802
1936	1759	1.0215	0.00195802
1936	1760	1.0215	0.00195802
1936	1761	1.0215	0.00195802
1936	1762	1.0215	0.00195802
1936	1763	1.0215	0.00195802
1936	1764	1.0215	0.00195802
1936	1765	1.0215	0.00195802
1936	1766	1.0215	0.00195802
1936	1767	1.0215	0.00195802
1936	1768	1.0215	0.00195802
1936	1769	1.0215	0.00195802
1936	1770	1.0215	0.00195802
1936	1771	1.0215	0.00195802
1936	1772	1.0215	0.00195802
1936	1773	1.0215	0.00195802
1936	1774	1.0215	0.00195802
1936	1775	1.0215	0.00195802
1936	1776	1.0215	0.00195802
1936	1777	1.0215	0.00195802
1936	1778	1.0215	0.00195802
1936	1779	1.0215	0.00195802
1936	1780	1.0215	0.00195802
1936	1781	1.0215	0.00195802
1936	1782	1.0215	0.00195802
1936	1783	1.0215	0.00195802
1936	1784	1.0215	0.00195802
1936	1785	1.0215	0.00195802
1936	1786	1.0215	0.00195802
1936	1787	1.0215	0.00195802
1936	1788	1.0215	0.00195802
1936	1789	1.0215	0.00195802
1936	1790	1.0215	0.00195802
1936	1791	1.0215	0.00195802
1936	1792	1.0215	0.00195802
1936	1793	1.0215	0.00195802
1936	1794	1.0215	0.00195802
1936	1795	1.0215	0.00195802
1936	1796	1.0215	0.00195802
1936	1797	1.0215	0.00195802
1936	1798	1.0215	0.00195802
1936	1799	1.0215	0.00195802
1936	1800	1.0215	0.00195802
1936	1801	1.0215	0.00195802
1936	1802	1.0215	0.00195802
1936	1803	1.0215	0.00195802
1936	1804	1.0215	0.00195802
1936	1805	1.0215	0.00195802
1936	1806	1.0215	0.00195802
1936	1807	1.0215	0.00195802
1936	1808	1.0215	0.00195802
1936	1809	1.0215	0.00195802
1936	1810	1.0215	0.00195802
1936	1811	1.0215	0.00195802
1936	1812	1.0215	0.00195802
1936	1813	1.0215	0.00195802
1936	1814	1.0215	0.00195802
1936	1815	1.0215	0.00195802
1936	1816	1.0215	0.00195802
1936	1817	1.0215	0.00195802
1936	1818	1.0215	0.00195802
1936	1819	1.0215	0.00195802
1936	1820	1.0215	0.00195802
1936	1821	1.0215	0.00195802
1936	1822	1.0215	0.00195802
1936	1823	1.0215	0.00195802
1936	1824	1.0215	0.00195802
1936	1825	1.0215	0.00195802
1936	1826	1.0215	0.00195802
1936	1827	1.0215	0.00195802
1936	1828	1.0215	0.00195802
1936	1829	1.0215	0.00195802
1936	1830	1.0215	0.00195802
1936	1831	1.0215	0.00195802
1936	1832	1.0215	0.00195802
1936	1833	1.0215	0.00195802
1936	1834	1.0215	0.00195802
1936	1835	1.0215	0.00195802
1936	1836	1.0215	0.00195802
1936	1837	1.0215	0.00195802
1936	1838	1.0215	0.00195802
1936	1839	1.0215	0.00195802
1936	1840	1.0215	0.00195802
1936	1841	1.0215	0.00195802
1936	1842	1.0215	0.00195802
1936	1843	1.0215	0.00195802
1936	1844	1.0215	0.00195802
1936	1845	1.0215	0.00195802
1936	1846	1.0215	0.00195802
1936	1847	1.0215	0.00195802
1936	1848	1.0215	0.00195802
1936	1849	1.0215	0.00195802
1936	1850	1.0215	0.00195802
1936	1851	1.0215	0.00195802
1936	1852	1.0215	0.00195802
1936	1853	1.0215	0.00195802
1936	1854	1.0215	0.00195802
1936	1855	1.0215	0.00195802
1936	1856	1.0215	0.00195802
1936	1857	1.0215	0.00195802
1936	1858	1.0215	0.00195802
1936	1859	1.0215	0.00195802
1936	1860	1.0215	0.00195802
1936	1861	1.0215	0.00195802
1936	1862	1.0215	0.00195802
1936	1863	1.0215	0.00195802
1936	1864	1.0215	0.00195802
1936	1865	1.0215	0.00195802
1936	1866	1.0215	0.00195802
1936	1867	1.0215	0.00195802
1936	1868	1.0215	0.00195802
1936	1869	1.0215	0.00195802
1936	1870	1.0215	0.00195802
1936	1871	1.0215	0.00195802
1936	1872	1.0215	0.00195802
1936	1873	1.0215	0.00195802
1936	1874	1.0215	0.00195802
1936	1875	1.0215	0.00195802
1936	1876	1.0215	0.00195802
1936	1877	1.0215	0.00195802
1936	1878	1.0215	0.00195802
1936	1879	1.0215	0.00195802
1936	1880	1.0215	0.00195802
1936	1881	1.0215	0.00195802
1936	1882	1.0215	0.00195802
1936	1883	1.0215	0.00195802
1936	1884	1.0215	0.00195802
1936	1885	1.0215	0.00195802
1936	1886	1.0215	0.00195802
1936	1887	1.0215	0.00195802
1936	1888	1.0215	0.00195802
1936	1889	1.0215	0.00195802
1936	1890	1.0215	0.00195802
1936	1891	1.0215	0.00195802
1936	1892	1.0215	0.00195802
1936	1893	1.0215	0.00195802
1936	1894	1.0215	0.00195802
1936	1895	1.0215	0.00195802
1936	1896	1.0215	0.00195802
1936	1897	1.0215	0.00195802
1936	1898	1.0215	0.00195802
1936	1899	1.0215	0.00195802
1936	1900	1.0215	0.00195802
1936	1901	1.0215	0.00195802
1936	1902	1.0215	0.00195802
1936	1903	1.0215	0.00195802
1936	1904	1.0215	0.00195802
1936	1905	1.0215	0.00195802
1936	1906	1.0215	0.00195802
1936	1907	1.0215	0.00195802
1936	1908	1.0215	0.00195802
1936	1909	1.0215	0.00195802
1936	1910	1.0215	0.00195802
1936	1911	1.0215	0.00195802
1936	1912	1.0215	0.00195802
1936	1913	1.0215	0.00195802
1936	1914	1.0215	0.00195802
1936	1915	1.0215	0.00195802
1936	1916	1.0215	0.00195802
1936	1917	1.0215	0.00195802
1936	1918	1.0215	0.00195802
1936	1919	1.0215	0.00195802
1936	1920	1.0215	0.00195802
1936	1921	1.0215	0.00195802
1936	1922	1.0215	0.00195802
1936	1923	1.0215	0.00195802
1936	1924	1.0215	0.00195802
1936	1925	1.0215	0.00195802
1936	1926	1.0215	0.00195802
1936	1927	1.0215	0.00195802
1936	1928	1.0215	0.00195802
1936	1929	1.0215	0.00195802
1936	1930	1.0215	0.00195802
1936	1931	1.0215	0.00195802
1936	1932	1.0215	0.00195802
1936	1933	1.0215	0.00195802
1936	1934	1.0215	0.00195802
1936	1935	1.0215	0.00195802
1936	1936	1.0215	0.00195802
1936	1937	1.0215	0.00195802
1936	1938	1.0215	0.00195802
1936	1939	1.0215	0.00195802
1936	1940	1.0215	0.00195802
1936	1941	1.0215	0.00195802
1936	1942	1.0215	0.00195802
1936	1943	1.0215	0.00195802
1936	1944	1.0215	0.00195802
1936	1945	1.0215	0.00195802
1936	1946	1.0215	0.00195802
1936	1947	1.0215	0.00195802
1936	1948	1.0215	0.00195802
1936	1949	1.0215	0.00195802
1936	1950	1.0215	0.00195802
1936	1951	1.0215	0.00195802
1936	1952	1.0215	0.00195802
1936	1953	1.0215	0.00195802
1936	1954	1.0215	0.00195802
1936	1955	1.0215	0.00195802
1936	1956	1.0215	0.00195802
1936	1957	1.0215	0.00195802
1936	1958	1.0215	0.00195802
1936	1959	1.0215	0.00195802
1936	1960	1.0215	0.00195802
1936	1961	1.0215	0.00195802
1936	1962	1.0215	0.00195802
1936	1963	1.0215	0.00195802
1936	1964	1.0215	0.00195802
1936	1965	1.0215	0.00195802
1936	1966	1.0215	0.00195802
1936	1967	1.0215	0.00195802
1936	1968	1.0215	0.00195802
1936	1969	1.0215	0.00195802
1936	1970	1.0215	0.00195802
1936	1971	1.0215	0.00195802
1936	1972	1.0215	0.00195802
1936	1973	1.0215	0.00195802
1936	1974	1.0215	0.00195802
1936	1975	1.0215	0.00195802
1936	1976	1.0215	0.00195802
1936	1977	1.0215	0.00195802
1936	1978	1.0215	0.00195802
1936	1979	1.0215	0.00195802
1936	1980	1.0215	0.00195802
1936	1981	1.0215	0.00195802
1936	1982	1.0215	0.00195802
1936	1983	1.0215	0.00195802
1936	1984	1.0215	0.00195802
1936	1985	1.0215	0.00195802
1936	1986	1.0215	0.00195802
1936	1987	1.0215	0.00195802
1936	1988	1.0215	0.00195802
1936	1989	1.0215	0.00195802
1936	1990	1.0215	0.00195802
1936	1991	1.0215	0.00195802
1936	1992	1.0215	0.00195802
1936	1993	1.0215	0.00195802
1936	1994	1.0215	0.00195802
1936	1995	1.0215	0.00195802
1936	1996	1.0215	0.00195802
1936	1997	1.0215	0.00195802
1936	1998	1.0215	0.00195802
1936	1999	1.0215	0.00195802
1936	2000	1.0215	0.00195802
1936	2001	1.0215	0.00195802
1936	2002	1.0215	0.00195802
1936	2003	1.0215	0.00195802
1936	2004	1.0215	0.00195802
1936	2005	1.0215	0.00195802
1936	2006	1.0215	0.00195802
1936	2007	1.0215	0.00195802
1936	2008	1.0215	0.00195802
1936	2009	1.0215	0.00195802
1936	2010	1.0215	0.00195802
1936	2011	1.0215	0.00195802
1936	2012	1.0215	0.00195802
1936	2013	1.0215	0.00195802
1936	2014	1.0215	0.00195802
1936	2015	1.0215	0.00195802
1936	2016	1.0215	0.00195802
1936	2017	1.0215	0.00195802
1936	2018	1.0215	0.00195802
1936	2019	1.0215	0.00195802
1936	2020	1.0215	0.00195802
1936	2021	1.0215	0.00195802
1936	2022	1.0215	0.00195802
1936	2023	1.0215	0.00195802
1936	2024	1.0215	0.00195802
1936	2025	1.0215	0.00195802
1936	2026	1.0215	0.00195802
1936	2027	1.0215	0.00195802
1936	2028	1.0215	0.00195802
1936	2029	1.0215	0.00195802
1936	2030	1.0215	0.00195802
1936	2031	1.0215	0.00195802
1936	2032	1.0215	0.00195802
1936	2033	1.0215	0.00195802
1936	2034	1.0215	0.00195802
1936	2035	1.0215	0.00195802
1936	2036	1.0215	0.00195802
1936	2037	1.0215	0.00195802
1936	2038	1.0215	0.00195802
1936	2039	1.0215	0.00195802
1936	2040	1.0215	0.00195802
1936	2041	1.0215	0.00195802
1936	2042	1.0215	0.00195802
1936	2043	1.0215	0.00195802
1936	2044	1.0215	0.00195802
1936	2045	1.0215	0.00195802
1936	2046	1.0215	0.00195802
1936	2047	1.0215	0.00195802
1936	2048	1.0215	0.00195802
1936	2049	1.0215	0.00195802
1936	2050	1.0215	0.00195802
1936	2051	1.0215	0.00195802
1936	2052	1.0215	0.00195802
1936	2053	1.0215	0.00195802
1936	2054	1.0215	0.00195802
1936	2055	1.0215	0.00195802
1936	2056	1.0215	0.00195802
1936	2057	1.0215	0.00195802
1936	2058	1.0215	0.00195802
1936	2059	1.0215	0.00195802
1936	2060	1.0215	0.00195802
1936	2061	1.0215	0.00195802
1936	2062	1.0215	0.00195802
1936	2063	1.0215	0.00195802
1936	2064	1.0215	0.00195802
1936	2065	1.0215	0.00195802
1936	2066	1.0215	0.00195802
1936	2067	1.0215	0.00195802
1936	2068	1.0215	0.00195802
1936	2069	1.0215	0.00195802
1936	2070	1.0215	0.00195802
1936	2071	1.0215	0.00195802
1936	2072	1.0215	0.00195802
1936	2073	1.0215	0.00195802
1936	2074	1.0215	0.00195802
1936	2075	1.0215	0.00195802
1936	2076	1.0215	0.00195802
1936	2077	1.0215	0.00195802
1936	2078	1.0215	0.00195802
1936	2079	1.0215	0.00195802
1936	2080	1.0215	0.00195802
1936	2081	1.0215	0.00195802
1936	2082	1.0215	0.00195802
1936	2083	1.0215	0.00195802
1936	2084	1.0215	0.00195802
1936	2085	1.0215	0.00195802
1936	2086	1.0215	0.00195802
1936	2087	1.0215	0.00195802
1936	2088	1.0215	0.00195802
1936	2089	1.0215	0.00195802
1936	2090	1.0215	0.00195802
1936	2091	1.0215	0.00195802
1936	2092	1.0215	0.00195802
1936	2093	1.0215	0.00195802
1936	2094	1.0215	0.00195802
1936	2095	1.0215	0.00195802
1936	2096	1.0215	0.00195802
1936	2097	1.0215	0.00195802
1936	2098	1.0215	0.00195802
1936	2099	1.0215	0.00195802
1936	2100	1.0215	0.00195802
1936	2101	1.0215	0.00195802
1936	2102	1.0215	0.00195802
1936	2103	1.0215	0.00195802
1936	2104	1.0215	0.00195802
1936	2105	1.0215	0.00195802
1936	2106	1.0215	0.00195802
1936	2107	1.0215	0.00195802
1936	2108	1.0215	0.00195802
1936	2109	1.0215	0.00195802
1936	2110	1.0215	0.00195802
1936	2111	1.0215	0.00195802
1936	2112	1.0215	0.00195802
1936	2113	1.0215	0.00195802
1936	2114	1.0215	0.00195802
1936	2115	1.0215	0.00195802
1936	2116	1.0215	0.00195802
1936	2117	1.0215	0.00195802
1936	2118	1.0215	0.00195802
1936	2119	1.0215	0.00195802
1936	2120	1.0215	0.00195802
1936	2121	1.0215	0.00195802
1936	2122	1.0215	0.00195802
1936	2123	1.0215	0.00195802
1936	2124	1.0215	0.00195802
1936	2125	1.0215	0.00195802
1936	2126	1.0215	0.00195802
1936	2127	1.0215	0.00195802
1936	2128	1.0215	0.00195802
1936	2129	1.0215	0.00195802
1936	2130	1.0215	0.00195802
1936	2131	1.0215	0.00195802
1936	2132	1.0215	0.00195802
1936	2133	1.0215	0.00195802
1936	2134	1.0215	0.00195802
1936	2135	1.0215	0.00195802
1936	2136	1.0215	0.00195802
1936	2137	1.0215	0.00195802
1936	2138	1.0215	0.00195802
1936	2139	1.0215	0.00195802
1936	2140	1.0215	0.00195802
1936	2141	1.0215	0.00195802
1936	2142	1.0215	0.00195802
1936	2143	1.0215	0.00195802
1936	2144	1.0215	0.00195802
1936	2145	1.0215	0.00195802
1936	2146	1.0215	0.00195802
1936	2147	1.0215	0.00195802
1936	2148	1.0215	0.00195802
1936	2149	1.0215	0.00195802
1936	2150	1.0215	0.00195802
1936	2151	1.0215	0.00195802
1936	2152	1.0215	0.00195802
1936	2153	1.0215	0.00195802
1936	2154	1.0215	0.00195802
1936	2155	1.0215	0.00195802
1936	2156	1.0215	0.00195802
1936	2157	1.0215	0.00195802
1936	2158	1.0215	0.00195802
1936	2159	1.0215	0.00195802
1936	2160	1.0215	0.00195802
1936	2161	1.0215	0.00195802
1936	2162	1.0215	0.00195802
1936	2163	1.0215	0.00195802
1936	2164	1.0215	0.00195802
1936	2165	1.0215	0.00195802
1936	2166	1.0215	0.00195802
1936	2167	1.0215	0.00195802
1936	2168	1.0215	0.00195802
1936	2169	1.0215	0.00195802
1936	2170	1.0215	0.00195802
1936	2171	1.0215	0.00195802
1936	2172	1.0215	0.00195802
1936	2173	1.0215	0.00195802
1936	2174	1.0215	0.00195802
1936	2175	1.0215	0.00195802
1936	2176	1.0215	0.00195802
1936	2177	1.0215	0.00195802
1936	2178	1.0215	0.00195802
1936	2179	1.0215	0.00195802
1936	2180	1.0215	0.00195802
1936	2181	1.0215	0.00195802
1936	2182	1.0215	0.00195802
1936	2183	1.0215	0.00195802
1936	2184	1.0215	0.00195802
1936	2185	1.0215	0.00195802
1936	2186	1.0215	0.00195802
1936	2187	1.0215	0.00195802
1936	2188	1.0215	0.00195802
1936	2189	1.0215	0.00195802
1936	2190	1.0215	0.00195802
1936	2191	1.0215	0.00195802
1936	2192	1.0215	0.00195802
1936	2193	1.0215	0.00195802
1936	2194	1.0215	0.00195802
1936	2195	1.0215	0.00195802
1936	2196	1.0215	0.00195802
1936	2197	1.0215	0.00195802
1936	2198	1.0215	0.00195802
1936	2199	1.0215	0.00195802
1936	2200	1.0215	0.00195802
1936	2201	1.0215	0.00195802
1936	2202	1.0215	0.00195802
1936	2203	1.0215	0.00195802
1936	2204	1.0215	0.00195802
1936	2205	1.0215	0.00195802
1936	2206	1.0215	0.00195802
1936	2207	1.0215	0.00195802
1936	2208	1.0215	0.00195802
1936	2209	1.0215	0.00195802
1936	2210	1.0215	0.00195802
1936	2211	1.0215	0.00195802
1936	2212	1.0215	0.00195802
1936	2213	1.0215	0.00195802
1936	2214	1.0215	0.00195802
1936	2215	1.0215	0.00195802
1936	2216	1.0215	0.00195802
1936	2217	1.0215	0.00195802
1936	2218	1.0215	0.00195802
1936	2219	1.0215	0.00195802
1936	2220	1.0215	0.00195802
1936	2221	1.0215	0.00195802
1936	2222	1.0215	0.00195802
1936	2223	1.0215	0.00195802
1936	2224	1.0215	0.00195802
1936	2225	1.0215	0.00195802
1936	2226	1.0215	0.00195802
1936	2227	1.0215	0.00195802
1936	2228	1.0215	0.00195802
1936	2229	1.0215	0.00195802
1936	2230	1.0215	0.00195802
1936	2231	1.0215	0.00195802
1936	2232	1.0215	0.00195802
1936	2233	1.0215	0.00195802
1936	2234	1.0215	0.00195802
1936	2235	1.0215	0.00195802
1936	2236	1.0215	0.00195802
1936	2237	1.0215	0.00195802
1936	2238	1.0215	0.00195802
1936	2239	1.0215	0.00195802
1936	2240	1.0215	0.00195802
1936	2241	1.0215	0.00195802
1936	2242	1.0215	0.00195802
1936	2243	1.0215	0.00195802
1936	2244	1.0215	0.00195802
1936	2245	1.0215	0.00195802
1936	2246	1.0215	0.00195802
1936	2247	1.0215	0.00195802
1936	2248	1.0215	0.00195802
1936	2249	1.0215	0.00195802
1936	2250	1.0215	0.00195802
1936	2251	1.0215	0.00195802
1936	2252	1.0215	0.00195802
1936	2253	1.0215	0.00195802
1936	2254	1.0215	0.00195802
1936	2255	1.0215	0.00195802
1936	2256	1.0215	0.00195802
1936	2257	1.0215	0.00195802
1936	2258	1.0215	0.00195802
1936	2259	1.0215	0.00195802
1936	2260	1.0215	0.00195802
1936	2261	1.0215	0.00195802
1936	2262	1.0215	0.00195802
1936	2263	1.0215	0.00195802
1936	2264	1.0215	0.00195802
1936	2265	1.0215	0.00195802
1936	2266	1.0215	0.00195802
1936	2267	1.0215	0.00195802
1936	2268	1.0215	0.00195802
1936	2269	1.0215	0.00195802
1936	2270	1.0215	0.00195802
1936	2271	1.0215	0.00195802
1936	2272	1.0215	0.00195802
1936	2273	1.0215	0.00195802
1936	2274	1.0215	0.00195802
1936	2275	1.0215	0.00195802
1936	2276	1.0215	0.00195802
1936	2277	1.0215	0.00195802
1936	2278	1.0215	0.00195802
1936	2279	1.0215	0.00195802
1936	2280	1.0215	0.00195802
1936	2281	1.0215	0.00195802
1936	2282	1.0215	0.00195802
1936	2283	1.0215	0.00195802
1936	2284	1.0215	0.00195802
1936	2285	1.0215	0.00195802
1936	2286	1.0215	0.00195802
1936	2287	1.0215	0.00195802
1936	2288	1.0215	0.00195802
1936	2289	1.0215	0.00195802
1936	2290	1.0215	0.00195802
1936	2291	1.0215	0.00195802
1936	2292	1.0215	0.00195802
1936	2293	1.0215	0.00195802
1936	2294	1.0215	0.00195802
1936	2295	1.0215	0.00195802
1936	2296	1.0215	0.00195802
1936	2297	1.0215	0.00195802
1936	2298	1.0215	0.00195802
1936	2299	1.0215	0.00195802
1936	2300	1.0215	0.00195802
1936	2301	1.0215	0.00195802
1936	2302	1.0215	0.00195802
1936	2303	1.0215	0.00195802
1936	2304	1.0215	0.00195802
1936	2305	1.0215	0.00195802
1936	2306	1.0215	0.00195802
1936	2307	1.0215	0.00195802
1936	2308	1.0215	0.00195802
1936	2309	1.0215	0.00195802
1936	2310	1.0215	0.00195802
1936	2311	1.0215	0.00195802
1936	2312	1.0215	0.00195802
1936	2313	1.0215	0.00195802
1936	2314	1.0215	0.00195802
1936	2315	1.0215	0.00195802
1936	2316	1.0215	0.00195802
1936	2317	1.0215	0.00195802
1936	2318	1.0215	0.00195802
1936	2319	1.0215	0.00195802
1936	2320	1.0215	0.00195802
1936	2321	1.0215	0.00195802
1936	2322	1.0215	0.00195802
1936	2323	1.0215	0.00195802
1936	2324	1.0215	0.00195802
1936	2325	1.0215	0.00195802
1936	2326	1.0215	0.00195802
1936	2327	1.0215	0.00195802
1936	2328	1.0215	0.00195802
1936	2329	1.0215	0.00195802
1936	2330	1.0215	0.00195802
1936	2331	1.0215	0.00195802
1936	2332	1.0215	0.00195802
1936	2333	1.0215	0.00195802
1936	2334	1.0215	0.00195802
1936	2335	1.0215	0.00195802
1936	2336	1.0215	0.00195802
1936	2337	1.0215	0.00195802
1936	2338	1.0215	0.00195802
1936	2339	1.0215	0.00195802
1936	2340	1.0215	0.00195802
1936	2341	1.0215	0.00195802
1936	2342	1.0215	0.00195802
1936	2343	1.0215	0.00195802
1936	2344	1.0215	0.00195802
1936	2345	1.0215	0.00195802
1936	2346	1.0215	0.00195802
1936	2347	1.0215	0.00195802
1936	2348	1.0215	0.00195802
1936	2349	1.0215	0.00195802
1936	2350	1.0215	0.00195802
1936	2351	1.0215	0.00195802
1936	2352	1.0215	0.00195802
1936	2353	1.0215	0.00195802
1936	2354	1.0215	0.00195802
1936	2355	1.0215	0.00195802
1936	2356	1.0215	0.00195802
1936	2357	1.0215	0.00195802
1936	2358	1.0215	0.00195802
1936	2359	1.0215	0.00195802
1936	2360	1.0215	0.00195802
1936	2361	1.0215	0.00195802
1936	2362	1.0215	0.00195802
1936	2363	1.0215	0.00195802
1936	2364	1.0215	0.00195802
1936	2365	1.0215	0.00195802
1936	2366	1.0215	0.00195802
1936	2367	1.0215	0.00195802
1936	2368	1.0215	0.00195802
1936	2369	1.0215	0.00195802
1936	2370	1.0215	0.00195802
1936	2371	1.0215	0.00195802
1936	2372	1.0215	0.00195802
1936	2373	1.0215	0.00195802
1936	2374	1.0215	0.00195802
1936	2375	1.0215	0.00195802
1936	2376	1.0215	0.00195802
1936	2377	1.0215	0.00195802
1936	2378	1.0215	0.00195802
1936	2379	1.0215	0.00195802
1936	2380	1.0215	0.00195802
1936	2381	1.0215	0.00195802
1936	2382	1.0215	0.00195802
1936	2383	1.0215	0.00195802
1936	2384	1.0215	0.00195802
1936	2385	1.0215	0.00195802
1936	2386	1.0215	0.00195802
1936	2387	1.0215	0.00195802
1936	2388	1.0215	0.00195802
1936	2389	1.0215	0.00195802
1936	2390	1.0215	0.00195802
1936	2391	1.0215	0.00195802
1936	2392	1.0215	0.00195802
1936	2393	1.0215	0.00195802
1936	2394	1.0215	0.00195802
1936	2395	1.0215	0.00195802
1936	2396	1.0215	0.00195802
1936	2397	1.0215	0.00195802
1936	2398	1.0215	0.00195802
1936	2399	1.0215	0.00195802
1936	2400	1.0215	0.00195802
1936	2401	1.0215	0.00195802
1936	2402	1.0215	0.00195802
1936	2403	1.0215	0.00195802
1936	2404	1.0215	0.00195802
1936	2405	1.0215	0.00195802
1936	2406	1.0215	0.00195802
1936	2407	1.0215	0.00195802
1936	2408	1.0215	0.00195802
1936	2409	1.0215	0.00195802
1936	2410	1.0215	0.00195802
1936	2411	1.0215	0.00195802
1936	2412	1.0215	0.00195802
1936	2413	1.0215	0.00195802
1936	2414	1.0215	0.00195802
1936	2415	1.0215	0.00195802
1936	2416	1.0215	0.00195802
1936	2417	1.0215	0.00195802
1936	2418	1.0215	0.00195802
1936	2419	1.0215	0.00195802
1936	2420	1.0215	0.00195802
1936	2421	1.0215	0.00195802
1936	2422	1.0215	0.00195802
1936	2423	1.0215	0.00195802
1936	2424	1.0215	0.00195802
1936	2425	1.0215	0.00195802
1936	2426	1.0215	0.00195802
1936	2427	1.0215	0.00195802
1936	2428	1.0215	0.00195802
1936	2429	1.0215	0.00195802
1936	2430	1.0215	0.00195802
1936	2431	1.0215	0.00195802
1936	2432	1.0215	0.00195802
1936	2433	1.0215	0.00195802
1936	2434	1.0215	0.00195802
1936	2435	1.0215	0.00195802
1936	2436	1.0215	0.00195802
1936	2437	1.0215	0.00195802
1936	2438	1.0215	0.00195802
1936	2439	1.0215	0.00195802
1936	2440	1.0215	0.00195802
1936	2441	1.0215	0.00195802
1936	2442	1.0215	0.00195802
1936	2443	1.0215	0.00195802
1936	2444	1.0215	0.00195802
1936	2445	1.0215	0.00195802
1936	2446	1.0215	0.00195802
1936	2447	1.0215	0.00195802
1936	2448	1.0215	0.00195802
1936	2449	1.0215	0.00195802
1936	2450	1.0215	0.00195802
1936	2451	1.0215	0.00195802
1936	2452	1.0215	0.00195802
1936	2453	1.0215	0.00195802
1936	2454	1.0215	0.00195802
1936	2455	1.0215	0.00195802
1936	2456	1.0215	0.00195802
1936	2457	1.0215	0.00195802
1936	2458	1.0215	0.00195802
1936	2459	1.0215	0.00195802
1936	2460	1.0215	0.00195802
1936	2461	1.0215	0.00195802
1936	2462	1.0215	0.00195802
1936	2463	1.0215	0.00195802
1936	2464	1.0215	0.00195802
1936	2465	1.0215	0.00195802
1936	2466	1.0215	0.00195802
1936	2467	1.0215	0.00195802
1936	2468	1.0215	0.00195802
1936	2469	1.0215	0.00195802
1936	2470	1.0215	0.00195802
1936	2471	1.0215	0.00195802
1936	2472	1.0215	0.00195802
1936	2473	1.0215	0.00195802
1936	2474	1.0215	0.00195802
1936	2475	1.0215	0.00195802
1936	2476	1.0215	0.00195802
1936	2477	1.0215	0.00195802
1936	2478	1.0215	0.00195802
1936	2479	1.0215	0.00195802
1936	2480	1.0215	0.00195802
1936	2481	1.0215	0.00195802
1936	2482	1.0215	0.00195802
1936	2483	1.0215	0.00195802
1936	2484	1.0215	0.00195802
1936	2485	1.0215	0.00195802
1936	2486	1.0215	0.00195802
1936	2487	1.0215	0.00195802
1936	2488	1.0215	0.00195802
1936	2489	1.0215	0.00195802
1936	2490	1.0215	0.00195802
1936	2491	1.0215	0.00195802
1936	2492	1.0215	0.00195802
1936	2493	1.0215	0.00195802
1936	2494	1.0215	0.00195802
1936	2495	1.0215	0.00195802
1936	2496	1.0215	0.00195802
1936	2497	1.0215	0.00195802
1936	2498	1.0215	0.00195802
1936	2499	1.0215	0.00195802
1936	2500	1.0215	0.00195802
1936	2501	1.0215	0.00195802
1936	2502	1.0215	0.00195802
1936	2503	1.0215	0.00195802
1936	2504	1.0215	0.00195802
1936	2505	1.0215	0.00195802
1936	2506	1.0215	0.00195802
1936	2507	1.0215	0.00195802
1936	2508	1.0215	0.00195802
1936	2509	1.0215	0.00195802
1936	2510	1.0215	0.00195802
1936	2511	1.0215	0.00195802
1936	2512	1.0215	0.00195802
1936	2513	1.0215	0.00195802
1936	2514	1.0215	0.00195802
1936	2515	1.0215	0.00195802
1936	2516	1.0215	0.00195802
1936	2517	1.0215	0.00195802
1936	2518	1.0215	0.00195802
1936	2519	1.0215	0.00195802
1936	2520	1.0215	0.00195802
1936	2521	1.0215	0.00195802
1936	2522	1.0215	0.00195802
1936	2523	1.0215	0.00195802
1936	2524	1.0215	0.00195802
1936	2525	1.0215	0.00195802
1936	2526	1.0215	0.00195802
1936	2527	1.0215	0.00195802
1936	2528	1.0215	0.00195802
1936	2529	1.0215	0.00195802
1936	2530	1.0215	0.00195802
1936	2531	1.0215	0.00195802
1936	2532	1.0215	0.00195802
1936	2533	1.0215	0.00195802
1936	2534	1.0215	0.00195802
1936	2535	1.0215	0.00195802
1936	2536	1.0215	0.00195802
1936	2537	1.0215	0.00195802
1936	2538	1.0215	0.00195802
1936	2539	1.0215	0.00195802
1936	2540	1.0215	0.00195802
1936	2541	1.0215	0.00195802
1936	2542	1.0215	0.00195802
1936	2543	1.0215	0.00195802
1936	2544	1.0215	0.00195802
1936	2545	1.0215	0.00195802
1936	2546	1.0215	0.00195802
1936	2547	1.0215	0.00195802
1936	2548	1.0215	0.00195802
1936	2549	1.0215	0.00195802
1936	2550	1.0215	0.00195802
1936	2551	1.0215	0.00195802
1936	2552	1.0215	0.00195802
1936	2553	1.0215	0.00195802
1936	2554	1.0215	0.00195802
1936	2555	1.0215	0.00195802
1936	2556	1.0215	0.00195802
1936	2557	1.0215	0.00195802
1936	2558	1.0215	0.00195802
1936	2559	1.0215	0.00195802
1936	2560	1.0215	0.00195802
1936	2561	1.0215	0.00195802
1936	2562	1.0215	0.00195802
1936	2563	1.0215	0.00195802
1936	2564	1.0215	0.00195802
1936	2565	1.0215	0.00195802
1936	2566	1.0215	0.00195802
1936	2567	1.0215	0.00195802
1936	2568	1.0215	0.00195802
1936	2569	1.0215	0.00195802
1936	2570	1.0215	0.00195802
1936	2571	1.0215	0.00195802
1936	2572	1.0215	0.00195802
1936	2573	1.0215	0.00195802
1936	2574	1.0215	0.00195802
1936	2575	1.0215	0.00195802
1936	2576	1.0215	0.00195802
1936	2577	1.0215	0.00195802
1936	2578	1.0215	0.00195802
1936	2579	1.0215	0.00195802
1936	2580	1.0215	0.00195802
1936	2581	1.0215	0.00195802
1936	2582	1.0215	0.00195802
1936	2583	1.0215	0.00195802
1936	2584	1.0215	0.00195802
1936	2585	1.0215	0.00195802
1936	2586	1.0215	0.00195802
1936	2587	1.0215	0.00195802
1936	2588	1.0215	0.00195802
1936	2589	1.0215	0.00195802
1936	2590	1.0215	0.00195802
1936	2591	1.0215	0.00195802
1936	2592	1.0215	0.00195802
1936	2593	1.0215	0.00195802
1936	2594	1.0215	0.00195802
1936	2595	1.0215	0.00195802
1936	2596	1.0215	0.00195802
1936	2597	1.0215	0.00195802
1936	2598	1.0215	0.00195802
1936	2599	1.0215	0.00195802
1936	2600	1.0215	0.00195802
1936	2601	1.0215	0.00195802
1936	2602	1.0215	0.00195802
1936	2603	1.0215	0.00195802
1936	2604	1.0215	0.00195802
1936	2605	1.0215	0.00195802
1936	2606	1.0215	0.00195802
1936	2607	1.0215	0.00195802
1936	2608	1.0215	0.00195802
1936	2609	1.0215	0.00195802
1936	2610	1.0215	0.00195802
1936	2611	1.0215	0.00195802
1936	2612	1.0215	0.00195802
1936	2613	1.0215	0.00195802
1936	2614	1.0215	0.00195802
1936	2615	1.0215	0.00195802
1936	2616	1.0215	0.00195802
1936	2617	1.0215	0.00195802
1936	2618	1.0215	0.00195802
1936	2619	1.0215	0.00195802
1936	2620	1.0215	0.00195802
1936	2621	1.0215	0.00195802
1936	2622	1.0215	0.00195802
1936	2623	1.0215	0.00195802
1936	2624	1.0215	0.00195802
1936	2625	1.0215	0.00195802
1936	2626	1.0215	0.00195802
1936	2627	1.0215	0.00195802
1936	2628	1.0215	0.00195802
1936	2629	1.0215	0.00195802
1936	2630	1.0215	0.00195802
1936	2631	1.0215	0.00195802
1936	2632	1.0215	0.00195802
1936	2633	1.0215	0.00195802
1936	2634	1.0215	0.00195802
1936	2635	1.0215	0.00195802
1936	2636	1.0215	0.00195802
1936	2637	1.0215	0.00195802
1936	2638	1.0215	0.00195802
1936	2639	1.0215	0.00195802
1936	2640	1.0215	0.00195802
1936	2641	1.0215	0.00195802
1936	2642	1.0215	0.00195802
1936	2643	1.0215	0.00195802
1936	2644	1.0215	0.00195802
1936	2645	1.0215	0.00195802
1936	2646	1.0215	0.00195802
1936	2647	1.0215	0.00195802
1936	2648	1.0215	0.00195802
1936	2649	1.0215	0.00195802
1936	2650	1.0215	0.00195802
1936	2651	1.0215	0.00195802
1936	2652	1.0215	0.00195802
1936	2653	1.0215	0.00195802
1936	2654	1.0215	0.00195802
1936	2655	1.0215	0.00195802
1936	2656	1.0215	0.00195802
1936	2657	1.0215	0.00195802
1936	2658	1.0215	0.00195802
1936	2659	1.0215	0.00195802
1936	2660	1.0215	0.00195802
1936	2661	1.0215	0.00195802
1936	2662	1.0215	0.00195802
1936	2663	1.0215	0.00195802
1936	2664	1.0215	0.00195802
1936	2665	1.0215	0.00195802
1936	2666	1.0215	0.00195802
1936	2667	1.0215	0.00195802
1936	2668	1.0215	0.00195802
1936	2669	1.0215	0.00195802
1936	2670	1.0215	0.00195802
1936	2671	1.0215	0.00195802
1936	2672	1.0215	0.00195802
1936	2673	1.0215	0.00195802
1936	2674	1.0215	0.00195802
1936	2675	1.0215	0.00195802
1936	2676	1.0215	0.00195802
1936	2677	1.0215	0.00195802
1936	2678	1.0215	0.00195802
1936	2679	1.0215	0.00195802
1936	2680	1.0215	0.00195802
1936	2681	1.0215	0.00195802
1936	2682	1.0215	0.00195802
1936	2683	1.0215	0.00195802
1936	2684	1.0215	0.00195802
1936	2685	1.0215	0.00195802
1936	2686	1.0215	0.00195802
1936	2687	1.0215	0.00195802
1936	2688	1.0215	0.00195802
1936	2689	1.0215	0.00195802
1936	2690	1.0215	0.00195802
1936	2691	1.0215	0.00195802
1936	2692	1.0215	0.00195802
1936	2693	1.0215	0.00195802
1936	2694	1.0215	0.00195802
1936	2695	1.0215	0.00195802
1936	2696	1.0215	0.00195802
1936	2697	1.0215	0.00195802
1936	2698	1.0215	0.00195802
1936	2699	1.0215	0.00195802
1936	2700	1.0215	0.00195802
1936	2701	1.0215	0.00195802
1936	2702	1.0215	0.00195802
1936	2703	1.0215	0.00195802
1936	2704	1.0215	0.00195802
1936	2705	1.0215	0.00195802
1936	2706	1.0215	0.00195802
1936	2707	1.0215	0.00195802
1936	2708	1.0215	0.00195802
1936	2709	1.0215	0.00195802
1936	2710	1.0215	0.00195802
1936	2711	1.0215	0.00195802
1936	2712	1.0215	0.00195802
1936	2713	1.0215	0.00195802
1936	2714	1.0215	0.00195802
1936	2715	1.0215	0.00195802
1936	2716	1.0215	0.00195802
1936	2717	1.0215	0.00195802
1936	2718	1.0215	0.00195802
1936	2719	1.0215	0.00195802
1936	2720	1.0215	0.00195802
1936	2721	1.0215	0.00195802
1936	2722	1.0215	0.00195802
1936	2723	1.0215	0.00195802
1936	2724	1.0215	0.00195802
1936	2725	1.0215	0.00195802
1936	2726	1.0215	0.00195802
1936	2727	1.0215	0.00195802
1936	2728	1.0215	0.00195802
1936	2729	1.0215	0.00195802
1936	2730	1.0215	0.00195802
1936	2731	1.0215	0.00195802
1936	2732	1.0215	0.00195802
1936	2733	1.0215	0.00195802
1936	2734	1.0215	0.00195802
1936	2735	1.0215	0.00195802
1936	2736	1.0215	0.00195802
1936	2737	1.0215	0.00195802
1936	2738	1.0215	0.00195802
1936	2739	1.0215	0.00195802
1936	2740	1.0215	0.00195802
1936	2741	1.0215	0.00195802
1936	2742	1.0215	0.00195802
1936	2743	1.0215	0.00195802
1936	2744	1.0215	0.00195802
1936	2745	1.0215	0.00195802
1936	2746	1.0215	0.00195802
1936	2747	1.0215	0.00195802
1936	2748	1.0215	0.00195802
1936	2749	1.0215	0.00195802
1936	2750	1.0215	0.00195802
1936	2751	1.0215	0.00195802
1936	2752	1.0215	0.00195802
1936	2753	1.0215	0.00195802
1936	2754	1.0215	0.00195802
1936	2755	1.0215	0.00195802
1936	2756	1.0215	0.00195802
1936	2757	1.0215	0.00195802
1936	2758	1.0215	0.00195802
1936	2759	1.0215	0.00195802
1936	2760	1.0215	0.00195802
1936	2761	1.0215	0.00195802
1936	2762	1.0215	0.00195802
1936	2763	1.0215	0.00195802
1936	2764	1.0215	0.00195802
1936	2765	1.0215	0.00195802
1936	2766	1.0215	0.00195802
1936	2767	1.0215	0.00195802
1936	2768	1.0215	0.00195802
1936	2769	1.0215	0.00195802
1936	2770	1.0215	0.00195802
1936	2771	1.0215	0.00195802
1936	2772	1.0215	0.00195802
1936	2773	1.0215	0.00195802
1936	2774	1.0215	0.00195802
1936	2775	1.0215	0.00195802
1936	2776	1.0215	0.00195802
1936	2777	1.0215	0.00195802
1936	2778	1.0215	0.00195802
1936	2779	1.0215	0.00195802
1936	2780	1.0215	0.00195802
1936	2781	1.0215	0.00195802
1936	2782	1.0215	0.00195802
1936	2783	1.0215	0.00195802
1936	2784	1.0215	0.00195802
1936	2785	1.0215	0.00195802
1936	2786	1.0215	0.00195802
1936	2787	1.0215	0.00195802
1936	2788	1.0215	0.00195802
1936	2789	1.0215	0.00195802
1936	2790	1.0215	0.00195802
1936	2791	1.0215	0.00195802
1936	2792	1.0215	0.00195802
1936	2793	1.0215	0.00195802
1936	2794	1.0215	0.00195802
1936	2795	1.0215	0.00195802
1936	2796	1.0215	0.00195802
1936	2797	1.0215	0.00195802
1936	2798	1.0215	0.00195802
1936	2799	1.0215	0.00195802
1936	2800	1.0215	0.00195802
1936	2801	1.0215	0.00195802
1936	2802	1.0215	0.00195802
1936	2803	1.0215	0.00195802
1936	2804	1.0215	0.00195802
1936	2805	1.0215	0.00195802
1936	2806	1.0215	0.00195802
1936	2807	1.0215	0.00195802
1936	2808	1.0215	0.00195802
1936	2809	1.0215	0.00195802
1936	2810	1.0215	0.00195802
1936	2811	1.0215	0.00195802
1936	2812	1.0215	0.00195802
1936	2813	1.0215	0.00195802
1936	2814	1.0215	0.00195802
1936	2815	1.0215	0.00195802
1936	2816	1.0215	0.00195802
1936	2817	1.0215	0.00195802
1936	2818	1.0215	0.00195802
1936	2819	1.0215	0.00195802
1936	2820	1.0215	0.00195802
1936	2821	1.0215	0.00195802
1936	2822	1.0215	0.00195802
1936	2823	1.0215	0.00195802
1936	2824	1.0215	0.00195802
1936	2825	1.0215	0.00195802
1936	2826	1.0215	0.00195802
1936	2827	1.0215	0.00195802
1936	2828	1.0215	0.00195802
1936	2829	1.0215	0.00195802
1936	2830	1.0215	0.00195802
1936	2831	1.0215	0.00195802
1936	2832	1.0215	0.00195802
1936	2833	1.0215	0.00195802
1936	2834	1.0215	0.00195802
1936	2835	1.0215	0.00195802
1936	2836	1.0215	0.00195802
1936	2837	1.0215	0.00195802
1936	2838	1.0215	0.00195802
1936	2839	1.0215	0.00195802
1936	2840	1.0215	0.00195802
1936	2841	1.0215	0.00195802
1936	2842	1.0215	0.00195802
1936	2843	1.0215	0.00195802
1936	2844	1.0215	0.00195802
1936	2845	1.0215	0.00195802
1936	2846	1.0215	0.00195802
1936	2847	1.0215	0.00195802
1936	2848	1.0215	0.00195802
1936	2849	1.0215	0.00195802
1936	2850	1.0215	0.00195802
1936	2851	1.0215	0.00195802
1936	2852	1.0215	0.00195802
1936	2853	1.0215	0.00195802
1936	2854	1.0215	0.00195802
1936	2855	1.0215	0.00195802
1936	2856	1.0215	0.00195802
1936	2857	1.0215	0.00195802
1936	2858	1.0215	0.00195802
1936	2859	1.0215	0.00195802
1936	2860	1.0215	0.00195802
1936	2861	1.0215	0.00195802
1936	2862	1.0215	0.00195802
1936	2863	1.0215	0.00195802
1936	2864	1.0215	0.00195802
1936	2865	1.0215	0.00195802
1936	2866	1.0215	0.00195802
1936	2867	1.0215	0.00195802
1936	2868	1.0215	0.00195802
1936	2869	1.0215	0.00195802
1936	2870	1.0215	0.00195802
1936	2871	1.0215	0.00195802
1936	2872	1.0215	0.00195802
1936	2873	1.0215	0.00195802
1936	2874	1.0215	0.00195802
1936	2875	1.0215	0.00195802
1936	2876	1.0215	0.00195802
1936	2877	1.0215	0.00195802
1936	2878	1.0215	0.00195802
1936	2879	1.0215	0.00195802
1936	2880	1.0215	0.00195802
1936	2881	1.0215	0.00195802
1936	2882	1.0215	0.00195802
1936	2883	1.0215	0.00195802
1936	2884	1.0215	0.00195802
1936	2885	1.0215	0.00195802
1936	2886	1.0215	0.00195802
1936	2887	1.0215	0.00195802
1936	2888	1.0215	0.00195802
1936	2889	1.0215	0.00195802
1936	2890	1.0215	0.00195802
1936	2891	1.0215	0.00195802
1936	2892	1.0215	0.00195802
1936	2893	1.0215	0.00195802
1936	2894	1.0215	0.00195802
1936	2895	1.0215	0.00195802
1936	2896	1.0215	0.00195802
1936	2897	1.0215	0.00195802
1936	2898	1.0215	0.00195802
1936	2899	1.0215	0.00195802
1936	2900	1.0215	0.00195802
1936	2901	1.0215	0.00195802
1936	2902	1.0215	0.00195802
1936	2903	1.0215	0.00195802
1936	2904	1.0215	0.00195802
1936	2905	1.0215	0.00195802
1936	2906	1.0215	0.00195802
1936	2907	1.0215	0.00195802
1936	2908	1.0215	0.00195802
1936	2909	1.0215	0.00195802
1936	2910	1.0215	0.00195802
1936	2911	1.0215	0.00195802
1936	2912	1.0215	0.00195802
1936	2913	1.0215	0.00195802
1936	2914	1.0215	0.00195802
1936	2915	1.0215	0.00195802
1936	2916	1.0215	0.00195802
1936	2917	1.0215	0.00195802
1936	2918	1.0215	0.00195802
1936	2919	1.0215	0.00195802
1936	2920	1.0215	0.00195802
1936	2921	1.0215	0.00195802
1936	2922	1.0215	0.00195802
1936	2923	1.0215	0.00195802
1936	2924	1.0215	0.00195802
1936	2925	1.0215	0.00195802
1936	2926	1.0215	0.00195802
1936	2927	1.0215	0.00195802
1936	2928	1.0215	0.00195802
1936	2929	1.0215	0.00195802
1936	2930	1.0215	0.00195802
1936	2931	1.0215	0.00195802
1936	2932	1.0215	0.00195802
1936	2933	1.0215	0.00195802
1936	2934	1.0215	0.00195802
1936	2935	1.0215	0.00195802
1936	2936	1.0215	0.00195802
1936	2937	1.0215	0.00195802
1936	2938	1.0215	0.00195802
1936	2939	1.0215	0.00195802
1936	2940	1.0215	0.00195802
1936	2941	1.0215	0.00195802
1936	2942	1.0215	0.00195802
1936	2943	1.0215	0.00195802
1936	2944	1.0215	0.00195802
1936	2945	1.0215	0.00195802
1936	2946	1.0215	0.00195802
1936	2947	1.0215	0.00195802
1936	2948	1.0215	0.00195802
1936	2949	1.0215	0.00195802
1936	2950	1.0215	0.00195802
1936	2951	1.0215	0.00195802
1936	2952	1.0215	0.00195802
1936	2953	1.0215	0.00195802
1936	2954	1.0215	0.00195802
1936	2955	1.0215	0.00195802
1936	2956	1.0215	0.00195802
1936	2957	1.0215	0.00195802
1936	2958	1.0215	0.00195802
1936	2959	1.0215	0.00195802
1936	2960	1.0215	0.00195802
1936	2961	1.0215	0.00195802
1936	2962	1.0215	0.00195802
1936	2963	1.0215	0.00195802
1936	2964	1.0215	0.00195802
1936	2965	1.0215	0.00195802
1936	2966	1.0215	0.00195802
1936	2967	1.0215	0.00195802
1936	2968	1.0215	0.00195802
1936	2969	1.0215	0.00195802
1936	2970	1.0215	0.00195802
1936	2971	1.0215	0.00195802
1936	2972	1.0215	0.00195802
1936	2973	1.0215	0.00195802
1936	2974	1.0215	0.00195802
1936	2975	1.0215	0.00195802
1936	2976	1.0215	0.00195802
1936	2977	1.0215	0.00195802
1936	2978	1.0215	0.00195802
1936	2979	1.0215	0.00195802
1936	2980	1.0215	0.00195802
1936	2981	1.0215	0.00195802
1936	2982	1.0215	0.00195802
1936	2983	1.0215	0.00195802
1936	2984	1.0215	0.00195802
1936	2985	1.0215	0.00195802
1936	2986	1.0215	0.00195802
1936	2987	1.0215	0.00195802
1936	2988	1.0215	0.00195802
1936	2989	1.0215	0.00195802
1936	2990	1.0215	0.00195802
1936	2991	1.0215	0.00195802
1936	2992	1.0215	0.00195802
1936	2993	1.0215	0.00195802
1936	2994	1.0215	0.00195802
1936	2995	1.0215	0.00195802
1936	2996	1.0215	0.00195802
1936	2997	1.0215	0.00195802
1936	2998	1.0215	0.00195802
1936	2999	1.0215	0.00195802
1936	3000	1.0215	0.00195802
1936	3001	1.0215	0.00195802
1936	3002	1.0215	0.00195802
1936	3003	1.0215	0.00195802
1936	3004	1.0215	0.00195802
1936	3005	1.0215	0.00195802
1936	3006	1.0215	0.00195802
1936	3007	1.0215	0.00195802
1936	3008	1.0215	0.00195802
1936	3009	1.0215	0.00195802
1936	3010	1.0215	0.00195802
1936	3011	1.0215	0.00195802
1936	3012	1.0215	0.00195802
1936	3013	1.0215	0.00195802
1936	3014	1.0215	0.00195802
1936	3015	1.0215	0.00195802
1936	3016	1.0215	0.00195802
1936	3017	1.0215	0.00195802
1936	3018	1.0215	0.00195802
1936	3019	1.0215	0.00195802
1936	3020	1.0215	0.00195802
1936	3021	1.0215	0.00195802
1936	3022	1.0215	0.00195802
1936	3023	1.0215	0.00195802
1936	3024	1.0215	0.00195802
1936	3025	1.0215	0.00195802
1936	3026	1.0215	0.00195802
1936	3027	1.0215	0.00195802
1936	3028	1.0215	0.00195802
1936	3029	1.0215	0.00195802
1936	3030	1.0215	0.00195802
1936	3031	1.0215	0.00195802
1936	3032	1.0215	0.00195802
1936	3033	1.0215	0.00195802
1936	3034	1.0215	0.00195802
1936	3035	1.0215	0.00195802
1936	3036	1.0215	0.00195802
1936	3037	1.0215	0.00195802
1936	3038	1.0215	0.00195802
1936	3039	1.0215	0.00195802
1936	3040	1.0215	0.00195802
1936	3041	1.0215	0.00195802
1936	3042	1.0215	0.00195802
1936	3043	1.0215	0.00195802
1936	3044	1.0215	0.00195802
1936	3045	1.0215	0.00195802
1936	3046	1.0215	0.00195802
1936	3047	1.0215	0.00195802
1936	3048	1.0215	0.00195802
1936	3049	1.0215	0.00195802
1936	3050	1.0215	0.00195802
1936	3051	1.0215	0.00195802
1936	3052	1.0215	0.00195802
1936	3053	1.0215	0.00195802
1936	3054	1.0215	0.00195802
1936	3055	1.0215	0.00195802
1936	3056	1.0215	0.00195802
1936	3057	1.0215	0.00195802
1936	3058	1.0215	0.00195802
1936	3059	1.0215	0.00195802
1936	3060	1.0215	0.00195802
1936	3061	1.0215	0.00195802
1936	3062	1.0215	0.00195802
1936	3063	1.0215	0.00195802
1936	3064	1.0215	0.00195802
1936	3065	1.0215	0.00195802
1936	3066	1.0215	0.00195802
1936	3067	1.0215	0.00195802
1936	3068	1.0215	0.00195802
1936	3069	1.0215	0.00195802
1936	3070	1.0215	0.00195802
1936	3071	1.0215	0.00195802
1936	3072	1.0215	0.00195802
1936	3073	1.0215	0.00195802
1936	3074	1.0215	0.00195802
1936	3075	1.0215	0.00195802
1936	3076	1.0215	0.00195802
1936	3077	1.0215	0.00195802
1936	3078	1.0215	0.00195802
1936	3079	1.0215	0.00195802
1936	3080	1.0215	0.00195802
1936	3081	1.0215	0.00195802
1936	3082	1.0215	0.00195802
1936	3083	1.0215	0.00195802
1936	3084	1.0215	0.00195802
1936	3085	1.0215	0.00195802
1936	3086	1.0215	0.00195802
1936	3087	1.0215	0.00195802
1936	3088	1.0215	0.00195802
1936	3089	1.0215	0.00195802
1936	3090	1.0215	0.00195802
1936	3091	1.0215	0.00195802
1936	3092	1.0215	0.00195802
1936	3093	1.0215	0.00195802
1936	3094	1.0215	0.00195802
1936	3095	1.0215	0.00195802
1936	3096	1.0215	0.00195802
1936	3097	1.0215	0.00195802
1936	3098	1.0215	0.00195802
1936	3099	1.0215	0.00195802
1936	3100	1.0215	0.00195802
1936	3101	1.0215	0.00195802
1936	3102	1.0215	0.00195802
1936	3103	1.0215	0.00195802
1936	3104	1.0215	0.00195802
1936	3105	1.0215	0.00195802
1936	3106	1.0215	0.00195802
1936	3107	1.0215	0.00195802
1936	3108	1.0215	0.00195802
1936	3109	1.0215	0.00195802
1936	3110	1.0215	0.00195802
1936	3111	1.0215	0.00195802
1936	3112	1.0215	0.00195802
1936	3113	1.0215	0.00195802
1936	3114	1.0215	0.00195802
1936	3115	1.0215	0.00195802
1936	3116	1.0215	0.00195802
1936	3117	1.0215	0.00195802
1936	3118	1.0215	0.00195802
1936	3119	1.0215	0.00195802
1936	3120	1.0215	0.00195802
1936	3121	1.0215	0.00195802
1936	3122	1.0215	0.00195802
1936	3123	1.0215	0.00195802
1936	3124	1.0215	0.00195802
1936	3125	1.0215	0.00195802
1936	3126	1.0215	0.00195802
1936	3127	1.0215	0.00195802
1936	3128	1.0215	0.00195802
1936	3129	1.0215	0.00195802
1936	3130	1.0215	0.00195802
1936	3131	1.0215	0.00195802
1936	3132	1.0215	0.00195802
1936	3133	1.0215	0.00195802
