1606	0	0.99944	0.00193693
1606	1	0.99944	0.00193693
1606	2	0.99944	0.00193693
1606	3	0.99944	0.00193693
1606	4	0.99944	0.00193693
1606	5	0.99944	0.00193693
1606	6	0.99944	0.00193693
1606	7	0.99944	0.00193693
1606	8	0.99944	0.00193693
1606	9	0.99944	0.00193693
1606	10	0.99944	0.00193693
1606	11	0.99944	0.00193693
1606	12	0.99944	0.00193693
1606	13	0.99944	0.00193693
1606	14	0.99944	0.00193693
1606	15	0.99944	0.00193693
1606	16	0.99944	0.00193693
1606	17	0.99944	0.00193693
1606	18	0.99944	0.00193693
1606	19	0.99944	0.00193693
1606	20	0.99944	0.00193693
1606	21	0.99944	0.00193693
1606	22	0.99944	0.00193693
1606	23	0.99944	0.00193693
1606	24	0.99944	0.00193693
1606	25	0.99944	0.00193693
1606	26	0.99944	0.00193693
1606	27	0.99944	0.00193693
1606	28	0.99944	0.00193693
1606	29	0.99944	0.00193693
1606	30	0.99944	0.00193693
1606	31	0.99944	0.00193693
1606	32	0.99944	0.00193693
1606	33	0.99944	0.00193693
1606	34	0.99944	0.00193693
1606	35	0.99944	0.00193693
1606	36	0.99944	0.00193693
1606	37	0.99944	0.00193693
1606	38	0.99944	0.00193693
1606	39	0.99944	0.00193693
1606	40	0.99944	0.00193693
1606	41	0.99944	0.00193693
1606	42	0.99944	0.00193693
1606	43	0.99944	0.00193693
1606	44	0.99944	0.00193693
1606	45	0.99944	0.00193693
1606	46	0.99944	0.00193693
1606	47	0.99944	0.00193693
1606	48	0.99944	0.00193693
1606	49	0.99944	0.00193693
1606	50	0.99944	0.00193693
1606	51	0.99944	0.00193693
1606	52	0.99944	0.00193693
1606	53	0.99944	0.00193693
1606	54	0.99944	0.00193693
1606	55	0.99944	0.00193693
1606	56	0.99944	0.00193693
1606	57	0.99944	0.00193693
1606	58	0.99944	0.00193693
1606	59	0.99944	0.00193693
1606	60	0.99944	0.00193693
1606	61	0.99944	0.00193693
1606	62	0.99944	0.00193693
1606	63	0.99944	0.00193693
1606	64	0.99944	0.00193693
1606	65	0.99944	0.00193693
1606	66	0.99944	0.00193693
1606	67	0.99944	0.00193693
1606	68	0.99944	0.00193693
1606	69	0.99944	0.00193693
1606	70	0.99944	0.00193693
1606	71	0.99944	0.00193693
1606	72	0.99944	0.00193693
1606	73	0.99944	0.00193693
1606	74	0.99944	0.00193693
1606	75	0.99944	0.00193693
1606	76	0.99944	0.00193693
1606	77	0.99944	0.00193693
1606	78	0.99944	0.00193693
1606	79	0.99944	0.00193693
1606	80	0.99944	0.00193693
1606	81	0.99944	0.00193693
1606	82	0.99944	0.00193693
1606	83	0.99944	0.00193693
1606	84	0.99944	0.00193693
1606	85	0.99944	0.00193693
1606	86	0.99944	0.00193693
1606	87	0.99944	0.00193693
1606	88	0.99944	0.00193693
1606	89	0.99944	0.00193693
1606	90	0.99944	0.00193693
1606	91	0.99944	0.00193693
1606	92	0.99944	0.00193693
1606	93	0.99944	0.00193693
1606	94	0.99944	0.00193693
1606	95	0.99944	0.00193693
1606	96	0.99944	0.00193693
1606	97	0.99944	0.00193693
1606	98	0.99944	0.00193693
1606	99	0.99944	0.00193693
1606	100	0.99944	0.00193693
1606	101	0.99944	0.00193693
1606	102	0.99944	0.00193693
1606	103	0.99944	0.00193693
1606	104	0.99944	0.00193693
1606	105	0.99944	0.00193693
1606	106	0.99944	0.00193693
1606	107	0.99944	0.00193693
1606	108	0.99944	0.00193693
1606	109	0.99944	0.00193693
1606	110	0.99944	0.00193693
1606	111	0.99944	0.00193693
1606	112	0.99944	0.00193693
1606	113	0.99944	0.00193693
1606	114	0.99944	0.00193693
1606	115	0.99944	0.00193693
1606	116	0.99944	0.00193693
1606	117	0.99944	0.00193693
1606	118	0.99944	0.00193693
1606	119	0.99944	0.00193693
1606	120	0.99944	0.00193693
1606	121	0.99944	0.00193693
1606	122	0.99944	0.00193693
1606	123	0.99944	0.00193693
1606	124	0.99944	0.00193693
1606	125	0.99944	0.00193693
1606	126	0.99944	0.00193693
1606	127	0.99944	0.00193693
1606	128	0.99944	0.00193693
1606	129	0.99944	0.00193693
1606	130	0.99944	0.00193693
1606	131	0.99944	0.00193693
1606	132	0.99944	0.00193693
1606	133	0.99944	0.00193693
1606	134	0.99944	0.00193693
1606	135	0.99944	0.00193693
1606	136	0.99944	0.00193693
1606	137	0.99944	0.00193693
1606	138	0.99944	0.00193693
1606	139	0.99944	0.00193693
1606	140	0.99944	0.00193693
1606	141	0.99944	0.00193693
1606	142	0.99944	0.00193693
1606	143	0.99944	0.00193693
1606	144	0.99944	0.00193693
1606	145	0.99944	0.00193693
1606	146	0.99944	0.00193693
1606	147	0.99944	0.00193693
1606	148	0.99944	0.00193693
1606	149	0.99944	0.00193693
1606	150	0.99944	0.00193693
1606	151	0.99944	0.00193693
1606	152	0.99944	0.00193693
1606	153	0.99944	0.00193693
1606	154	0.99944	0.00193693
1606	155	0.99944	0.00193693
1606	156	0.99944	0.00193693
1606	157	0.99944	0.00193693
1606	158	0.99944	0.00193693
1606	159	0.99944	0.00193693
1606	160	0.99944	0.00193693
1606	161	0.99944	0.00193693
1606	162	0.99944	0.00193693
1606	163	0.99944	0.00193693
1606	164	0.99944	0.00193693
1606	165	0.99944	0.00193693
1606	166	0.99944	0.00193693
1606	167	0.99944	0.00193693
1606	168	0.99944	0.00193693
1606	169	0.99944	0.00193693
1606	170	0.99944	0.00193693
1606	171	0.99944	0.00193693
1606	172	0.99944	0.00193693
1606	173	0.99944	0.00193693
1606	174	0.99944	0.00193693
1606	175	0.99944	0.00193693
1606	176	0.99944	0.00193693
1606	177	0.99944	0.00193693
1606	178	0.99944	0.00193693
1606	179	0.99944	0.00193693
1606	180	0.99944	0.00193693
1606	181	0.99944	0.00193693
1606	182	0.99944	0.00193693
1606	183	0.99944	0.00193693
1606	184	0.99944	0.00193693
1606	185	0.99944	0.00193693
1606	186	0.99944	0.00193693
1606	187	0.99944	0.00193693
1606	188	0.99944	0.00193693
1606	189	0.99944	0.00193693
1606	190	0.99944	0.00193693
1606	191	0.99944	0.00193693
1606	192	0.99944	0.00193693
1606	193	0.99944	0.00193693
1606	194	0.99944	0.00193693
1606	195	0.99944	0.00193693
1606	196	0.99944	0.00193693
1606	197	0.99944	0.00193693
1606	198	0.99944	0.00193693
1606	199	0.99944	0.00193693
1606	200	0.99944	0.00193693
1606	201	0.99944	0.00193693
1606	202	0.99944	0.00193693
1606	203	0.99944	0.00193693
1606	204	0.99944	0.00193693
1606	205	0.99944	0.00193693
1606	206	0.99944	0.00193693
1606	207	0.99944	0.00193693
1606	208	0.99944	0.00193693
1606	209	0.99944	0.00193693
1606	210	0.99944	0.00193693
1606	211	0.99944	0.00193693
1606	212	0.99944	0.00193693
1606	213	0.99944	0.00193693
1606	214	0.99944	0.00193693
1606	215	0.99944	0.00193693
1606	216	0.99944	0.00193693
1606	217	0.99944	0.00193693
1606	218	0.99944	0.00193693
1606	219	0.99944	0.00193693
1606	220	0.99944	0.00193693
1606	221	0.99944	0.00193693
1606	222	0.99944	0.00193693
1606	223	0.99944	0.00193693
1606	224	0.99944	0.00193693
1606	225	0.99944	0.00193693
1606	226	0.99944	0.00193693
1606	227	0.99944	0.00193693
1606	228	0.99944	0.00193693
1606	229	0.99944	0.00193693
1606	230	0.99944	0.00193693
1606	231	0.99944	0.00193693
1606	232	0.99944	0.00193693
1606	233	0.99944	0.00193693
1606	234	0.99944	0.00193693
1606	235	0.99944	0.00193693
1606	236	0.99944	0.00193693
1606	237	0.99944	0.00193693
1606	238	0.99944	0.00193693
1606	239	0.99944	0.00193693
1606	240	0.99944	0.00193693
1606	241	0.99944	0.00193693
1606	242	0.99944	0.00193693
1606	243	0.99944	0.00193693
1606	244	0.99944	0.00193693
1606	245	0.99944	0.00193693
1606	246	0.99944	0.00193693
1606	247	0.99944	0.00193693
1606	248	0.99944	0.00193693
1606	249	0.99944	0.00193693
1606	250	0.99944	0.00193693
1606	251	0.99944	0.00193693
1606	252	0.99944	0.00193693
1606	253	0.99944	0.00193693
1606	254	0.99944	0.00193693
1606	255	0.99944	0.00193693
1606	256	0.99944	0.00193693
1606	257	0.99944	0.00193693
1606	258	0.99944	0.00193693
1606	259	0.99944	0.00193693
1606	260	0.99944	0.00193693
1606	261	0.99944	0.00193693
1606	262	0.99944	0.00193693
1606	263	0.99944	0.00193693
1606	264	0.99944	0.00193693
1606	265	0.99944	0.00193693
1606	266	0.99944	0.00193693
1606	267	0.99944	0.00193693
1606	268	0.99944	0.00193693
1606	269	0.99944	0.00193693
1606	270	0.99944	0.00193693
1606	271	0.99944	0.00193693
1606	272	0.99944	0.00193693
1606	273	0.99944	0.00193693
1606	274	0.99944	0.00193693
1606	275	0.99944	0.00193693
1606	276	0.99944	0.00193693
1606	277	0.99944	0.00193693
1606	278	0.99944	0.00193693
1606	279	0.99944	0.00193693
1606	280	0.99944	0.00193693
1606	281	0.99944	0.00193693
1606	282	0.99944	0.00193693
1606	283	0.99944	0.00193693
1606	284	0.99944	0.00193693
1606	285	0.99944	0.00193693
1606	286	0.99944	0.00193693
1606	287	0.99944	0.00193693
1606	288	0.99944	0.00193693
1606	289	0.99944	0.00193693
1606	290	0.99944	0.00193693
1606	291	0.99944	0.00193693
1606	292	0.99944	0.00193693
1606	293	0.99944	0.00193693
1606	294	0.99944	0.00193693
1606	295	0.99944	0.00193693
1606	296	0.99944	0.00193693
1606	297	0.99944	0.00193693
1606	298	0.99944	0.00193693
1606	299	0.99944	0.00193693
1606	300	0.99944	0.00193693
1606	301	0.99944	0.00193693
1606	302	0.99944	0.00193693
1606	303	0.99944	0.00193693
1606	304	0.99944	0.00193693
1606	305	0.99944	0.00193693
1606	306	0.99944	0.00193693
1606	307	0.99944	0.00193693
1606	308	0.99944	0.00193693
1606	309	0.99944	0.00193693
1606	310	0.99944	0.00193693
1606	311	0.99944	0.00193693
1606	312	0.99944	0.00193693
1606	313	0.99944	0.00193693
1606	314	0.99944	0.00193693
1606	315	0.99944	0.00193693
1606	316	0.99944	0.00193693
1606	317	0.99944	0.00193693
1606	318	0.99944	0.00193693
1606	319	0.99944	0.00193693
1606	320	0.99944	0.00193693
1606	321	0.99944	0.00193693
1606	322	0.99944	0.00193693
1606	323	0.99944	0.00193693
1606	324	0.99944	0.00193693
1606	325	0.99944	0.00193693
1606	326	0.99944	0.00193693
1606	327	0.99944	0.00193693
1606	328	0.99944	0.00193693
1606	329	0.99944	0.00193693
1606	330	0.99944	0.00193693
1606	331	0.99944	0.00193693
1606	332	0.99944	0.00193693
1606	333	0.99944	0.00193693
1606	334	0.99944	0.00193693
1606	335	0.99944	0.00193693
1606	336	0.99944	0.00193693
1606	337	0.99944	0.00193693
1606	338	0.99944	0.00193693
1606	339	0.99944	0.00193693
1606	340	0.99944	0.00193693
1606	341	0.99944	0.00193693
1606	342	0.99944	0.00193693
1606	343	0.99944	0.00193693
1606	344	0.99944	0.00193693
1606	345	0.99944	0.00193693
1606	346	0.99944	0.00193693
1606	347	0.99944	0.00193693
1606	348	0.99944	0.00193693
1606	349	0.99944	0.00193693
1606	350	0.99944	0.00193693
1606	351	0.99944	0.00193693
1606	352	0.99944	0.00193693
1606	353	0.99944	0.00193693
1606	354	0.99944	0.00193693
1606	355	0.99944	0.00193693
1606	356	0.99944	0.00193693
1606	357	0.99944	0.00193693
1606	358	0.99944	0.00193693
1606	359	0.99944	0.00193693
1606	360	0.99944	0.00193693
1606	361	0.99944	0.00193693
1606	362	0.99944	0.00193693
1606	363	0.99944	0.00193693
1606	364	0.99944	0.00193693
1606	365	0.99944	0.00193693
1606	366	0.99944	0.00193693
1606	367	0.99944	0.00193693
1606	368	0.99944	0.00193693
1606	369	0.99944	0.00193693
1606	370	0.99944	0.00193693
1606	371	0.99944	0.00193693
1606	372	0.99944	0.00193693
1606	373	0.99944	0.00193693
1606	374	0.99944	0.00193693
1606	375	0.99944	0.00193693
1606	376	0.99944	0.00193693
1606	377	0.99944	0.00193693
1606	378	0.99944	0.00193693
1606	379	0.99944	0.00193693
1606	380	0.99944	0.00193693
1606	381	0.99944	0.00193693
1606	382	0.99944	0.00193693
1606	383	0.99944	0.00193693
1606	384	0.99944	0.00193693
1606	385	0.99944	0.00193693
1606	386	0.99944	0.00193693
1606	387	0.99944	0.00193693
1606	388	0.99944	0.00193693
1606	389	0.99944	0.00193693
1606	390	0.99944	0.00193693
1606	391	0.99944	0.00193693
1606	392	0.99944	0.00193693
1606	393	0.99944	0.00193693
1606	394	0.99944	0.00193693
1606	395	0.99944	0.00193693
1606	396	0.99944	0.00193693
1606	397	0.99944	0.00193693
1606	398	0.99944	0.00193693
1606	399	0.99944	0.00193693
1606	400	0.99944	0.00193693
1606	401	0.99944	0.00193693
1606	402	0.99944	0.00193693
1606	403	0.99944	0.00193693
1606	404	0.99944	0.00193693
1606	405	0.99944	0.00193693
1606	406	0.99944	0.00193693
1606	407	0.99944	0.00193693
1606	408	0.99944	0.00193693
1606	409	0.99944	0.00193693
1606	410	0.99944	0.00193693
1606	411	0.99944	0.00193693
1606	412	0.99944	0.00193693
1606	413	0.99944	0.00193693
1606	414	0.99944	0.00193693
1606	415	0.99944	0.00193693
1606	416	0.99944	0.00193693
1606	417	0.99944	0.00193693
1606	418	0.99944	0.00193693
1606	419	0.99944	0.00193693
1606	420	0.99944	0.00193693
1606	421	0.99944	0.00193693
1606	422	0.99944	0.00193693
1606	423	0.99944	0.00193693
1606	424	0.99944	0.00193693
1606	425	0.99944	0.00193693
1606	426	0.99944	0.00193693
1606	427	0.99944	0.00193693
1606	428	0.99944	0.00193693
1606	429	0.99944	0.00193693
1606	430	0.99944	0.00193693
1606	431	0.99944	0.00193693
1606	432	0.99944	0.00193693
1606	433	0.99944	0.00193693
1606	434	0.99944	0.00193693
1606	435	0.99944	0.00193693
1606	436	0.99944	0.00193693
1606	437	0.99944	0.00193693
1606	438	0.99944	0.00193693
1606	439	0.99944	0.00193693
1606	440	0.99944	0.00193693
1606	441	0.99944	0.00193693
1606	442	0.99944	0.00193693
1606	443	0.99944	0.00193693
1606	444	0.99944	0.00193693
1606	445	0.99944	0.00193693
1606	446	0.99944	0.00193693
1606	447	0.99944	0.00193693
1606	448	0.99944	0.00193693
1606	449	0.99944	0.00193693
1606	450	0.99944	0.00193693
1606	451	0.99944	0.00193693
1606	452	0.99944	0.00193693
1606	453	0.99944	0.00193693
1606	454	0.99944	0.00193693
1606	455	0.99944	0.00193693
1606	456	0.99944	0.00193693
1606	457	0.99944	0.00193693
1606	458	0.99944	0.00193693
1606	459	0.99944	0.00193693
1606	460	0.99944	0.00193693
1606	461	0.99944	0.00193693
1606	462	0.99944	0.00193693
1606	463	0.99944	0.00193693
1606	464	0.99944	0.00193693
1606	465	0.99944	0.00193693
1606	466	0.99944	0.00193693
1606	467	0.99944	0.00193693
1606	468	0.99944	0.00193693
1606	469	0.99944	0.00193693
1606	470	0.99944	0.00193693
1606	471	0.99944	0.00193693
1606	472	0.99944	0.00193693
1606	473	0.99944	0.00193693
1606	474	0.99944	0.00193693
1606	475	0.99944	0.00193693
1606	476	0.99944	0.00193693
1606	477	0.99944	0.00193693
1606	478	0.99944	0.00193693
1606	479	0.99944	0.00193693
1606	480	0.99944	0.00193693
1606	481	0.99944	0.00193693
1606	482	0.99944	0.00193693
1606	483	0.99944	0.00193693
1606	484	0.99944	0.00193693
1606	485	0.99944	0.00193693
1606	486	0.99944	0.00193693
1606	487	0.99944	0.00193693
1606	488	0.99944	0.00193693
1606	489	0.99944	0.00193693
1606	490	0.99944	0.00193693
1606	491	0.99944	0.00193693
1606	492	0.99944	0.00193693
1606	493	0.99944	0.00193693
1606	494	0.99944	0.00193693
1606	495	0.99944	0.00193693
1606	496	0.99944	0.00193693
1606	497	0.99944	0.00193693
1606	498	0.99944	0.00193693
1606	499	0.99944	0.00193693
1606	500	0.99944	0.00193693
1606	501	0.99944	0.00193693
1606	502	0.99944	0.00193693
1606	503	0.99944	0.00193693
1606	504	0.99944	0.00193693
1606	505	0.99944	0.00193693
1606	506	0.99944	0.00193693
1606	507	0.99944	0.00193693
1606	508	0.99944	0.00193693
1606	509	0.99944	0.00193693
1606	510	0.99944	0.00193693
1606	511	0.99944	0.00193693
1606	512	0.99944	0.00193693
1606	513	0.99944	0.00193693
1606	514	0.99944	0.00193693
1606	515	0.99944	0.00193693
1606	516	0.99944	0.00193693
1606	517	0.99944	0.00193693
1606	518	0.99944	0.00193693
1606	519	0.99944	0.00193693
1606	520	0.99944	0.00193693
1606	521	0.99944	0.00193693
1606	522	0.99944	0.00193693
1606	523	0.99944	0.00193693
1606	524	0.99944	0.00193693
1606	525	0.99944	0.00193693
1606	526	0.99944	0.00193693
1606	527	0.99944	0.00193693
1606	528	0.99944	0.00193693
1606	529	0.99944	0.00193693
1606	530	0.99944	0.00193693
1606	531	0.99944	0.00193693
1606	532	0.99944	0.00193693
1606	533	0.99944	0.00193693
1606	534	0.99944	0.00193693
1606	535	0.99944	0.00193693
