1836	0	1.00956	0.00193245
1836	1	1.00956	0.00193245
1836	2	1.00956	0.00193245
1836	3	1.00956	0.00193245
1836	4	1.00956	0.00193245
1836	5	1.00956	0.00193245
1836	6	1.00956	0.00193245
1836	7	1.00956	0.00193245
1836	8	1.00956	0.00193245
1836	9	1.00956	0.00193245
1836	10	1.00956	0.00193245
1836	11	1.00956	0.00193245
1836	12	1.00956	0.00193245
1836	13	1.00956	0.00193245
1836	14	1.00956	0.00193245
1836	15	1.00956	0.00193245
1836	16	1.00956	0.00193245
1836	17	1.00956	0.00193245
1836	18	1.00956	0.00193245
1836	19	1.00956	0.00193245
1836	20	1.00956	0.00193245
1836	21	1.00956	0.00193245
1836	22	1.00956	0.00193245
1836	23	1.00956	0.00193245
1836	24	1.00956	0.00193245
1836	25	1.00956	0.00193245
1836	26	1.00956	0.00193245
1836	27	1.00956	0.00193245
1836	28	1.00956	0.00193245
1836	29	1.00956	0.00193245
1836	30	1.00956	0.00193245
1836	31	1.00956	0.00193245
1836	32	1.00956	0.00193245
1836	33	1.00956	0.00193245
1836	34	1.00956	0.00193245
1836	35	1.00956	0.00193245
1836	36	1.00956	0.00193245
1836	37	1.00956	0.00193245
1836	38	1.00956	0.00193245
1836	39	1.00956	0.00193245
1836	40	1.00956	0.00193245
1836	41	1.00956	0.00193245
1836	42	1.00956	0.00193245
1836	43	1.00956	0.00193245
1836	44	1.00956	0.00193245
1836	45	1.00956	0.00193245
1836	46	1.00956	0.00193245
1836	47	1.00956	0.00193245
1836	48	1.00956	0.00193245
1836	49	1.00956	0.00193245
1836	50	1.00956	0.00193245
1836	51	1.00956	0.00193245
1836	52	1.00956	0.00193245
1836	53	1.00956	0.00193245
1836	54	1.00956	0.00193245
1836	55	1.00956	0.00193245
1836	56	1.00956	0.00193245
1836	57	1.00956	0.00193245
1836	58	1.00956	0.00193245
1836	59	1.00956	0.00193245
1836	60	1.00956	0.00193245
1836	61	1.00956	0.00193245
1836	62	1.00956	0.00193245
1836	63	1.00956	0.00193245
1836	64	1.00956	0.00193245
1836	65	1.00956	0.00193245
1836	66	1.00956	0.00193245
1836	67	1.00956	0.00193245
1836	68	1.00956	0.00193245
1836	69	1.00956	0.00193245
1836	70	1.00956	0.00193245
1836	71	1.00956	0.00193245
1836	72	1.00956	0.00193245
1836	73	1.00956	0.00193245
1836	74	1.00956	0.00193245
1836	75	1.00956	0.00193245
1836	76	1.00956	0.00193245
1836	77	1.00956	0.00193245
1836	78	1.00956	0.00193245
1836	79	1.00956	0.00193245
1836	80	1.00956	0.00193245
1836	81	1.00956	0.00193245
1836	82	1.00956	0.00193245
1836	83	1.00956	0.00193245
1836	84	1.00956	0.00193245
1836	85	1.00956	0.00193245
1836	86	1.00956	0.00193245
1836	87	1.00956	0.00193245
1836	88	1.00956	0.00193245
1836	89	1.00956	0.00193245
1836	90	1.00956	0.00193245
1836	91	1.00956	0.00193245
1836	92	1.00956	0.00193245
1836	93	1.00956	0.00193245
1836	94	1.00956	0.00193245
1836	95	1.00956	0.00193245
1836	96	1.00956	0.00193245
1836	97	1.00956	0.00193245
1836	98	1.00956	0.00193245
1836	99	1.00956	0.00193245
1836	100	1.00956	0.00193245
1836	101	1.00956	0.00193245
1836	102	1.00956	0.00193245
1836	103	1.00956	0.00193245
1836	104	1.00956	0.00193245
1836	105	1.00956	0.00193245
1836	106	1.00956	0.00193245
1836	107	1.00956	0.00193245
1836	108	1.00956	0.00193245
1836	109	1.00956	0.00193245
1836	110	1.00956	0.00193245
1836	111	1.00956	0.00193245
1836	112	1.00956	0.00193245
1836	113	1.00956	0.00193245
1836	114	1.00956	0.00193245
1836	115	1.00956	0.00193245
1836	116	1.00956	0.00193245
1836	117	1.00956	0.00193245
1836	118	1.00956	0.00193245
1836	119	1.00956	0.00193245
1836	120	1.00956	0.00193245
1836	121	1.00956	0.00193245
1836	122	1.00956	0.00193245
1836	123	1.00956	0.00193245
1836	124	1.00956	0.00193245
1836	125	1.00956	0.00193245
1836	126	1.00956	0.00193245
1836	127	1.00956	0.00193245
1836	128	1.00956	0.00193245
1836	129	1.00956	0.00193245
1836	130	1.00956	0.00193245
1836	131	1.00956	0.00193245
1836	132	1.00956	0.00193245
1836	133	1.00956	0.00193245
1836	134	1.00956	0.00193245
1836	135	1.00956	0.00193245
1836	136	1.00956	0.00193245
1836	137	1.00956	0.00193245
1836	138	1.00956	0.00193245
1836	139	1.00956	0.00193245
1836	140	1.00956	0.00193245
1836	141	1.00956	0.00193245
1836	142	1.00956	0.00193245
1836	143	1.00956	0.00193245
1836	144	1.00956	0.00193245
1836	145	1.00956	0.00193245
1836	146	1.00956	0.00193245
1836	147	1.00956	0.00193245
1836	148	1.00956	0.00193245
1836	149	1.00956	0.00193245
1836	150	1.00956	0.00193245
1836	151	1.00956	0.00193245
1836	152	1.00956	0.00193245
1836	153	1.00956	0.00193245
1836	154	1.00956	0.00193245
1836	155	1.00956	0.00193245
1836	156	1.00956	0.00193245
1836	157	1.00956	0.00193245
1836	158	1.00956	0.00193245
1836	159	1.00956	0.00193245
1836	160	1.00956	0.00193245
1836	161	1.00956	0.00193245
1836	162	1.00956	0.00193245
1836	163	1.00956	0.00193245
1836	164	1.00956	0.00193245
1836	165	1.00956	0.00193245
1836	166	1.00956	0.00193245
1836	167	1.00956	0.00193245
1836	168	1.00956	0.00193245
1836	169	1.00956	0.00193245
1836	170	1.00956	0.00193245
1836	171	1.00956	0.00193245
1836	172	1.00956	0.00193245
1836	173	1.00956	0.00193245
1836	174	1.00956	0.00193245
1836	175	1.00956	0.00193245
1836	176	1.00956	0.00193245
1836	177	1.00956	0.00193245
1836	178	1.00956	0.00193245
1836	179	1.00956	0.00193245
1836	180	1.00956	0.00193245
1836	181	1.00956	0.00193245
1836	182	1.00956	0.00193245
1836	183	1.00956	0.00193245
1836	184	1.00956	0.00193245
1836	185	1.00956	0.00193245
1836	186	1.00956	0.00193245
1836	187	1.00956	0.00193245
1836	188	1.00956	0.00193245
1836	189	1.00956	0.00193245
1836	190	1.00956	0.00193245
1836	191	1.00956	0.00193245
1836	192	1.00956	0.00193245
1836	193	1.00956	0.00193245
1836	194	1.00956	0.00193245
1836	195	1.00956	0.00193245
1836	196	1.00956	0.00193245
1836	197	1.00956	0.00193245
1836	198	1.00956	0.00193245
1836	199	1.00956	0.00193245
1836	200	1.00956	0.00193245
1836	201	1.00956	0.00193245
1836	202	1.00956	0.00193245
1836	203	1.00956	0.00193245
1836	204	1.00956	0.00193245
1836	205	1.00956	0.00193245
1836	206	1.00956	0.00193245
1836	207	1.00956	0.00193245
1836	208	1.00956	0.00193245
1836	209	1.00956	0.00193245
1836	210	1.00956	0.00193245
1836	211	1.00956	0.00193245
1836	212	1.00956	0.00193245
1836	213	1.00956	0.00193245
1836	214	1.00956	0.00193245
1836	215	1.00956	0.00193245
1836	216	1.00956	0.00193245
1836	217	1.00956	0.00193245
1836	218	1.00956	0.00193245
1836	219	1.00956	0.00193245
1836	220	1.00956	0.00193245
1836	221	1.00956	0.00193245
1836	222	1.00956	0.00193245
1836	223	1.00956	0.00193245
1836	224	1.00956	0.00193245
1836	225	1.00956	0.00193245
1836	226	1.00956	0.00193245
1836	227	1.00956	0.00193245
1836	228	1.00956	0.00193245
1836	229	1.00956	0.00193245
1836	230	1.00956	0.00193245
1836	231	1.00956	0.00193245
1836	232	1.00956	0.00193245
1836	233	1.00956	0.00193245
1836	234	1.00956	0.00193245
1836	235	1.00956	0.00193245
1836	236	1.00956	0.00193245
1836	237	1.00956	0.00193245
1836	238	1.00956	0.00193245
1836	239	1.00956	0.00193245
1836	240	1.00956	0.00193245
1836	241	1.00956	0.00193245
1836	242	1.00956	0.00193245
1836	243	1.00956	0.00193245
1836	244	1.00956	0.00193245
1836	245	1.00956	0.00193245
1836	246	1.00956	0.00193245
1836	247	1.00956	0.00193245
1836	248	1.00956	0.00193245
1836	249	1.00956	0.00193245
1836	250	1.00956	0.00193245
1836	251	1.00956	0.00193245
1836	252	1.00956	0.00193245
1836	253	1.00956	0.00193245
1836	254	1.00956	0.00193245
1836	255	1.00956	0.00193245
1836	256	1.00956	0.00193245
1836	257	1.00956	0.00193245
1836	258	1.00956	0.00193245
1836	259	1.00956	0.00193245
1836	260	1.00956	0.00193245
1836	261	1.00956	0.00193245
1836	262	1.00956	0.00193245
1836	263	1.00956	0.00193245
1836	264	1.00956	0.00193245
1836	265	1.00956	0.00193245
1836	266	1.00956	0.00193245
1836	267	1.00956	0.00193245
1836	268	1.00956	0.00193245
1836	269	1.00956	0.00193245
1836	270	1.00956	0.00193245
1836	271	1.00956	0.00193245
1836	272	1.00956	0.00193245
1836	273	1.00956	0.00193245
1836	274	1.00956	0.00193245
1836	275	1.00956	0.00193245
1836	276	1.00956	0.00193245
1836	277	1.00956	0.00193245
1836	278	1.00956	0.00193245
1836	279	1.00956	0.00193245
1836	280	1.00956	0.00193245
1836	281	1.00956	0.00193245
1836	282	1.00956	0.00193245
1836	283	1.00956	0.00193245
1836	284	1.00956	0.00193245
1836	285	1.00956	0.00193245
1836	286	1.00956	0.00193245
1836	287	1.00956	0.00193245
1836	288	1.00956	0.00193245
1836	289	1.00956	0.00193245
1836	290	1.00956	0.00193245
1836	291	1.00956	0.00193245
1836	292	1.00956	0.00193245
1836	293	1.00956	0.00193245
1836	294	1.00956	0.00193245
1836	295	1.00956	0.00193245
1836	296	1.00956	0.00193245
1836	297	1.00956	0.00193245
1836	298	1.00956	0.00193245
1836	299	1.00956	0.00193245
1836	300	1.00956	0.00193245
1836	301	1.00956	0.00193245
1836	302	1.00956	0.00193245
1836	303	1.00956	0.00193245
1836	304	1.00956	0.00193245
1836	305	1.00956	0.00193245
1836	306	1.00956	0.00193245
1836	307	1.00956	0.00193245
1836	308	1.00956	0.00193245
1836	309	1.00956	0.00193245
1836	310	1.00956	0.00193245
1836	311	1.00956	0.00193245
1836	312	1.00956	0.00193245
1836	313	1.00956	0.00193245
1836	314	1.00956	0.00193245
1836	315	1.00956	0.00193245
1836	316	1.00956	0.00193245
1836	317	1.00956	0.00193245
1836	318	1.00956	0.00193245
1836	319	1.00956	0.00193245
1836	320	1.00956	0.00193245
1836	321	1.00956	0.00193245
1836	322	1.00956	0.00193245
1836	323	1.00956	0.00193245
1836	324	1.00956	0.00193245
1836	325	1.00956	0.00193245
1836	326	1.00956	0.00193245
1836	327	1.00956	0.00193245
1836	328	1.00956	0.00193245
1836	329	1.00956	0.00193245
1836	330	1.00956	0.00193245
1836	331	1.00956	0.00193245
1836	332	1.00956	0.00193245
1836	333	1.00956	0.00193245
1836	334	1.00956	0.00193245
1836	335	1.00956	0.00193245
1836	336	1.00956	0.00193245
1836	337	1.00956	0.00193245
1836	338	1.00956	0.00193245
1836	339	1.00956	0.00193245
1836	340	1.00956	0.00193245
1836	341	1.00956	0.00193245
1836	342	1.00956	0.00193245
1836	343	1.00956	0.00193245
1836	344	1.00956	0.00193245
1836	345	1.00956	0.00193245
1836	346	1.00956	0.00193245
1836	347	1.00956	0.00193245
1836	348	1.00956	0.00193245
1836	349	1.00956	0.00193245
1836	350	1.00956	0.00193245
1836	351	1.00956	0.00193245
1836	352	1.00956	0.00193245
1836	353	1.00956	0.00193245
1836	354	1.00956	0.00193245
1836	355	1.00956	0.00193245
1836	356	1.00956	0.00193245
1836	357	1.00956	0.00193245
1836	358	1.00956	0.00193245
1836	359	1.00956	0.00193245
1836	360	1.00956	0.00193245
1836	361	1.00956	0.00193245
1836	362	1.00956	0.00193245
1836	363	1.00956	0.00193245
1836	364	1.00956	0.00193245
1836	365	1.00956	0.00193245
1836	366	1.00956	0.00193245
1836	367	1.00956	0.00193245
1836	368	1.00956	0.00193245
1836	369	1.00956	0.00193245
1836	370	1.00956	0.00193245
1836	371	1.00956	0.00193245
1836	372	1.00956	0.00193245
1836	373	1.00956	0.00193245
1836	374	1.00956	0.00193245
1836	375	1.00956	0.00193245
1836	376	1.00956	0.00193245
1836	377	1.00956	0.00193245
1836	378	1.00956	0.00193245
1836	379	1.00956	0.00193245
1836	380	1.00956	0.00193245
1836	381	1.00956	0.00193245
1836	382	1.00956	0.00193245
1836	383	1.00956	0.00193245
1836	384	1.00956	0.00193245
1836	385	1.00956	0.00193245
1836	386	1.00956	0.00193245
1836	387	1.00956	0.00193245
1836	388	1.00956	0.00193245
1836	389	1.00956	0.00193245
1836	390	1.00956	0.00193245
1836	391	1.00956	0.00193245
1836	392	1.00956	0.00193245
1836	393	1.00956	0.00193245
1836	394	1.00956	0.00193245
1836	395	1.00956	0.00193245
1836	396	1.00956	0.00193245
1836	397	1.00956	0.00193245
1836	398	1.00956	0.00193245
1836	399	1.00956	0.00193245
1836	400	1.00956	0.00193245
1836	401	1.00956	0.00193245
1836	402	1.00956	0.00193245
1836	403	1.00956	0.00193245
1836	404	1.00956	0.00193245
1836	405	1.00956	0.00193245
1836	406	1.00956	0.00193245
1836	407	1.00956	0.00193245
1836	408	1.00956	0.00193245
1836	409	1.00956	0.00193245
1836	410	1.00956	0.00193245
1836	411	1.00956	0.00193245
1836	412	1.00956	0.00193245
1836	413	1.00956	0.00193245
1836	414	1.00956	0.00193245
1836	415	1.00956	0.00193245
1836	416	1.00956	0.00193245
1836	417	1.00956	0.00193245
1836	418	1.00956	0.00193245
1836	419	1.00956	0.00193245
1836	420	1.00956	0.00193245
1836	421	1.00956	0.00193245
1836	422	1.00956	0.00193245
1836	423	1.00956	0.00193245
1836	424	1.00956	0.00193245
1836	425	1.00956	0.00193245
1836	426	1.00956	0.00193245
1836	427	1.00956	0.00193245
1836	428	1.00956	0.00193245
1836	429	1.00956	0.00193245
1836	430	1.00956	0.00193245
1836	431	1.00956	0.00193245
1836	432	1.00956	0.00193245
1836	433	1.00956	0.00193245
1836	434	1.00956	0.00193245
1836	435	1.00956	0.00193245
1836	436	1.00956	0.00193245
1836	437	1.00956	0.00193245
1836	438	1.00956	0.00193245
1836	439	1.00956	0.00193245
1836	440	1.00956	0.00193245
1836	441	1.00956	0.00193245
1836	442	1.00956	0.00193245
1836	443	1.00956	0.00193245
1836	444	1.00956	0.00193245
1836	445	1.00956	0.00193245
1836	446	1.00956	0.00193245
1836	447	1.00956	0.00193245
1836	448	1.00956	0.00193245
1836	449	1.00956	0.00193245
1836	450	1.00956	0.00193245
1836	451	1.00956	0.00193245
1836	452	1.00956	0.00193245
1836	453	1.00956	0.00193245
1836	454	1.00956	0.00193245
1836	455	1.00956	0.00193245
1836	456	1.00956	0.00193245
1836	457	1.00956	0.00193245
1836	458	1.00956	0.00193245
1836	459	1.00956	0.00193245
1836	460	1.00956	0.00193245
1836	461	1.00956	0.00193245
1836	462	1.00956	0.00193245
1836	463	1.00956	0.00193245
1836	464	1.00956	0.00193245
1836	465	1.00956	0.00193245
1836	466	1.00956	0.00193245
1836	467	1.00956	0.00193245
1836	468	1.00956	0.00193245
1836	469	1.00956	0.00193245
1836	470	1.00956	0.00193245
1836	471	1.00956	0.00193245
1836	472	1.00956	0.00193245
1836	473	1.00956	0.00193245
1836	474	1.00956	0.00193245
1836	475	1.00956	0.00193245
1836	476	1.00956	0.00193245
1836	477	1.00956	0.00193245
1836	478	1.00956	0.00193245
1836	479	1.00956	0.00193245
1836	480	1.00956	0.00193245
1836	481	1.00956	0.00193245
1836	482	1.00956	0.00193245
1836	483	1.00956	0.00193245
1836	484	1.00956	0.00193245
1836	485	1.00956	0.00193245
1836	486	1.00956	0.00193245
1836	487	1.00956	0.00193245
1836	488	1.00956	0.00193245
1836	489	1.00956	0.00193245
1836	490	1.00956	0.00193245
1836	491	1.00956	0.00193245
1836	492	1.00956	0.00193245
1836	493	1.00956	0.00193245
1836	494	1.00956	0.00193245
1836	495	1.00956	0.00193245
1836	496	1.00956	0.00193245
1836	497	1.00956	0.00193245
1836	498	1.00956	0.00193245
1836	499	1.00956	0.00193245
1836	500	1.00956	0.00193245
1836	501	1.00956	0.00193245
1836	502	1.00956	0.00193245
1836	503	1.00956	0.00193245
1836	504	1.00956	0.00193245
1836	505	1.00956	0.00193245
1836	506	1.00956	0.00193245
1836	507	1.00956	0.00193245
1836	508	1.00956	0.00193245
1836	509	1.00956	0.00193245
1836	510	1.00956	0.00193245
1836	511	1.00956	0.00193245
1836	512	1.00956	0.00193245
1836	513	1.00956	0.00193245
1836	514	1.00956	0.00193245
1836	515	1.00956	0.00193245
1836	516	1.00956	0.00193245
1836	517	1.00956	0.00193245
1836	518	1.00956	0.00193245
1836	519	1.00956	0.00193245
1836	520	1.00956	0.00193245
1836	521	1.00956	0.00193245
1836	522	1.00956	0.00193245
1836	523	1.00956	0.00193245
1836	524	1.00956	0.00193245
1836	525	1.00956	0.00193245
1836	526	1.00956	0.00193245
1836	527	1.00956	0.00193245
1836	528	1.00956	0.00193245
1836	529	1.00956	0.00193245
1836	530	1.00956	0.00193245
1836	531	1.00956	0.00193245
1836	532	1.00956	0.00193245
1836	533	1.00956	0.00193245
1836	534	1.00956	0.00193245
1836	535	1.00956	0.00193245
1836	536	1.00956	0.00193245
1836	537	1.00956	0.00193245
1836	538	1.00956	0.00193245
1836	539	1.00956	0.00193245
1836	540	1.00956	0.00193245
1836	541	1.00956	0.00193245
1836	542	1.00956	0.00193245
1836	543	1.00956	0.00193245
1836	544	1.00956	0.00193245
1836	545	1.00956	0.00193245
1836	546	1.00956	0.00193245
1836	547	1.00956	0.00193245
1836	548	1.00956	0.00193245
1836	549	1.00956	0.00193245
1836	550	1.00956	0.00193245
1836	551	1.00956	0.00193245
1836	552	1.00956	0.00193245
1836	553	1.00956	0.00193245
1836	554	1.00956	0.00193245
1836	555	1.00956	0.00193245
1836	556	1.00956	0.00193245
1836	557	1.00956	0.00193245
1836	558	1.00956	0.00193245
1836	559	1.00956	0.00193245
1836	560	1.00956	0.00193245
1836	561	1.00956	0.00193245
1836	562	1.00956	0.00193245
1836	563	1.00956	0.00193245
1836	564	1.00956	0.00193245
1836	565	1.00956	0.00193245
1836	566	1.00956	0.00193245
1836	567	1.00956	0.00193245
1836	568	1.00956	0.00193245
1836	569	1.00956	0.00193245
1836	570	1.00956	0.00193245
1836	571	1.00956	0.00193245
1836	572	1.00956	0.00193245
1836	573	1.00956	0.00193245
1836	574	1.00956	0.00193245
1836	575	1.00956	0.00193245
1836	576	1.00956	0.00193245
1836	577	1.00956	0.00193245
1836	578	1.00956	0.00193245
1836	579	1.00956	0.00193245
1836	580	1.00956	0.00193245
1836	581	1.00956	0.00193245
1836	582	1.00956	0.00193245
1836	583	1.00956	0.00193245
1836	584	1.00956	0.00193245
1836	585	1.00956	0.00193245
1836	586	1.00956	0.00193245
1836	587	1.00956	0.00193245
1836	588	1.00956	0.00193245
1836	589	1.00956	0.00193245
1836	590	1.00956	0.00193245
1836	591	1.00956	0.00193245
1836	592	1.00956	0.00193245
1836	593	1.00956	0.00193245
1836	594	1.00956	0.00193245
1836	595	1.00956	0.00193245
1836	596	1.00956	0.00193245
1836	597	1.00956	0.00193245
1836	598	1.00956	0.00193245
1836	599	1.00956	0.00193245
1836	600	1.00956	0.00193245
1836	601	1.00956	0.00193245
1836	602	1.00956	0.00193245
1836	603	1.00956	0.00193245
1836	604	1.00956	0.00193245
1836	605	1.00956	0.00193245
1836	606	1.00956	0.00193245
1836	607	1.00956	0.00193245
1836	608	1.00956	0.00193245
1836	609	1.00956	0.00193245
1836	610	1.00956	0.00193245
1836	611	1.00956	0.00193245
1836	612	1.00956	0.00193245
1836	613	1.00956	0.00193245
1836	614	1.00956	0.00193245
1836	615	1.00956	0.00193245
1836	616	1.00956	0.00193245
1836	617	1.00956	0.00193245
1836	618	1.00956	0.00193245
1836	619	1.00956	0.00193245
1836	620	1.00956	0.00193245
1836	621	1.00956	0.00193245
1836	622	1.00956	0.00193245
1836	623	1.00956	0.00193245
1836	624	1.00956	0.00193245
1836	625	1.00956	0.00193245
1836	626	1.00956	0.00193245
1836	627	1.00956	0.00193245
1836	628	1.00956	0.00193245
1836	629	1.00956	0.00193245
1836	630	1.00956	0.00193245
1836	631	1.00956	0.00193245
1836	632	1.00956	0.00193245
1836	633	1.00956	0.00193245
1836	634	1.00956	0.00193245
1836	635	1.00956	0.00193245
1836	636	1.00956	0.00193245
1836	637	1.00956	0.00193245
1836	638	1.00956	0.00193245
1836	639	1.00956	0.00193245
1836	640	1.00956	0.00193245
1836	641	1.00956	0.00193245
1836	642	1.00956	0.00193245
1836	643	1.00956	0.00193245
1836	644	1.00956	0.00193245
1836	645	1.00956	0.00193245
1836	646	1.00956	0.00193245
1836	647	1.00956	0.00193245
1836	648	1.00956	0.00193245
1836	649	1.00956	0.00193245
1836	650	1.00956	0.00193245
1836	651	1.00956	0.00193245
1836	652	1.00956	0.00193245
1836	653	1.00956	0.00193245
1836	654	1.00956	0.00193245
1836	655	1.00956	0.00193245
1836	656	1.00956	0.00193245
1836	657	1.00956	0.00193245
1836	658	1.00956	0.00193245
1836	659	1.00956	0.00193245
1836	660	1.00956	0.00193245
1836	661	1.00956	0.00193245
1836	662	1.00956	0.00193245
1836	663	1.00956	0.00193245
1836	664	1.00956	0.00193245
1836	665	1.00956	0.00193245
1836	666	1.00956	0.00193245
1836	667	1.00956	0.00193245
1836	668	1.00956	0.00193245
1836	669	1.00956	0.00193245
1836	670	1.00956	0.00193245
1836	671	1.00956	0.00193245
1836	672	1.00956	0.00193245
1836	673	1.00956	0.00193245
1836	674	1.00956	0.00193245
1836	675	1.00956	0.00193245
1836	676	1.00956	0.00193245
1836	677	1.00956	0.00193245
1836	678	1.00956	0.00193245
1836	679	1.00956	0.00193245
1836	680	1.00956	0.00193245
1836	681	1.00956	0.00193245
1836	682	1.00956	0.00193245
1836	683	1.00956	0.00193245
1836	684	1.00956	0.00193245
1836	685	1.00956	0.00193245
1836	686	1.00956	0.00193245
1836	687	1.00956	0.00193245
1836	688	1.00956	0.00193245
1836	689	1.00956	0.00193245
1836	690	1.00956	0.00193245
1836	691	1.00956	0.00193245
1836	692	1.00956	0.00193245
1836	693	1.00956	0.00193245
1836	694	1.00956	0.00193245
1836	695	1.00956	0.00193245
1836	696	1.00956	0.00193245
1836	697	1.00956	0.00193245
1836	698	1.00956	0.00193245
1836	699	1.00956	0.00193245
1836	700	1.00956	0.00193245
1836	701	1.00956	0.00193245
1836	702	1.00956	0.00193245
1836	703	1.00956	0.00193245
1836	704	1.00956	0.00193245
1836	705	1.00956	0.00193245
1836	706	1.00956	0.00193245
1836	707	1.00956	0.00193245
1836	708	1.00956	0.00193245
1836	709	1.00956	0.00193245
1836	710	1.00956	0.00193245
1836	711	1.00956	0.00193245
1836	712	1.00956	0.00193245
1836	713	1.00956	0.00193245
1836	714	1.00956	0.00193245
1836	715	1.00956	0.00193245
1836	716	1.00956	0.00193245
1836	717	1.00956	0.00193245
1836	718	1.00956	0.00193245
1836	719	1.00956	0.00193245
1836	720	1.00956	0.00193245
1836	721	1.00956	0.00193245
1836	722	1.00956	0.00193245
1836	723	1.00956	0.00193245
1836	724	1.00956	0.00193245
1836	725	1.00956	0.00193245
1836	726	1.00956	0.00193245
1836	727	1.00956	0.00193245
1836	728	1.00956	0.00193245
1836	729	1.00956	0.00193245
1836	730	1.00956	0.00193245
1836	731	1.00956	0.00193245
1836	732	1.00956	0.00193245
1836	733	1.00956	0.00193245
1836	734	1.00956	0.00193245
1836	735	1.00956	0.00193245
1836	736	1.00956	0.00193245
1836	737	1.00956	0.00193245
1836	738	1.00956	0.00193245
1836	739	1.00956	0.00193245
1836	740	1.00956	0.00193245
1836	741	1.00956	0.00193245
1836	742	1.00956	0.00193245
1836	743	1.00956	0.00193245
1836	744	1.00956	0.00193245
1836	745	1.00956	0.00193245
1836	746	1.00956	0.00193245
1836	747	1.00956	0.00193245
1836	748	1.00956	0.00193245
1836	749	1.00956	0.00193245
1836	750	1.00956	0.00193245
1836	751	1.00956	0.00193245
1836	752	1.00956	0.00193245
1836	753	1.00956	0.00193245
1836	754	1.00956	0.00193245
1836	755	1.00956	0.00193245
1836	756	1.00956	0.00193245
1836	757	1.00956	0.00193245
1836	758	1.00956	0.00193245
1836	759	1.00956	0.00193245
1836	760	1.00956	0.00193245
1836	761	1.00956	0.00193245
1836	762	1.00956	0.00193245
1836	763	1.00956	0.00193245
1836	764	1.00956	0.00193245
1836	765	1.00956	0.00193245
1836	766	1.00956	0.00193245
1836	767	1.00956	0.00193245
1836	768	1.00956	0.00193245
1836	769	1.00956	0.00193245
1836	770	1.00956	0.00193245
1836	771	1.00956	0.00193245
1836	772	1.00956	0.00193245
1836	773	1.00956	0.00193245
1836	774	1.00956	0.00193245
1836	775	1.00956	0.00193245
1836	776	1.00956	0.00193245
1836	777	1.00956	0.00193245
1836	778	1.00956	0.00193245
1836	779	1.00956	0.00193245
1836	780	1.00956	0.00193245
1836	781	1.00956	0.00193245
1836	782	1.00956	0.00193245
1836	783	1.00956	0.00193245
1836	784	1.00956	0.00193245
1836	785	1.00956	0.00193245
1836	786	1.00956	0.00193245
1836	787	1.00956	0.00193245
1836	788	1.00956	0.00193245
1836	789	1.00956	0.00193245
1836	790	1.00956	0.00193245
1836	791	1.00956	0.00193245
1836	792	1.00956	0.00193245
1836	793	1.00956	0.00193245
1836	794	1.00956	0.00193245
1836	795	1.00956	0.00193245
1836	796	1.00956	0.00193245
1836	797	1.00956	0.00193245
1836	798	1.00956	0.00193245
1836	799	1.00956	0.00193245
1836	800	1.00956	0.00193245
1836	801	1.00956	0.00193245
1836	802	1.00956	0.00193245
1836	803	1.00956	0.00193245
1836	804	1.00956	0.00193245
1836	805	1.00956	0.00193245
1836	806	1.00956	0.00193245
1836	807	1.00956	0.00193245
1836	808	1.00956	0.00193245
1836	809	1.00956	0.00193245
1836	810	1.00956	0.00193245
1836	811	1.00956	0.00193245
1836	812	1.00956	0.00193245
1836	813	1.00956	0.00193245
1836	814	1.00956	0.00193245
1836	815	1.00956	0.00193245
1836	816	1.00956	0.00193245
1836	817	1.00956	0.00193245
1836	818	1.00956	0.00193245
1836	819	1.00956	0.00193245
1836	820	1.00956	0.00193245
1836	821	1.00956	0.00193245
1836	822	1.00956	0.00193245
1836	823	1.00956	0.00193245
1836	824	1.00956	0.00193245
1836	825	1.00956	0.00193245
1836	826	1.00956	0.00193245
1836	827	1.00956	0.00193245
1836	828	1.00956	0.00193245
1836	829	1.00956	0.00193245
1836	830	1.00956	0.00193245
1836	831	1.00956	0.00193245
1836	832	1.00956	0.00193245
1836	833	1.00956	0.00193245
1836	834	1.00956	0.00193245
1836	835	1.00956	0.00193245
1836	836	1.00956	0.00193245
1836	837	1.00956	0.00193245
1836	838	1.00956	0.00193245
1836	839	1.00956	0.00193245
1836	840	1.00956	0.00193245
1836	841	1.00956	0.00193245
1836	842	1.00956	0.00193245
1836	843	1.00956	0.00193245
1836	844	1.00956	0.00193245
1836	845	1.00956	0.00193245
1836	846	1.00956	0.00193245
1836	847	1.00956	0.00193245
1836	848	1.00956	0.00193245
1836	849	1.00956	0.00193245
1836	850	1.00956	0.00193245
1836	851	1.00956	0.00193245
1836	852	1.00956	0.00193245
1836	853	1.00956	0.00193245
1836	854	1.00956	0.00193245
1836	855	1.00956	0.00193245
1836	856	1.00956	0.00193245
1836	857	1.00956	0.00193245
1836	858	1.00956	0.00193245
1836	859	1.00956	0.00193245
1836	860	1.00956	0.00193245
1836	861	1.00956	0.00193245
1836	862	1.00956	0.00193245
1836	863	1.00956	0.00193245
1836	864	1.00956	0.00193245
1836	865	1.00956	0.00193245
1836	866	1.00956	0.00193245
1836	867	1.00956	0.00193245
1836	868	1.00956	0.00193245
1836	869	1.00956	0.00193245
1836	870	1.00956	0.00193245
1836	871	1.00956	0.00193245
1836	872	1.00956	0.00193245
1836	873	1.00956	0.00193245
1836	874	1.00956	0.00193245
1836	875	1.00956	0.00193245
1836	876	1.00956	0.00193245
1836	877	1.00956	0.00193245
1836	878	1.00956	0.00193245
1836	879	1.00956	0.00193245
1836	880	1.00956	0.00193245
1836	881	1.00956	0.00193245
1836	882	1.00956	0.00193245
1836	883	1.00956	0.00193245
1836	884	1.00956	0.00193245
1836	885	1.00956	0.00193245
1836	886	1.00956	0.00193245
1836	887	1.00956	0.00193245
1836	888	1.00956	0.00193245
1836	889	1.00956	0.00193245
1836	890	1.00956	0.00193245
1836	891	1.00956	0.00193245
1836	892	1.00956	0.00193245
1836	893	1.00956	0.00193245
1836	894	1.00956	0.00193245
1836	895	1.00956	0.00193245
1836	896	1.00956	0.00193245
1836	897	1.00956	0.00193245
1836	898	1.00956	0.00193245
1836	899	1.00956	0.00193245
1836	900	1.00956	0.00193245
1836	901	1.00956	0.00193245
1836	902	1.00956	0.00193245
1836	903	1.00956	0.00193245
1836	904	1.00956	0.00193245
1836	905	1.00956	0.00193245
1836	906	1.00956	0.00193245
1836	907	1.00956	0.00193245
1836	908	1.00956	0.00193245
1836	909	1.00956	0.00193245
1836	910	1.00956	0.00193245
1836	911	1.00956	0.00193245
1836	912	1.00956	0.00193245
1836	913	1.00956	0.00193245
1836	914	1.00956	0.00193245
1836	915	1.00956	0.00193245
1836	916	1.00956	0.00193245
1836	917	1.00956	0.00193245
1836	918	1.00956	0.00193245
1836	919	1.00956	0.00193245
1836	920	1.00956	0.00193245
1836	921	1.00956	0.00193245
1836	922	1.00956	0.00193245
1836	923	1.00956	0.00193245
1836	924	1.00956	0.00193245
1836	925	1.00956	0.00193245
1836	926	1.00956	0.00193245
1836	927	1.00956	0.00193245
1836	928	1.00956	0.00193245
1836	929	1.00956	0.00193245
1836	930	1.00956	0.00193245
1836	931	1.00956	0.00193245
1836	932	1.00956	0.00193245
1836	933	1.00956	0.00193245
1836	934	1.00956	0.00193245
1836	935	1.00956	0.00193245
1836	936	1.00956	0.00193245
1836	937	1.00956	0.00193245
1836	938	1.00956	0.00193245
1836	939	1.00956	0.00193245
1836	940	1.00956	0.00193245
1836	941	1.00956	0.00193245
1836	942	1.00956	0.00193245
1836	943	1.00956	0.00193245
1836	944	1.00956	0.00193245
1836	945	1.00956	0.00193245
1836	946	1.00956	0.00193245
1836	947	1.00956	0.00193245
1836	948	1.00956	0.00193245
1836	949	1.00956	0.00193245
1836	950	1.00956	0.00193245
1836	951	1.00956	0.00193245
1836	952	1.00956	0.00193245
1836	953	1.00956	0.00193245
1836	954	1.00956	0.00193245
1836	955	1.00956	0.00193245
1836	956	1.00956	0.00193245
1836	957	1.00956	0.00193245
1836	958	1.00956	0.00193245
1836	959	1.00956	0.00193245
1836	960	1.00956	0.00193245
1836	961	1.00956	0.00193245
1836	962	1.00956	0.00193245
1836	963	1.00956	0.00193245
1836	964	1.00956	0.00193245
1836	965	1.00956	0.00193245
1836	966	1.00956	0.00193245
1836	967	1.00956	0.00193245
1836	968	1.00956	0.00193245
1836	969	1.00956	0.00193245
1836	970	1.00956	0.00193245
1836	971	1.00956	0.00193245
1836	972	1.00956	0.00193245
1836	973	1.00956	0.00193245
1836	974	1.00956	0.00193245
1836	975	1.00956	0.00193245
1836	976	1.00956	0.00193245
1836	977	1.00956	0.00193245
1836	978	1.00956	0.00193245
1836	979	1.00956	0.00193245
1836	980	1.00956	0.00193245
1836	981	1.00956	0.00193245
1836	982	1.00956	0.00193245
1836	983	1.00956	0.00193245
1836	984	1.00956	0.00193245
1836	985	1.00956	0.00193245
1836	986	1.00956	0.00193245
1836	987	1.00956	0.00193245
1836	988	1.00956	0.00193245
1836	989	1.00956	0.00193245
1836	990	1.00956	0.00193245
1836	991	1.00956	0.00193245
1836	992	1.00956	0.00193245
1836	993	1.00956	0.00193245
1836	994	1.00956	0.00193245
1836	995	1.00956	0.00193245
1836	996	1.00956	0.00193245
1836	997	1.00956	0.00193245
1836	998	1.00956	0.00193245
1836	999	1.00956	0.00193245
1836	1000	1.00956	0.00193245
1836	1001	1.00956	0.00193245
1836	1002	1.00956	0.00193245
1836	1003	1.00956	0.00193245
1836	1004	1.00956	0.00193245
1836	1005	1.00956	0.00193245
1836	1006	1.00956	0.00193245
1836	1007	1.00956	0.00193245
1836	1008	1.00956	0.00193245
1836	1009	1.00956	0.00193245
1836	1010	1.00956	0.00193245
1836	1011	1.00956	0.00193245
1836	1012	1.00956	0.00193245
1836	1013	1.00956	0.00193245
1836	1014	1.00956	0.00193245
1836	1015	1.00956	0.00193245
1836	1016	1.00956	0.00193245
1836	1017	1.00956	0.00193245
1836	1018	1.00956	0.00193245
1836	1019	1.00956	0.00193245
1836	1020	1.00956	0.00193245
1836	1021	1.00956	0.00193245
1836	1022	1.00956	0.00193245
1836	1023	1.00956	0.00193245
1836	1024	1.00956	0.00193245
1836	1025	1.00956	0.00193245
1836	1026	1.00956	0.00193245
1836	1027	1.00956	0.00193245
1836	1028	1.00956	0.00193245
1836	1029	1.00956	0.00193245
1836	1030	1.00956	0.00193245
1836	1031	1.00956	0.00193245
1836	1032	1.00956	0.00193245
1836	1033	1.00956	0.00193245
1836	1034	1.00956	0.00193245
1836	1035	1.00956	0.00193245
1836	1036	1.00956	0.00193245
1836	1037	1.00956	0.00193245
1836	1038	1.00956	0.00193245
1836	1039	1.00956	0.00193245
1836	1040	1.00956	0.00193245
1836	1041	1.00956	0.00193245
1836	1042	1.00956	0.00193245
1836	1043	1.00956	0.00193245
1836	1044	1.00956	0.00193245
1836	1045	1.00956	0.00193245
1836	1046	1.00956	0.00193245
1836	1047	1.00956	0.00193245
1836	1048	1.00956	0.00193245
1836	1049	1.00956	0.00193245
1836	1050	1.00956	0.00193245
1836	1051	1.00956	0.00193245
1836	1052	1.00956	0.00193245
1836	1053	1.00956	0.00193245
1836	1054	1.00956	0.00193245
1836	1055	1.00956	0.00193245
1836	1056	1.00956	0.00193245
1836	1057	1.00956	0.00193245
1836	1058	1.00956	0.00193245
1836	1059	1.00956	0.00193245
1836	1060	1.00956	0.00193245
1836	1061	1.00956	0.00193245
1836	1062	1.00956	0.00193245
1836	1063	1.00956	0.00193245
1836	1064	1.00956	0.00193245
1836	1065	1.00956	0.00193245
1836	1066	1.00956	0.00193245
1836	1067	1.00956	0.00193245
1836	1068	1.00956	0.00193245
1836	1069	1.00956	0.00193245
1836	1070	1.00956	0.00193245
1836	1071	1.00956	0.00193245
1836	1072	1.00956	0.00193245
1836	1073	1.00956	0.00193245
1836	1074	1.00956	0.00193245
1836	1075	1.00956	0.00193245
1836	1076	1.00956	0.00193245
1836	1077	1.00956	0.00193245
1836	1078	1.00956	0.00193245
1836	1079	1.00956	0.00193245
1836	1080	1.00956	0.00193245
1836	1081	1.00956	0.00193245
1836	1082	1.00956	0.00193245
1836	1083	1.00956	0.00193245
1836	1084	1.00956	0.00193245
1836	1085	1.00956	0.00193245
1836	1086	1.00956	0.00193245
1836	1087	1.00956	0.00193245
1836	1088	1.00956	0.00193245
1836	1089	1.00956	0.00193245
1836	1090	1.00956	0.00193245
1836	1091	1.00956	0.00193245
1836	1092	1.00956	0.00193245
1836	1093	1.00956	0.00193245
1836	1094	1.00956	0.00193245
1836	1095	1.00956	0.00193245
1836	1096	1.00956	0.00193245
1836	1097	1.00956	0.00193245
1836	1098	1.00956	0.00193245
1836	1099	1.00956	0.00193245
1836	1100	1.00956	0.00193245
1836	1101	1.00956	0.00193245
1836	1102	1.00956	0.00193245
1836	1103	1.00956	0.00193245
1836	1104	1.00956	0.00193245
1836	1105	1.00956	0.00193245
1836	1106	1.00956	0.00193245
1836	1107	1.00956	0.00193245
1836	1108	1.00956	0.00193245
1836	1109	1.00956	0.00193245
1836	1110	1.00956	0.00193245
1836	1111	1.00956	0.00193245
1836	1112	1.00956	0.00193245
1836	1113	1.00956	0.00193245
1836	1114	1.00956	0.00193245
1836	1115	1.00956	0.00193245
1836	1116	1.00956	0.00193245
1836	1117	1.00956	0.00193245
1836	1118	1.00956	0.00193245
1836	1119	1.00956	0.00193245
1836	1120	1.00956	0.00193245
1836	1121	1.00956	0.00193245
1836	1122	1.00956	0.00193245
1836	1123	1.00956	0.00193245
1836	1124	1.00956	0.00193245
1836	1125	1.00956	0.00193245
1836	1126	1.00956	0.00193245
1836	1127	1.00956	0.00193245
1836	1128	1.00956	0.00193245
1836	1129	1.00956	0.00193245
1836	1130	1.00956	0.00193245
1836	1131	1.00956	0.00193245
1836	1132	1.00956	0.00193245
1836	1133	1.00956	0.00193245
1836	1134	1.00956	0.00193245
1836	1135	1.00956	0.00193245
1836	1136	1.00956	0.00193245
1836	1137	1.00956	0.00193245
1836	1138	1.00956	0.00193245
1836	1139	1.00956	0.00193245
1836	1140	1.00956	0.00193245
1836	1141	1.00956	0.00193245
1836	1142	1.00956	0.00193245
1836	1143	1.00956	0.00193245
1836	1144	1.00956	0.00193245
1836	1145	1.00956	0.00193245
1836	1146	1.00956	0.00193245
1836	1147	1.00956	0.00193245
1836	1148	1.00956	0.00193245
1836	1149	1.00956	0.00193245
1836	1150	1.00956	0.00193245
1836	1151	1.00956	0.00193245
1836	1152	1.00956	0.00193245
1836	1153	1.00956	0.00193245
1836	1154	1.00956	0.00193245
1836	1155	1.00956	0.00193245
1836	1156	1.00956	0.00193245
1836	1157	1.00956	0.00193245
1836	1158	1.00956	0.00193245
1836	1159	1.00956	0.00193245
1836	1160	1.00956	0.00193245
1836	1161	1.00956	0.00193245
1836	1162	1.00956	0.00193245
1836	1163	1.00956	0.00193245
1836	1164	1.00956	0.00193245
1836	1165	1.00956	0.00193245
1836	1166	1.00956	0.00193245
1836	1167	1.00956	0.00193245
1836	1168	1.00956	0.00193245
1836	1169	1.00956	0.00193245
1836	1170	1.00956	0.00193245
1836	1171	1.00956	0.00193245
1836	1172	1.00956	0.00193245
1836	1173	1.00956	0.00193245
1836	1174	1.00956	0.00193245
1836	1175	1.00956	0.00193245
1836	1176	1.00956	0.00193245
1836	1177	1.00956	0.00193245
1836	1178	1.00956	0.00193245
1836	1179	1.00956	0.00193245
1836	1180	1.00956	0.00193245
1836	1181	1.00956	0.00193245
1836	1182	1.00956	0.00193245
1836	1183	1.00956	0.00193245
1836	1184	1.00956	0.00193245
1836	1185	1.00956	0.00193245
1836	1186	1.00956	0.00193245
1836	1187	1.00956	0.00193245
1836	1188	1.00956	0.00193245
1836	1189	1.00956	0.00193245
1836	1190	1.00956	0.00193245
1836	1191	1.00956	0.00193245
1836	1192	1.00956	0.00193245
1836	1193	1.00956	0.00193245
1836	1194	1.00956	0.00193245
1836	1195	1.00956	0.00193245
1836	1196	1.00956	0.00193245
1836	1197	1.00956	0.00193245
1836	1198	1.00956	0.00193245
1836	1199	1.00956	0.00193245
1836	1200	1.00956	0.00193245
1836	1201	1.00956	0.00193245
1836	1202	1.00956	0.00193245
1836	1203	1.00956	0.00193245
1836	1204	1.00956	0.00193245
1836	1205	1.00956	0.00193245
1836	1206	1.00956	0.00193245
1836	1207	1.00956	0.00193245
1836	1208	1.00956	0.00193245
1836	1209	1.00956	0.00193245
1836	1210	1.00956	0.00193245
1836	1211	1.00956	0.00193245
1836	1212	1.00956	0.00193245
1836	1213	1.00956	0.00193245
1836	1214	1.00956	0.00193245
1836	1215	1.00956	0.00193245
1836	1216	1.00956	0.00193245
1836	1217	1.00956	0.00193245
1836	1218	1.00956	0.00193245
1836	1219	1.00956	0.00193245
1836	1220	1.00956	0.00193245
1836	1221	1.00956	0.00193245
1836	1222	1.00956	0.00193245
1836	1223	1.00956	0.00193245
1836	1224	1.00956	0.00193245
1836	1225	1.00956	0.00193245
1836	1226	1.00956	0.00193245
1836	1227	1.00956	0.00193245
1836	1228	1.00956	0.00193245
1836	1229	1.00956	0.00193245
1836	1230	1.00956	0.00193245
1836	1231	1.00956	0.00193245
1836	1232	1.00956	0.00193245
1836	1233	1.00956	0.00193245
1836	1234	1.00956	0.00193245
1836	1235	1.00956	0.00193245
1836	1236	1.00956	0.00193245
1836	1237	1.00956	0.00193245
1836	1238	1.00956	0.00193245
1836	1239	1.00956	0.00193245
1836	1240	1.00956	0.00193245
1836	1241	1.00956	0.00193245
1836	1242	1.00956	0.00193245
1836	1243	1.00956	0.00193245
1836	1244	1.00956	0.00193245
1836	1245	1.00956	0.00193245
1836	1246	1.00956	0.00193245
1836	1247	1.00956	0.00193245
1836	1248	1.00956	0.00193245
1836	1249	1.00956	0.00193245
1836	1250	1.00956	0.00193245
1836	1251	1.00956	0.00193245
1836	1252	1.00956	0.00193245
1836	1253	1.00956	0.00193245
1836	1254	1.00956	0.00193245
1836	1255	1.00956	0.00193245
1836	1256	1.00956	0.00193245
1836	1257	1.00956	0.00193245
1836	1258	1.00956	0.00193245
1836	1259	1.00956	0.00193245
1836	1260	1.00956	0.00193245
1836	1261	1.00956	0.00193245
1836	1262	1.00956	0.00193245
1836	1263	1.00956	0.00193245
1836	1264	1.00956	0.00193245
1836	1265	1.00956	0.00193245
1836	1266	1.00956	0.00193245
1836	1267	1.00956	0.00193245
1836	1268	1.00956	0.00193245
1836	1269	1.00956	0.00193245
1836	1270	1.00956	0.00193245
1836	1271	1.00956	0.00193245
1836	1272	1.00956	0.00193245
1836	1273	1.00956	0.00193245
1836	1274	1.00956	0.00193245
1836	1275	1.00956	0.00193245
1836	1276	1.00956	0.00193245
1836	1277	1.00956	0.00193245
1836	1278	1.00956	0.00193245
1836	1279	1.00956	0.00193245
1836	1280	1.00956	0.00193245
1836	1281	1.00956	0.00193245
1836	1282	1.00956	0.00193245
1836	1283	1.00956	0.00193245
1836	1284	1.00956	0.00193245
1836	1285	1.00956	0.00193245
1836	1286	1.00956	0.00193245
1836	1287	1.00956	0.00193245
1836	1288	1.00956	0.00193245
1836	1289	1.00956	0.00193245
1836	1290	1.00956	0.00193245
1836	1291	1.00956	0.00193245
1836	1292	1.00956	0.00193245
1836	1293	1.00956	0.00193245
1836	1294	1.00956	0.00193245
1836	1295	1.00956	0.00193245
1836	1296	1.00956	0.00193245
1836	1297	1.00956	0.00193245
1836	1298	1.00956	0.00193245
1836	1299	1.00956	0.00193245
1836	1300	1.00956	0.00193245
1836	1301	1.00956	0.00193245
1836	1302	1.00956	0.00193245
1836	1303	1.00956	0.00193245
1836	1304	1.00956	0.00193245
1836	1305	1.00956	0.00193245
1836	1306	1.00956	0.00193245
1836	1307	1.00956	0.00193245
1836	1308	1.00956	0.00193245
1836	1309	1.00956	0.00193245
1836	1310	1.00956	0.00193245
1836	1311	1.00956	0.00193245
1836	1312	1.00956	0.00193245
1836	1313	1.00956	0.00193245
1836	1314	1.00956	0.00193245
1836	1315	1.00956	0.00193245
1836	1316	1.00956	0.00193245
1836	1317	1.00956	0.00193245
1836	1318	1.00956	0.00193245
1836	1319	1.00956	0.00193245
1836	1320	1.00956	0.00193245
1836	1321	1.00956	0.00193245
1836	1322	1.00956	0.00193245
1836	1323	1.00956	0.00193245
1836	1324	1.00956	0.00193245
1836	1325	1.00956	0.00193245
1836	1326	1.00956	0.00193245
1836	1327	1.00956	0.00193245
1836	1328	1.00956	0.00193245
1836	1329	1.00956	0.00193245
1836	1330	1.00956	0.00193245
1836	1331	1.00956	0.00193245
1836	1332	1.00956	0.00193245
1836	1333	1.00956	0.00193245
1836	1334	1.00956	0.00193245
1836	1335	1.00956	0.00193245
1836	1336	1.00956	0.00193245
1836	1337	1.00956	0.00193245
1836	1338	1.00956	0.00193245
1836	1339	1.00956	0.00193245
1836	1340	1.00956	0.00193245
1836	1341	1.00956	0.00193245
1836	1342	1.00956	0.00193245
1836	1343	1.00956	0.00193245
1836	1344	1.00956	0.00193245
1836	1345	1.00956	0.00193245
1836	1346	1.00956	0.00193245
1836	1347	1.00956	0.00193245
1836	1348	1.00956	0.00193245
1836	1349	1.00956	0.00193245
1836	1350	1.00956	0.00193245
1836	1351	1.00956	0.00193245
1836	1352	1.00956	0.00193245
1836	1353	1.00956	0.00193245
1836	1354	1.00956	0.00193245
1836	1355	1.00956	0.00193245
1836	1356	1.00956	0.00193245
1836	1357	1.00956	0.00193245
1836	1358	1.00956	0.00193245
1836	1359	1.00956	0.00193245
1836	1360	1.00956	0.00193245
1836	1361	1.00956	0.00193245
1836	1362	1.00956	0.00193245
1836	1363	1.00956	0.00193245
1836	1364	1.00956	0.00193245
1836	1365	1.00956	0.00193245
1836	1366	1.00956	0.00193245
1836	1367	1.00956	0.00193245
1836	1368	1.00956	0.00193245
1836	1369	1.00956	0.00193245
1836	1370	1.00956	0.00193245
1836	1371	1.00956	0.00193245
1836	1372	1.00956	0.00193245
1836	1373	1.00956	0.00193245
1836	1374	1.00956	0.00193245
1836	1375	1.00956	0.00193245
1836	1376	1.00956	0.00193245
1836	1377	1.00956	0.00193245
1836	1378	1.00956	0.00193245
1836	1379	1.00956	0.00193245
1836	1380	1.00956	0.00193245
1836	1381	1.00956	0.00193245
1836	1382	1.00956	0.00193245
1836	1383	1.00956	0.00193245
1836	1384	1.00956	0.00193245
1836	1385	1.00956	0.00193245
1836	1386	1.00956	0.00193245
1836	1387	1.00956	0.00193245
1836	1388	1.00956	0.00193245
1836	1389	1.00956	0.00193245
1836	1390	1.00956	0.00193245
1836	1391	1.00956	0.00193245
1836	1392	1.00956	0.00193245
1836	1393	1.00956	0.00193245
1836	1394	1.00956	0.00193245
1836	1395	1.00956	0.00193245
1836	1396	1.00956	0.00193245
1836	1397	1.00956	0.00193245
1836	1398	1.00956	0.00193245
1836	1399	1.00956	0.00193245
1836	1400	1.00956	0.00193245
1836	1401	1.00956	0.00193245
1836	1402	1.00956	0.00193245
1836	1403	1.00956	0.00193245
1836	1404	1.00956	0.00193245
1836	1405	1.00956	0.00193245
1836	1406	1.00956	0.00193245
1836	1407	1.00956	0.00193245
1836	1408	1.00956	0.00193245
1836	1409	1.00956	0.00193245
1836	1410	1.00956	0.00193245
1836	1411	1.00956	0.00193245
1836	1412	1.00956	0.00193245
1836	1413	1.00956	0.00193245
1836	1414	1.00956	0.00193245
1836	1415	1.00956	0.00193245
1836	1416	1.00956	0.00193245
1836	1417	1.00956	0.00193245
1836	1418	1.00956	0.00193245
1836	1419	1.00956	0.00193245
1836	1420	1.00956	0.00193245
1836	1421	1.00956	0.00193245
1836	1422	1.00956	0.00193245
1836	1423	1.00956	0.00193245
1836	1424	1.00956	0.00193245
1836	1425	1.00956	0.00193245
1836	1426	1.00956	0.00193245
1836	1427	1.00956	0.00193245
1836	1428	1.00956	0.00193245
1836	1429	1.00956	0.00193245
1836	1430	1.00956	0.00193245
1836	1431	1.00956	0.00193245
1836	1432	1.00956	0.00193245
1836	1433	1.00956	0.00193245
1836	1434	1.00956	0.00193245
1836	1435	1.00956	0.00193245
1836	1436	1.00956	0.00193245
1836	1437	1.00956	0.00193245
1836	1438	1.00956	0.00193245
1836	1439	1.00956	0.00193245
1836	1440	1.00956	0.00193245
1836	1441	1.00956	0.00193245
1836	1442	1.00956	0.00193245
1836	1443	1.00956	0.00193245
1836	1444	1.00956	0.00193245
1836	1445	1.00956	0.00193245
1836	1446	1.00956	0.00193245
1836	1447	1.00956	0.00193245
1836	1448	1.00956	0.00193245
1836	1449	1.00956	0.00193245
1836	1450	1.00956	0.00193245
1836	1451	1.00956	0.00193245
1836	1452	1.00956	0.00193245
1836	1453	1.00956	0.00193245
1836	1454	1.00956	0.00193245
1836	1455	1.00956	0.00193245
1836	1456	1.00956	0.00193245
1836	1457	1.00956	0.00193245
1836	1458	1.00956	0.00193245
1836	1459	1.00956	0.00193245
1836	1460	1.00956	0.00193245
1836	1461	1.00956	0.00193245
1836	1462	1.00956	0.00193245
1836	1463	1.00956	0.00193245
1836	1464	1.00956	0.00193245
1836	1465	1.00956	0.00193245
1836	1466	1.00956	0.00193245
1836	1467	1.00956	0.00193245
1836	1468	1.00956	0.00193245
1836	1469	1.00956	0.00193245
1836	1470	1.00956	0.00193245
1836	1471	1.00956	0.00193245
1836	1472	1.00956	0.00193245
1836	1473	1.00956	0.00193245
1836	1474	1.00956	0.00193245
1836	1475	1.00956	0.00193245
1836	1476	1.00956	0.00193245
1836	1477	1.00956	0.00193245
1836	1478	1.00956	0.00193245
1836	1479	1.00956	0.00193245
1836	1480	1.00956	0.00193245
1836	1481	1.00956	0.00193245
1836	1482	1.00956	0.00193245
1836	1483	1.00956	0.00193245
1836	1484	1.00956	0.00193245
1836	1485	1.00956	0.00193245
1836	1486	1.00956	0.00193245
1836	1487	1.00956	0.00193245
1836	1488	1.00956	0.00193245
1836	1489	1.00956	0.00193245
1836	1490	1.00956	0.00193245
1836	1491	1.00956	0.00193245
1836	1492	1.00956	0.00193245
1836	1493	1.00956	0.00193245
1836	1494	1.00956	0.00193245
1836	1495	1.00956	0.00193245
1836	1496	1.00956	0.00193245
1836	1497	1.00956	0.00193245
1836	1498	1.00956	0.00193245
1836	1499	1.00956	0.00193245
1836	1500	1.00956	0.00193245
1836	1501	1.00956	0.00193245
1836	1502	1.00956	0.00193245
1836	1503	1.00956	0.00193245
1836	1504	1.00956	0.00193245
1836	1505	1.00956	0.00193245
1836	1506	1.00956	0.00193245
1836	1507	1.00956	0.00193245
1836	1508	1.00956	0.00193245
1836	1509	1.00956	0.00193245
1836	1510	1.00956	0.00193245
1836	1511	1.00956	0.00193245
1836	1512	1.00956	0.00193245
1836	1513	1.00956	0.00193245
1836	1514	1.00956	0.00193245
1836	1515	1.00956	0.00193245
1836	1516	1.00956	0.00193245
1836	1517	1.00956	0.00193245
1836	1518	1.00956	0.00193245
1836	1519	1.00956	0.00193245
1836	1520	1.00956	0.00193245
1836	1521	1.00956	0.00193245
1836	1522	1.00956	0.00193245
1836	1523	1.00956	0.00193245
1836	1524	1.00956	0.00193245
1836	1525	1.00956	0.00193245
1836	1526	1.00956	0.00193245
1836	1527	1.00956	0.00193245
1836	1528	1.00956	0.00193245
1836	1529	1.00956	0.00193245
1836	1530	1.00956	0.00193245
1836	1531	1.00956	0.00193245
1836	1532	1.00956	0.00193245
1836	1533	1.00956	0.00193245
1836	1534	1.00956	0.00193245
1836	1535	1.00956	0.00193245
1836	1536	1.00956	0.00193245
1836	1537	1.00956	0.00193245
1836	1538	1.00956	0.00193245
1836	1539	1.00956	0.00193245
1836	1540	1.00956	0.00193245
1836	1541	1.00956	0.00193245
1836	1542	1.00956	0.00193245
1836	1543	1.00956	0.00193245
1836	1544	1.00956	0.00193245
1836	1545	1.00956	0.00193245
1836	1546	1.00956	0.00193245
1836	1547	1.00956	0.00193245
1836	1548	1.00956	0.00193245
1836	1549	1.00956	0.00193245
1836	1550	1.00956	0.00193245
1836	1551	1.00956	0.00193245
1836	1552	1.00956	0.00193245
1836	1553	1.00956	0.00193245
1836	1554	1.00956	0.00193245
1836	1555	1.00956	0.00193245
1836	1556	1.00956	0.00193245
1836	1557	1.00956	0.00193245
1836	1558	1.00956	0.00193245
1836	1559	1.00956	0.00193245
1836	1560	1.00956	0.00193245
1836	1561	1.00956	0.00193245
1836	1562	1.00956	0.00193245
1836	1563	1.00956	0.00193245
1836	1564	1.00956	0.00193245
1836	1565	1.00956	0.00193245
1836	1566	1.00956	0.00193245
1836	1567	1.00956	0.00193245
1836	1568	1.00956	0.00193245
1836	1569	1.00956	0.00193245
1836	1570	1.00956	0.00193245
1836	1571	1.00956	0.00193245
1836	1572	1.00956	0.00193245
1836	1573	1.00956	0.00193245
1836	1574	1.00956	0.00193245
1836	1575	1.00956	0.00193245
1836	1576	1.00956	0.00193245
1836	1577	1.00956	0.00193245
1836	1578	1.00956	0.00193245
1836	1579	1.00956	0.00193245
1836	1580	1.00956	0.00193245
1836	1581	1.00956	0.00193245
1836	1582	1.00956	0.00193245
1836	1583	1.00956	0.00193245
1836	1584	1.00956	0.00193245
1836	1585	1.00956	0.00193245
1836	1586	1.00956	0.00193245
1836	1587	1.00956	0.00193245
1836	1588	1.00956	0.00193245
1836	1589	1.00956	0.00193245
1836	1590	1.00956	0.00193245
1836	1591	1.00956	0.00193245
1836	1592	1.00956	0.00193245
1836	1593	1.00956	0.00193245
1836	1594	1.00956	0.00193245
1836	1595	1.00956	0.00193245
1836	1596	1.00956	0.00193245
1836	1597	1.00956	0.00193245
1836	1598	1.00956	0.00193245
1836	1599	1.00956	0.00193245
1836	1600	1.00956	0.00193245
1836	1601	1.00956	0.00193245
1836	1602	1.00956	0.00193245
1836	1603	1.00956	0.00193245
1836	1604	1.00956	0.00193245
1836	1605	1.00956	0.00193245
1836	1606	1.00956	0.00193245
1836	1607	1.00956	0.00193245
1836	1608	1.00956	0.00193245
1836	1609	1.00956	0.00193245
1836	1610	1.00956	0.00193245
1836	1611	1.00956	0.00193245
1836	1612	1.00956	0.00193245
1836	1613	1.00956	0.00193245
1836	1614	1.00956	0.00193245
1836	1615	1.00956	0.00193245
1836	1616	1.00956	0.00193245
1836	1617	1.00956	0.00193245
1836	1618	1.00956	0.00193245
1836	1619	1.00956	0.00193245
1836	1620	1.00956	0.00193245
1836	1621	1.00956	0.00193245
1836	1622	1.00956	0.00193245
1836	1623	1.00956	0.00193245
1836	1624	1.00956	0.00193245
1836	1625	1.00956	0.00193245
1836	1626	1.00956	0.00193245
1836	1627	1.00956	0.00193245
1836	1628	1.00956	0.00193245
1836	1629	1.00956	0.00193245
1836	1630	1.00956	0.00193245
1836	1631	1.00956	0.00193245
1836	1632	1.00956	0.00193245
1836	1633	1.00956	0.00193245
1836	1634	1.00956	0.00193245
1836	1635	1.00956	0.00193245
1836	1636	1.00956	0.00193245
1836	1637	1.00956	0.00193245
1836	1638	1.00956	0.00193245
1836	1639	1.00956	0.00193245
1836	1640	1.00956	0.00193245
1836	1641	1.00956	0.00193245
1836	1642	1.00956	0.00193245
1836	1643	1.00956	0.00193245
1836	1644	1.00956	0.00193245
1836	1645	1.00956	0.00193245
1836	1646	1.00956	0.00193245
1836	1647	1.00956	0.00193245
1836	1648	1.00956	0.00193245
1836	1649	1.00956	0.00193245
1836	1650	1.00956	0.00193245
1836	1651	1.00956	0.00193245
1836	1652	1.00956	0.00193245
1836	1653	1.00956	0.00193245
1836	1654	1.00956	0.00193245
1836	1655	1.00956	0.00193245
1836	1656	1.00956	0.00193245
1836	1657	1.00956	0.00193245
1836	1658	1.00956	0.00193245
1836	1659	1.00956	0.00193245
1836	1660	1.00956	0.00193245
1836	1661	1.00956	0.00193245
1836	1662	1.00956	0.00193245
1836	1663	1.00956	0.00193245
1836	1664	1.00956	0.00193245
1836	1665	1.00956	0.00193245
1836	1666	1.00956	0.00193245
1836	1667	1.00956	0.00193245
1836	1668	1.00956	0.00193245
1836	1669	1.00956	0.00193245
1836	1670	1.00956	0.00193245
1836	1671	1.00956	0.00193245
1836	1672	1.00956	0.00193245
1836	1673	1.00956	0.00193245
1836	1674	1.00956	0.00193245
1836	1675	1.00956	0.00193245
1836	1676	1.00956	0.00193245
1836	1677	1.00956	0.00193245
1836	1678	1.00956	0.00193245
1836	1679	1.00956	0.00193245
1836	1680	1.00956	0.00193245
1836	1681	1.00956	0.00193245
1836	1682	1.00956	0.00193245
1836	1683	1.00956	0.00193245
1836	1684	1.00956	0.00193245
1836	1685	1.00956	0.00193245
1836	1686	1.00956	0.00193245
1836	1687	1.00956	0.00193245
1836	1688	1.00956	0.00193245
1836	1689	1.00956	0.00193245
1836	1690	1.00956	0.00193245
1836	1691	1.00956	0.00193245
1836	1692	1.00956	0.00193245
1836	1693	1.00956	0.00193245
1836	1694	1.00956	0.00193245
1836	1695	1.00956	0.00193245
1836	1696	1.00956	0.00193245
1836	1697	1.00956	0.00193245
1836	1698	1.00956	0.00193245
1836	1699	1.00956	0.00193245
1836	1700	1.00956	0.00193245
1836	1701	1.00956	0.00193245
1836	1702	1.00956	0.00193245
1836	1703	1.00956	0.00193245
1836	1704	1.00956	0.00193245
1836	1705	1.00956	0.00193245
1836	1706	1.00956	0.00193245
1836	1707	1.00956	0.00193245
1836	1708	1.00956	0.00193245
1836	1709	1.00956	0.00193245
1836	1710	1.00956	0.00193245
1836	1711	1.00956	0.00193245
1836	1712	1.00956	0.00193245
1836	1713	1.00956	0.00193245
1836	1714	1.00956	0.00193245
1836	1715	1.00956	0.00193245
1836	1716	1.00956	0.00193245
1836	1717	1.00956	0.00193245
1836	1718	1.00956	0.00193245
1836	1719	1.00956	0.00193245
1836	1720	1.00956	0.00193245
1836	1721	1.00956	0.00193245
1836	1722	1.00956	0.00193245
1836	1723	1.00956	0.00193245
1836	1724	1.00956	0.00193245
1836	1725	1.00956	0.00193245
1836	1726	1.00956	0.00193245
1836	1727	1.00956	0.00193245
1836	1728	1.00956	0.00193245
1836	1729	1.00956	0.00193245
1836	1730	1.00956	0.00193245
1836	1731	1.00956	0.00193245
1836	1732	1.00956	0.00193245
1836	1733	1.00956	0.00193245
1836	1734	1.00956	0.00193245
1836	1735	1.00956	0.00193245
1836	1736	1.00956	0.00193245
1836	1737	1.00956	0.00193245
1836	1738	1.00956	0.00193245
1836	1739	1.00956	0.00193245
1836	1740	1.00956	0.00193245
1836	1741	1.00956	0.00193245
1836	1742	1.00956	0.00193245
1836	1743	1.00956	0.00193245
1836	1744	1.00956	0.00193245
1836	1745	1.00956	0.00193245
1836	1746	1.00956	0.00193245
1836	1747	1.00956	0.00193245
1836	1748	1.00956	0.00193245
1836	1749	1.00956	0.00193245
1836	1750	1.00956	0.00193245
1836	1751	1.00956	0.00193245
1836	1752	1.00956	0.00193245
1836	1753	1.00956	0.00193245
1836	1754	1.00956	0.00193245
1836	1755	1.00956	0.00193245
1836	1756	1.00956	0.00193245
1836	1757	1.00956	0.00193245
1836	1758	1.00956	0.00193245
1836	1759	1.00956	0.00193245
1836	1760	1.00956	0.00193245
1836	1761	1.00956	0.00193245
1836	1762	1.00956	0.00193245
1836	1763	1.00956	0.00193245
1836	1764	1.00956	0.00193245
1836	1765	1.00956	0.00193245
1836	1766	1.00956	0.00193245
1836	1767	1.00956	0.00193245
1836	1768	1.00956	0.00193245
1836	1769	1.00956	0.00193245
1836	1770	1.00956	0.00193245
1836	1771	1.00956	0.00193245
1836	1772	1.00956	0.00193245
1836	1773	1.00956	0.00193245
1836	1774	1.00956	0.00193245
1836	1775	1.00956	0.00193245
1836	1776	1.00956	0.00193245
1836	1777	1.00956	0.00193245
1836	1778	1.00956	0.00193245
1836	1779	1.00956	0.00193245
1836	1780	1.00956	0.00193245
1836	1781	1.00956	0.00193245
1836	1782	1.00956	0.00193245
1836	1783	1.00956	0.00193245
1836	1784	1.00956	0.00193245
1836	1785	1.00956	0.00193245
1836	1786	1.00956	0.00193245
1836	1787	1.00956	0.00193245
1836	1788	1.00956	0.00193245
1836	1789	1.00956	0.00193245
1836	1790	1.00956	0.00193245
1836	1791	1.00956	0.00193245
1836	1792	1.00956	0.00193245
1836	1793	1.00956	0.00193245
1836	1794	1.00956	0.00193245
1836	1795	1.00956	0.00193245
1836	1796	1.00956	0.00193245
1836	1797	1.00956	0.00193245
1836	1798	1.00956	0.00193245
1836	1799	1.00956	0.00193245
1836	1800	1.00956	0.00193245
1836	1801	1.00956	0.00193245
1836	1802	1.00956	0.00193245
1836	1803	1.00956	0.00193245
1836	1804	1.00956	0.00193245
1836	1805	1.00956	0.00193245
1836	1806	1.00956	0.00193245
1836	1807	1.00956	0.00193245
1836	1808	1.00956	0.00193245
1836	1809	1.00956	0.00193245
1836	1810	1.00956	0.00193245
1836	1811	1.00956	0.00193245
1836	1812	1.00956	0.00193245
1836	1813	1.00956	0.00193245
1836	1814	1.00956	0.00193245
1836	1815	1.00956	0.00193245
1836	1816	1.00956	0.00193245
1836	1817	1.00956	0.00193245
1836	1818	1.00956	0.00193245
1836	1819	1.00956	0.00193245
1836	1820	1.00956	0.00193245
1836	1821	1.00956	0.00193245
1836	1822	1.00956	0.00193245
1836	1823	1.00956	0.00193245
1836	1824	1.00956	0.00193245
1836	1825	1.00956	0.00193245
1836	1826	1.00956	0.00193245
1836	1827	1.00956	0.00193245
1836	1828	1.00956	0.00193245
1836	1829	1.00956	0.00193245
1836	1830	1.00956	0.00193245
1836	1831	1.00956	0.00193245
1836	1832	1.00956	0.00193245
1836	1833	1.00956	0.00193245
1836	1834	1.00956	0.00193245
1836	1835	1.00956	0.00193245
1836	1836	1.00956	0.00193245
1836	1837	1.00956	0.00193245
1836	1838	1.00956	0.00193245
1836	1839	1.00956	0.00193245
1836	1840	1.00956	0.00193245
1836	1841	1.00956	0.00193245
1836	1842	1.00956	0.00193245
1836	1843	1.00956	0.00193245
1836	1844	1.00956	0.00193245
1836	1845	1.00956	0.00193245
1836	1846	1.00956	0.00193245
1836	1847	1.00956	0.00193245
1836	1848	1.00956	0.00193245
1836	1849	1.00956	0.00193245
1836	1850	1.00956	0.00193245
1836	1851	1.00956	0.00193245
1836	1852	1.00956	0.00193245
1836	1853	1.00956	0.00193245
1836	1854	1.00956	0.00193245
1836	1855	1.00956	0.00193245
1836	1856	1.00956	0.00193245
1836	1857	1.00956	0.00193245
1836	1858	1.00956	0.00193245
1836	1859	1.00956	0.00193245
1836	1860	1.00956	0.00193245
1836	1861	1.00956	0.00193245
1836	1862	1.00956	0.00193245
1836	1863	1.00956	0.00193245
1836	1864	1.00956	0.00193245
1836	1865	1.00956	0.00193245
1836	1866	1.00956	0.00193245
1836	1867	1.00956	0.00193245
1836	1868	1.00956	0.00193245
1836	1869	1.00956	0.00193245
1836	1870	1.00956	0.00193245
1836	1871	1.00956	0.00193245
1836	1872	1.00956	0.00193245
1836	1873	1.00956	0.00193245
1836	1874	1.00956	0.00193245
1836	1875	1.00956	0.00193245
1836	1876	1.00956	0.00193245
1836	1877	1.00956	0.00193245
1836	1878	1.00956	0.00193245
1836	1879	1.00956	0.00193245
1836	1880	1.00956	0.00193245
1836	1881	1.00956	0.00193245
1836	1882	1.00956	0.00193245
1836	1883	1.00956	0.00193245
1836	1884	1.00956	0.00193245
1836	1885	1.00956	0.00193245
1836	1886	1.00956	0.00193245
1836	1887	1.00956	0.00193245
1836	1888	1.00956	0.00193245
1836	1889	1.00956	0.00193245
1836	1890	1.00956	0.00193245
1836	1891	1.00956	0.00193245
1836	1892	1.00956	0.00193245
1836	1893	1.00956	0.00193245
1836	1894	1.00956	0.00193245
1836	1895	1.00956	0.00193245
1836	1896	1.00956	0.00193245
1836	1897	1.00956	0.00193245
1836	1898	1.00956	0.00193245
1836	1899	1.00956	0.00193245
1836	1900	1.00956	0.00193245
1836	1901	1.00956	0.00193245
1836	1902	1.00956	0.00193245
1836	1903	1.00956	0.00193245
1836	1904	1.00956	0.00193245
1836	1905	1.00956	0.00193245
1836	1906	1.00956	0.00193245
1836	1907	1.00956	0.00193245
1836	1908	1.00956	0.00193245
1836	1909	1.00956	0.00193245
1836	1910	1.00956	0.00193245
1836	1911	1.00956	0.00193245
1836	1912	1.00956	0.00193245
1836	1913	1.00956	0.00193245
1836	1914	1.00956	0.00193245
1836	1915	1.00956	0.00193245
1836	1916	1.00956	0.00193245
1836	1917	1.00956	0.00193245
1836	1918	1.00956	0.00193245
1836	1919	1.00956	0.00193245
1836	1920	1.00956	0.00193245
1836	1921	1.00956	0.00193245
1836	1922	1.00956	0.00193245
1836	1923	1.00956	0.00193245
1836	1924	1.00956	0.00193245
1836	1925	1.00956	0.00193245
1836	1926	1.00956	0.00193245
1836	1927	1.00956	0.00193245
1836	1928	1.00956	0.00193245
1836	1929	1.00956	0.00193245
1836	1930	1.00956	0.00193245
1836	1931	1.00956	0.00193245
1836	1932	1.00956	0.00193245
1836	1933	1.00956	0.00193245
1836	1934	1.00956	0.00193245
1836	1935	1.00956	0.00193245
1836	1936	1.00956	0.00193245
1836	1937	1.00956	0.00193245
1836	1938	1.00956	0.00193245
1836	1939	1.00956	0.00193245
1836	1940	1.00956	0.00193245
1836	1941	1.00956	0.00193245
1836	1942	1.00956	0.00193245
1836	1943	1.00956	0.00193245
1836	1944	1.00956	0.00193245
1836	1945	1.00956	0.00193245
1836	1946	1.00956	0.00193245
1836	1947	1.00956	0.00193245
1836	1948	1.00956	0.00193245
1836	1949	1.00956	0.00193245
1836	1950	1.00956	0.00193245
1836	1951	1.00956	0.00193245
1836	1952	1.00956	0.00193245
1836	1953	1.00956	0.00193245
1836	1954	1.00956	0.00193245
1836	1955	1.00956	0.00193245
1836	1956	1.00956	0.00193245
1836	1957	1.00956	0.00193245
1836	1958	1.00956	0.00193245
1836	1959	1.00956	0.00193245
1836	1960	1.00956	0.00193245
1836	1961	1.00956	0.00193245
1836	1962	1.00956	0.00193245
1836	1963	1.00956	0.00193245
1836	1964	1.00956	0.00193245
1836	1965	1.00956	0.00193245
1836	1966	1.00956	0.00193245
1836	1967	1.00956	0.00193245
1836	1968	1.00956	0.00193245
1836	1969	1.00956	0.00193245
1836	1970	1.00956	0.00193245
1836	1971	1.00956	0.00193245
1836	1972	1.00956	0.00193245
1836	1973	1.00956	0.00193245
1836	1974	1.00956	0.00193245
1836	1975	1.00956	0.00193245
1836	1976	1.00956	0.00193245
1836	1977	1.00956	0.00193245
1836	1978	1.00956	0.00193245
1836	1979	1.00956	0.00193245
1836	1980	1.00956	0.00193245
1836	1981	1.00956	0.00193245
1836	1982	1.00956	0.00193245
1836	1983	1.00956	0.00193245
1836	1984	1.00956	0.00193245
1836	1985	1.00956	0.00193245
1836	1986	1.00956	0.00193245
1836	1987	1.00956	0.00193245
1836	1988	1.00956	0.00193245
1836	1989	1.00956	0.00193245
1836	1990	1.00956	0.00193245
1836	1991	1.00956	0.00193245
1836	1992	1.00956	0.00193245
1836	1993	1.00956	0.00193245
1836	1994	1.00956	0.00193245
1836	1995	1.00956	0.00193245
1836	1996	1.00956	0.00193245
1836	1997	1.00956	0.00193245
1836	1998	1.00956	0.00193245
1836	1999	1.00956	0.00193245
1836	2000	1.00956	0.00193245
1836	2001	1.00956	0.00193245
1836	2002	1.00956	0.00193245
1836	2003	1.00956	0.00193245
1836	2004	1.00956	0.00193245
1836	2005	1.00956	0.00193245
1836	2006	1.00956	0.00193245
1836	2007	1.00956	0.00193245
1836	2008	1.00956	0.00193245
1836	2009	1.00956	0.00193245
1836	2010	1.00956	0.00193245
1836	2011	1.00956	0.00193245
1836	2012	1.00956	0.00193245
1836	2013	1.00956	0.00193245
1836	2014	1.00956	0.00193245
1836	2015	1.00956	0.00193245
1836	2016	1.00956	0.00193245
1836	2017	1.00956	0.00193245
1836	2018	1.00956	0.00193245
1836	2019	1.00956	0.00193245
1836	2020	1.00956	0.00193245
1836	2021	1.00956	0.00193245
1836	2022	1.00956	0.00193245
1836	2023	1.00956	0.00193245
1836	2024	1.00956	0.00193245
1836	2025	1.00956	0.00193245
1836	2026	1.00956	0.00193245
1836	2027	1.00956	0.00193245
1836	2028	1.00956	0.00193245
1836	2029	1.00956	0.00193245
1836	2030	1.00956	0.00193245
1836	2031	1.00956	0.00193245
1836	2032	1.00956	0.00193245
1836	2033	1.00956	0.00193245
1836	2034	1.00956	0.00193245
1836	2035	1.00956	0.00193245
1836	2036	1.00956	0.00193245
1836	2037	1.00956	0.00193245
1836	2038	1.00956	0.00193245
1836	2039	1.00956	0.00193245
1836	2040	1.00956	0.00193245
1836	2041	1.00956	0.00193245
1836	2042	1.00956	0.00193245
1836	2043	1.00956	0.00193245
1836	2044	1.00956	0.00193245
1836	2045	1.00956	0.00193245
1836	2046	1.00956	0.00193245
1836	2047	1.00956	0.00193245
1836	2048	1.00956	0.00193245
1836	2049	1.00956	0.00193245
1836	2050	1.00956	0.00193245
1836	2051	1.00956	0.00193245
1836	2052	1.00956	0.00193245
1836	2053	1.00956	0.00193245
1836	2054	1.00956	0.00193245
1836	2055	1.00956	0.00193245
1836	2056	1.00956	0.00193245
1836	2057	1.00956	0.00193245
1836	2058	1.00956	0.00193245
1836	2059	1.00956	0.00193245
1836	2060	1.00956	0.00193245
1836	2061	1.00956	0.00193245
1836	2062	1.00956	0.00193245
1836	2063	1.00956	0.00193245
1836	2064	1.00956	0.00193245
1836	2065	1.00956	0.00193245
1836	2066	1.00956	0.00193245
1836	2067	1.00956	0.00193245
1836	2068	1.00956	0.00193245
1836	2069	1.00956	0.00193245
1836	2070	1.00956	0.00193245
1836	2071	1.00956	0.00193245
1836	2072	1.00956	0.00193245
1836	2073	1.00956	0.00193245
1836	2074	1.00956	0.00193245
1836	2075	1.00956	0.00193245
1836	2076	1.00956	0.00193245
1836	2077	1.00956	0.00193245
1836	2078	1.00956	0.00193245
1836	2079	1.00956	0.00193245
1836	2080	1.00956	0.00193245
1836	2081	1.00956	0.00193245
1836	2082	1.00956	0.00193245
1836	2083	1.00956	0.00193245
1836	2084	1.00956	0.00193245
1836	2085	1.00956	0.00193245
1836	2086	1.00956	0.00193245
1836	2087	1.00956	0.00193245
1836	2088	1.00956	0.00193245
1836	2089	1.00956	0.00193245
1836	2090	1.00956	0.00193245
1836	2091	1.00956	0.00193245
1836	2092	1.00956	0.00193245
1836	2093	1.00956	0.00193245
1836	2094	1.00956	0.00193245
1836	2095	1.00956	0.00193245
1836	2096	1.00956	0.00193245
1836	2097	1.00956	0.00193245
1836	2098	1.00956	0.00193245
1836	2099	1.00956	0.00193245
1836	2100	1.00956	0.00193245
1836	2101	1.00956	0.00193245
1836	2102	1.00956	0.00193245
1836	2103	1.00956	0.00193245
1836	2104	1.00956	0.00193245
1836	2105	1.00956	0.00193245
1836	2106	1.00956	0.00193245
1836	2107	1.00956	0.00193245
1836	2108	1.00956	0.00193245
1836	2109	1.00956	0.00193245
1836	2110	1.00956	0.00193245
1836	2111	1.00956	0.00193245
1836	2112	1.00956	0.00193245
1836	2113	1.00956	0.00193245
1836	2114	1.00956	0.00193245
1836	2115	1.00956	0.00193245
1836	2116	1.00956	0.00193245
1836	2117	1.00956	0.00193245
1836	2118	1.00956	0.00193245
1836	2119	1.00956	0.00193245
1836	2120	1.00956	0.00193245
1836	2121	1.00956	0.00193245
1836	2122	1.00956	0.00193245
1836	2123	1.00956	0.00193245
1836	2124	1.00956	0.00193245
1836	2125	1.00956	0.00193245
1836	2126	1.00956	0.00193245
1836	2127	1.00956	0.00193245
1836	2128	1.00956	0.00193245
1836	2129	1.00956	0.00193245
1836	2130	1.00956	0.00193245
1836	2131	1.00956	0.00193245
1836	2132	1.00956	0.00193245
1836	2133	1.00956	0.00193245
1836	2134	1.00956	0.00193245
1836	2135	1.00956	0.00193245
1836	2136	1.00956	0.00193245
1836	2137	1.00956	0.00193245
1836	2138	1.00956	0.00193245
1836	2139	1.00956	0.00193245
1836	2140	1.00956	0.00193245
1836	2141	1.00956	0.00193245
1836	2142	1.00956	0.00193245
1836	2143	1.00956	0.00193245
1836	2144	1.00956	0.00193245
1836	2145	1.00956	0.00193245
1836	2146	1.00956	0.00193245
1836	2147	1.00956	0.00193245
1836	2148	1.00956	0.00193245
1836	2149	1.00956	0.00193245
1836	2150	1.00956	0.00193245
1836	2151	1.00956	0.00193245
1836	2152	1.00956	0.00193245
1836	2153	1.00956	0.00193245
1836	2154	1.00956	0.00193245
1836	2155	1.00956	0.00193245
1836	2156	1.00956	0.00193245
1836	2157	1.00956	0.00193245
1836	2158	1.00956	0.00193245
1836	2159	1.00956	0.00193245
1836	2160	1.00956	0.00193245
1836	2161	1.00956	0.00193245
1836	2162	1.00956	0.00193245
1836	2163	1.00956	0.00193245
1836	2164	1.00956	0.00193245
1836	2165	1.00956	0.00193245
1836	2166	1.00956	0.00193245
1836	2167	1.00956	0.00193245
1836	2168	1.00956	0.00193245
1836	2169	1.00956	0.00193245
1836	2170	1.00956	0.00193245
1836	2171	1.00956	0.00193245
1836	2172	1.00956	0.00193245
1836	2173	1.00956	0.00193245
1836	2174	1.00956	0.00193245
1836	2175	1.00956	0.00193245
1836	2176	1.00956	0.00193245
1836	2177	1.00956	0.00193245
1836	2178	1.00956	0.00193245
1836	2179	1.00956	0.00193245
1836	2180	1.00956	0.00193245
1836	2181	1.00956	0.00193245
1836	2182	1.00956	0.00193245
1836	2183	1.00956	0.00193245
1836	2184	1.00956	0.00193245
1836	2185	1.00956	0.00193245
1836	2186	1.00956	0.00193245
1836	2187	1.00956	0.00193245
1836	2188	1.00956	0.00193245
1836	2189	1.00956	0.00193245
1836	2190	1.00956	0.00193245
1836	2191	1.00956	0.00193245
1836	2192	1.00956	0.00193245
1836	2193	1.00956	0.00193245
1836	2194	1.00956	0.00193245
1836	2195	1.00956	0.00193245
1836	2196	1.00956	0.00193245
1836	2197	1.00956	0.00193245
1836	2198	1.00956	0.00193245
1836	2199	1.00956	0.00193245
1836	2200	1.00956	0.00193245
1836	2201	1.00956	0.00193245
1836	2202	1.00956	0.00193245
1836	2203	1.00956	0.00193245
1836	2204	1.00956	0.00193245
1836	2205	1.00956	0.00193245
1836	2206	1.00956	0.00193245
1836	2207	1.00956	0.00193245
1836	2208	1.00956	0.00193245
1836	2209	1.00956	0.00193245
1836	2210	1.00956	0.00193245
1836	2211	1.00956	0.00193245
1836	2212	1.00956	0.00193245
1836	2213	1.00956	0.00193245
1836	2214	1.00956	0.00193245
1836	2215	1.00956	0.00193245
1836	2216	1.00956	0.00193245
1836	2217	1.00956	0.00193245
1836	2218	1.00956	0.00193245
1836	2219	1.00956	0.00193245
1836	2220	1.00956	0.00193245
1836	2221	1.00956	0.00193245
1836	2222	1.01327	0.00197155
1836	2223	1.01327	0.00197155
1836	2224	1.01327	0.00197155
1836	2225	1.01327	0.00197155
1836	2226	1.01327	0.00197155
1836	2227	1.01327	0.00197155
1836	2228	1.01327	0.00197155
1836	2229	1.01327	0.00197155
1836	2230	1.01327	0.00197155
1836	2231	1.01327	0.00197155
1836	2232	1.01327	0.00197155
1836	2233	1.01327	0.00197155
1836	2234	1.01327	0.00197155
1836	2235	1.01327	0.00197155
1836	2236	1.01327	0.00197155
1836	2237	1.01327	0.00197155
1836	2238	1.01327	0.00197155
1836	2239	1.01327	0.00197155
1836	2240	1.01327	0.00197155
1836	2241	1.01327	0.00197155
1836	2242	1.01327	0.00197155
1836	2243	1.01327	0.00197155
1836	2244	1.01327	0.00197155
1836	2245	1.01327	0.00197155
1836	2246	1.01327	0.00197155
1836	2247	1.01327	0.00197155
1836	2248	1.01327	0.00197155
1836	2249	1.01327	0.00197155
1836	2250	1.01327	0.00197155
1836	2251	1.01327	0.00197155
1836	2252	1.01327	0.00197155
1836	2253	1.01327	0.00197155
1836	2254	1.01327	0.00197155
1836	2255	1.01327	0.00197155
1836	2256	1.01327	0.00197155
1836	2257	1.01327	0.00197155
1836	2258	1.01327	0.00197155
1836	2259	1.01327	0.00197155
1836	2260	1.01327	0.00197155
1836	2261	1.01327	0.00197155
1836	2262	1.01327	0.00197155
1836	2263	1.01327	0.00197155
1836	2264	1.01327	0.00197155
1836	2265	1.01327	0.00197155
1836	2266	1.01327	0.00197155
1836	2267	1.01327	0.00197155
1836	2268	1.01327	0.00197155
1836	2269	1.01327	0.00197155
1836	2270	1.01327	0.00197155
1836	2271	1.01327	0.00197155
1836	2272	1.01327	0.00197155
1836	2273	1.01327	0.00197155
1836	2274	1.01327	0.00197155
1836	2275	1.01327	0.00197155
1836	2276	1.01327	0.00197155
1836	2277	1.01327	0.00197155
1836	2278	1.01327	0.00197155
1836	2279	1.01327	0.00197155
1836	2280	1.01327	0.00197155
1836	2281	1.01327	0.00197155
1836	2282	1.01327	0.00197155
1836	2283	1.01327	0.00197155
1836	2284	1.01327	0.00197155
1836	2285	1.01327	0.00197155
1836	2286	1.01327	0.00197155
1836	2287	1.01327	0.00197155
1836	2288	1.01327	0.00197155
1836	2289	1.01327	0.00197155
1836	2290	1.01327	0.00197155
1836	2291	1.01327	0.00197155
1836	2292	1.01327	0.00197155
1836	2293	1.01327	0.00197155
1836	2294	1.01327	0.00197155
1836	2295	1.01327	0.00197155
1836	2296	1.01327	0.00197155
1836	2297	1.01327	0.00197155
1836	2298	1.01327	0.00197155
1836	2299	1.01327	0.00197155
1836	2300	1.01327	0.00197155
1836	2301	1.01327	0.00197155
1836	2302	1.01327	0.00197155
1836	2303	1.01327	0.00197155
1836	2304	1.01327	0.00197155
1836	2305	1.01327	0.00197155
1836	2306	1.01327	0.00197155
1836	2307	1.01327	0.00197155
1836	2308	1.01327	0.00197155
1836	2309	1.01327	0.00197155
1836	2310	1.01327	0.00197155
1836	2311	1.01327	0.00197155
1836	2312	1.01327	0.00197155
1836	2313	1.01327	0.00197155
1836	2314	1.01327	0.00197155
1836	2315	1.01327	0.00197155
1836	2316	1.01327	0.00197155
1836	2317	1.01327	0.00197155
1836	2318	1.01327	0.00197155
1836	2319	1.01327	0.00197155
1836	2320	1.01327	0.00197155
1836	2321	1.01327	0.00197155
1836	2322	1.01327	0.00197155
1836	2323	1.01327	0.00197155
1836	2324	1.01327	0.00197155
1836	2325	1.01327	0.00197155
1836	2326	1.01327	0.00197155
1836	2327	1.01327	0.00197155
1836	2328	1.01327	0.00197155
1836	2329	1.01327	0.00197155
1836	2330	1.01327	0.00197155
1836	2331	1.01327	0.00197155
1836	2332	1.01327	0.00197155
1836	2333	1.01327	0.00197155
1836	2334	1.01327	0.00197155
1836	2335	1.01327	0.00197155
1836	2336	1.01327	0.00197155
1836	2337	1.01327	0.00197155
1836	2338	1.01327	0.00197155
1836	2339	1.01327	0.00197155
1836	2340	1.01327	0.00197155
1836	2341	1.01327	0.00197155
1836	2342	1.01327	0.00197155
1836	2343	1.01327	0.00197155
1836	2344	1.01327	0.00197155
1836	2345	1.01327	0.00197155
1836	2346	1.01327	0.00197155
1836	2347	1.01327	0.00197155
1836	2348	1.01327	0.00197155
1836	2349	1.01327	0.00197155
1836	2350	1.01327	0.00197155
1836	2351	1.01327	0.00197155
1836	2352	1.01327	0.00197155
1836	2353	1.01327	0.00197155
1836	2354	1.01327	0.00197155
1836	2355	1.01327	0.00197155
1836	2356	1.01327	0.00197155
1836	2357	1.01327	0.00197155
1836	2358	1.01327	0.00197155
1836	2359	1.01327	0.00197155
1836	2360	1.01327	0.00197155
1836	2361	1.01327	0.00197155
1836	2362	1.01327	0.00197155
1836	2363	1.01327	0.00197155
1836	2364	1.01327	0.00197155
1836	2365	1.01327	0.00197155
1836	2366	1.01327	0.00197155
1836	2367	1.01327	0.00197155
1836	2368	1.01327	0.00197155
1836	2369	1.01327	0.00197155
1836	2370	1.01327	0.00197155
1836	2371	1.01327	0.00197155
1836	2372	1.01327	0.00197155
1836	2373	1.01327	0.00197155
1836	2374	1.01327	0.00197155
1836	2375	1.01327	0.00197155
1836	2376	1.01327	0.00197155
1836	2377	1.01327	0.00197155
1836	2378	1.01327	0.00197155
1836	2379	1.01327	0.00197155
1836	2380	1.01327	0.00197155
1836	2381	1.01327	0.00197155
1836	2382	1.01327	0.00197155
1836	2383	1.01327	0.00197155
1836	2384	1.01327	0.00197155
1836	2385	1.01327	0.00197155
1836	2386	1.01327	0.00197155
1836	2387	1.01327	0.00197155
1836	2388	1.01327	0.00197155
1836	2389	1.01327	0.00197155
1836	2390	1.01327	0.00197155
1836	2391	1.01327	0.00197155
1836	2392	1.01327	0.00197155
1836	2393	1.01327	0.00197155
1836	2394	1.01327	0.00197155
1836	2395	1.01327	0.00197155
1836	2396	1.01327	0.00197155
1836	2397	1.01327	0.00197155
1836	2398	1.01327	0.00197155
1836	2399	1.01327	0.00197155
1836	2400	1.01327	0.00197155
1836	2401	1.01327	0.00197155
1836	2402	1.01327	0.00197155
1836	2403	1.01327	0.00197155
1836	2404	1.01327	0.00197155
1836	2405	1.01327	0.00197155
1836	2406	1.01327	0.00197155
1836	2407	1.01327	0.00197155
1836	2408	1.01327	0.00197155
1836	2409	1.01327	0.00197155
1836	2410	1.01327	0.00197155
1836	2411	1.01327	0.00197155
1836	2412	1.01327	0.00197155
1836	2413	1.01327	0.00197155
1836	2414	1.01327	0.00197155
1836	2415	1.01327	0.00197155
1836	2416	1.01327	0.00197155
1836	2417	1.01327	0.00197155
1836	2418	1.01327	0.00197155
1836	2419	1.01327	0.00197155
1836	2420	1.01327	0.00197155
1836	2421	1.01327	0.00197155
1836	2422	1.01327	0.00197155
1836	2423	1.01327	0.00197155
1836	2424	1.01327	0.00197155
1836	2425	1.01327	0.00197155
1836	2426	1.01327	0.00197155
1836	2427	1.01327	0.00197155
1836	2428	1.01327	0.00197155
1836	2429	1.01327	0.00197155
1836	2430	1.01327	0.00197155
1836	2431	1.01327	0.00197155
1836	2432	1.01327	0.00197155
1836	2433	1.01327	0.00197155
1836	2434	1.01327	0.00197155
1836	2435	1.01327	0.00197155
1836	2436	1.01327	0.00197155
1836	2437	1.01327	0.00197155
1836	2438	1.01327	0.00197155
1836	2439	1.01327	0.00197155
1836	2440	1.01327	0.00197155
1836	2441	1.01327	0.00197155
1836	2442	1.01327	0.00197155
1836	2443	1.01327	0.00197155
1836	2444	1.01327	0.00197155
1836	2445	1.01327	0.00197155
1836	2446	1.01327	0.00197155
1836	2447	1.01327	0.00197155
1836	2448	1.01327	0.00197155
1836	2449	1.01327	0.00197155
1836	2450	1.01327	0.00197155
1836	2451	1.01327	0.00197155
1836	2452	1.01327	0.00197155
1836	2453	1.01327	0.00197155
1836	2454	1.01327	0.00197155
1836	2455	1.01327	0.00197155
1836	2456	1.01327	0.00197155
1836	2457	1.01327	0.00197155
1836	2458	1.01327	0.00197155
1836	2459	1.01327	0.00197155
1836	2460	1.01327	0.00197155
1836	2461	1.01327	0.00197155
1836	2462	1.01327	0.00197155
1836	2463	1.01327	0.00197155
1836	2464	1.01327	0.00197155
1836	2465	1.01327	0.00197155
1836	2466	1.01327	0.00197155
1836	2467	1.01327	0.00197155
1836	2468	1.01327	0.00197155
1836	2469	1.01327	0.00197155
1836	2470	1.01327	0.00197155
1836	2471	1.01327	0.00197155
1836	2472	1.01327	0.00197155
1836	2473	1.01327	0.00197155
1836	2474	1.01327	0.00197155
1836	2475	1.01327	0.00197155
1836	2476	1.01327	0.00197155
1836	2477	1.01327	0.00197155
1836	2478	1.01327	0.00197155
1836	2479	1.01327	0.00197155
1836	2480	1.01327	0.00197155
1836	2481	1.01327	0.00197155
1836	2482	1.01327	0.00197155
1836	2483	1.01327	0.00197155
1836	2484	1.01327	0.00197155
1836	2485	1.01327	0.00197155
1836	2486	1.01327	0.00197155
1836	2487	1.01327	0.00197155
1836	2488	1.01327	0.00197155
1836	2489	1.01327	0.00197155
1836	2490	1.01327	0.00197155
1836	2491	1.01327	0.00197155
1836	2492	1.01327	0.00197155
1836	2493	1.01327	0.00197155
1836	2494	1.01327	0.00197155
1836	2495	1.01327	0.00197155
1836	2496	1.01327	0.00197155
1836	2497	1.01327	0.00197155
1836	2498	1.01327	0.00197155
1836	2499	1.01327	0.00197155
1836	2500	1.01327	0.00197155
1836	2501	1.01327	0.00197155
1836	2502	1.01327	0.00197155
1836	2503	1.01327	0.00197155
1836	2504	1.01327	0.00197155
1836	2505	1.01327	0.00197155
1836	2506	1.01327	0.00197155
1836	2507	1.01327	0.00197155
1836	2508	1.01327	0.00197155
1836	2509	1.01327	0.00197155
1836	2510	1.01327	0.00197155
1836	2511	1.01327	0.00197155
1836	2512	1.01327	0.00197155
1836	2513	1.01327	0.00197155
1836	2514	1.01327	0.00197155
1836	2515	1.01327	0.00197155
1836	2516	1.01327	0.00197155
1836	2517	1.01327	0.00197155
1836	2518	1.01327	0.00197155
1836	2519	1.01327	0.00197155
1836	2520	1.01327	0.00197155
1836	2521	1.01327	0.00197155
1836	2522	1.01327	0.00197155
1836	2523	1.01327	0.00197155
1836	2524	1.01327	0.00197155
1836	2525	1.01327	0.00197155
1836	2526	1.01327	0.00197155
1836	2527	1.01327	0.00197155
1836	2528	1.01327	0.00197155
1836	2529	1.01327	0.00197155
1836	2530	1.01327	0.00197155
1836	2531	1.01327	0.00197155
1836	2532	1.01327	0.00197155
1836	2533	1.01327	0.00197155
1836	2534	1.01327	0.00197155
1836	2535	1.01327	0.00197155
1836	2536	1.01327	0.00197155
1836	2537	1.01327	0.00197155
1836	2538	1.01327	0.00197155
1836	2539	1.01327	0.00197155
1836	2540	1.01327	0.00197155
1836	2541	1.01327	0.00197155
1836	2542	1.01327	0.00197155
1836	2543	1.01327	0.00197155
1836	2544	1.01327	0.00197155
1836	2545	1.01327	0.00197155
1836	2546	1.01327	0.00197155
1836	2547	1.01327	0.00197155
1836	2548	1.01327	0.00197155
1836	2549	1.01327	0.00197155
1836	2550	1.01327	0.00197155
1836	2551	1.01327	0.00197155
1836	2552	1.01327	0.00197155
1836	2553	1.01327	0.00197155
1836	2554	1.01327	0.00197155
1836	2555	1.01327	0.00197155
1836	2556	1.01327	0.00197155
1836	2557	1.01327	0.00197155
1836	2558	1.01327	0.00197155
1836	2559	1.01327	0.00197155
1836	2560	1.01327	0.00197155
1836	2561	1.01327	0.00197155
1836	2562	1.01327	0.00197155
1836	2563	1.01327	0.00197155
1836	2564	1.01327	0.00197155
1836	2565	1.01327	0.00197155
1836	2566	1.01327	0.00197155
1836	2567	1.01327	0.00197155
1836	2568	1.01327	0.00197155
1836	2569	1.01327	0.00197155
1836	2570	1.01327	0.00197155
1836	2571	1.01327	0.00197155
1836	2572	1.01327	0.00197155
1836	2573	1.01327	0.00197155
1836	2574	1.01327	0.00197155
1836	2575	1.01327	0.00197155
1836	2576	1.01327	0.00197155
1836	2577	1.01327	0.00197155
1836	2578	1.01327	0.00197155
1836	2579	1.01327	0.00197155
1836	2580	1.01327	0.00197155
1836	2581	1.01327	0.00197155
1836	2582	1.01327	0.00197155
1836	2583	1.01327	0.00197155
1836	2584	1.01327	0.00197155
1836	2585	1.01327	0.00197155
1836	2586	1.01327	0.00197155
1836	2587	1.01327	0.00197155
1836	2588	1.01327	0.00197155
1836	2589	1.01327	0.00197155
1836	2590	1.01327	0.00197155
1836	2591	1.01327	0.00197155
1836	2592	1.01327	0.00197155
1836	2593	1.01327	0.00197155
1836	2594	1.01327	0.00197155
1836	2595	1.01327	0.00197155
1836	2596	1.01327	0.00197155
1836	2597	1.01327	0.00197155
1836	2598	1.01327	0.00197155
1836	2599	1.01327	0.00197155
1836	2600	1.01327	0.00197155
1836	2601	1.01327	0.00197155
1836	2602	1.01327	0.00197155
1836	2603	1.01327	0.00197155
1836	2604	1.01327	0.00197155
1836	2605	1.01327	0.00197155
1836	2606	1.01327	0.00197155
1836	2607	1.01327	0.00197155
1836	2608	1.01327	0.00197155
1836	2609	1.01327	0.00197155
1836	2610	1.01327	0.00197155
1836	2611	1.01327	0.00197155
1836	2612	1.01327	0.00197155
1836	2613	1.01327	0.00197155
1836	2614	1.01327	0.00197155
1836	2615	1.01327	0.00197155
1836	2616	1.01327	0.00197155
1836	2617	1.01327	0.00197155
1836	2618	1.01327	0.00197155
1836	2619	1.01327	0.00197155
1836	2620	1.01327	0.00197155
1836	2621	1.01327	0.00197155
1836	2622	1.01327	0.00197155
1836	2623	1.01327	0.00197155
1836	2624	1.01327	0.00197155
1836	2625	1.01327	0.00197155
1836	2626	1.01327	0.00197155
1836	2627	1.01327	0.00197155
1836	2628	1.01327	0.00197155
1836	2629	1.01327	0.00197155
1836	2630	1.01327	0.00197155
1836	2631	1.01327	0.00197155
1836	2632	1.01327	0.00197155
1836	2633	1.01327	0.00197155
1836	2634	1.01327	0.00197155
1836	2635	1.01327	0.00197155
1836	2636	1.01327	0.00197155
1836	2637	1.01327	0.00197155
1836	2638	1.01327	0.00197155
1836	2639	1.01327	0.00197155
1836	2640	1.01327	0.00197155
1836	2641	1.01327	0.00197155
1836	2642	1.01327	0.00197155
1836	2643	1.01327	0.00197155
1836	2644	1.01327	0.00197155
1836	2645	1.01327	0.00197155
1836	2646	1.01327	0.00197155
1836	2647	1.01327	0.00197155
1836	2648	1.01327	0.00197155
1836	2649	1.01327	0.00197155
1836	2650	1.01327	0.00197155
1836	2651	1.01327	0.00197155
1836	2652	1.01327	0.00197155
1836	2653	1.01327	0.00197155
1836	2654	1.01327	0.00197155
1836	2655	1.01327	0.00197155
1836	2656	1.01327	0.00197155
1836	2657	1.01327	0.00197155
1836	2658	1.01327	0.00197155
1836	2659	1.01327	0.00197155
1836	2660	1.01327	0.00197155
1836	2661	1.01327	0.00197155
1836	2662	1.01327	0.00197155
1836	2663	1.01327	0.00197155
1836	2664	1.01327	0.00197155
1836	2665	1.01327	0.00197155
1836	2666	1.01327	0.00197155
1836	2667	1.01327	0.00197155
1836	2668	1.01327	0.00197155
1836	2669	1.01327	0.00197155
1836	2670	1.01327	0.00197155
1836	2671	1.01327	0.00197155
1836	2672	1.01327	0.00197155
1836	2673	1.01327	0.00197155
1836	2674	1.01327	0.00197155
1836	2675	1.01327	0.00197155
1836	2676	1.01327	0.00197155
1836	2677	1.01327	0.00197155
1836	2678	1.01327	0.00197155
1836	2679	1.01327	0.00197155
1836	2680	1.01327	0.00197155
1836	2681	1.01327	0.00197155
1836	2682	1.01327	0.00197155
1836	2683	1.01327	0.00197155
1836	2684	1.01327	0.00197155
1836	2685	1.01327	0.00197155
1836	2686	1.01327	0.00197155
1836	2687	1.01327	0.00197155
1836	2688	1.01327	0.00197155
1836	2689	1.01327	0.00197155
1836	2690	1.01327	0.00197155
1836	2691	1.01327	0.00197155
1836	2692	1.01327	0.00197155
1836	2693	1.01327	0.00197155
1836	2694	1.01327	0.00197155
1836	2695	1.01327	0.00197155
1836	2696	1.01327	0.00197155
1836	2697	1.01327	0.00197155
1836	2698	1.01327	0.00197155
1836	2699	1.01327	0.00197155
1836	2700	1.01327	0.00197155
1836	2701	1.01327	0.00197155
1836	2702	1.01327	0.00197155
1836	2703	1.01327	0.00197155
1836	2704	1.01327	0.00197155
1836	2705	1.01327	0.00197155
1836	2706	1.01327	0.00197155
1836	2707	1.01327	0.00197155
1836	2708	1.01327	0.00197155
1836	2709	1.01327	0.00197155
1836	2710	1.01327	0.00197155
1836	2711	1.01327	0.00197155
1836	2712	1.01327	0.00197155
1836	2713	1.01327	0.00197155
1836	2714	1.01327	0.00197155
1836	2715	1.01327	0.00197155
1836	2716	1.01327	0.00197155
1836	2717	1.01327	0.00197155
1836	2718	1.01327	0.00197155
1836	2719	1.01327	0.00197155
1836	2720	1.01327	0.00197155
1836	2721	1.01327	0.00197155
1836	2722	1.01327	0.00197155
1836	2723	1.01327	0.00197155
1836	2724	1.01327	0.00197155
1836	2725	1.01327	0.00197155
1836	2726	1.01327	0.00197155
1836	2727	1.01327	0.00197155
1836	2728	1.01327	0.00197155
1836	2729	1.01327	0.00197155
1836	2730	1.01327	0.00197155
1836	2731	1.01327	0.00197155
1836	2732	1.01327	0.00197155
1836	2733	1.01327	0.00197155
1836	2734	1.01327	0.00197155
1836	2735	1.01327	0.00197155
1836	2736	1.01327	0.00197155
