1609 63
1785 58 59
1788 63 
1790 58 59
1807 58 59 63
1809 63
1810 63
1811 63
1812 63
1813 63
1814 63
1815 10 11 58 59 63
1817 58 59
1828 58 59
1837 10 11
1843 58 59
1850 58 59
1878 10 11 58 59
1879 58 59
1909 10 11 39 40 58 59
1910 58 59
1912 58 59
1914 58 59
1916 10 11 58 59
1920 58 59
1922 58 59
1923 10 11 58 59
1924 58 59
1932 10 11 58 59
1935 10 11
1936 10 11
1940 10 11 58 59
1942 10 11
1944 10 11 58 59
1949 58 59
1950 10 11 58 59
1952 10 11 58 59
2100 58 59
2114 58 59
2138 58 59
2147 58 59
2157 58 59
2158 10 11
2170 10 11
2174 58 59
2181 10 11 58 59
2189 10 11 58 59
2193 58 59
2195 10 11 58 59
2196 10 11 58 59
2197 58 59
2199 58 59
2259 58 59
2278 10 11
2283 10 11
2290 58 59
